1 0.246875 0.69375 0.0953125 0.2140625
0 0.23125 0.6046875 0.0296875 0.0296875
1 0.4265625 0.696875 0.0796875 0.1078125
0 0.4265625 0.6546875 0.01875 0.0203125
1 0.4984375 0.74375 0.1421875 0.378125
0 0.5125 0.58125 0.0515625 0.0484375
1 0.728125 0.7796875 0.159375 0.434375
0 0.6875 0.6046875 0.065625 0.0796875
1 0.790625 0.6859375 0.090625 0.2453125
0 0.7953125 0.584375 0.025 0.03125
1 0.7453125 0.6890625 0.0671875 0.2203125
0 0.7484375 0.5984375 0.021875 0.0296875
1 0.54375 0.7265625 0.11875 0.259375
0 0.525 0.6140625 0.03125 0.0328125
1 0.5921875 0.7421875 0.046875 0.115625
0 0.6015625 0.6984375 0.0171875 0.021875
1 0.5609375 0.6625 0.0453125 0.128125
0 0.565625 0.6125 0.0140625 0.0171875
1 0.63125 0.65625 0.0390625 0.0609375
0 0.6203125 0.634375 0.009375 0.0109375
1 0.6421875 0.6390625 0.021875 0.084375
0 0.6390625 0.60625 0.0109375 0.0109375
1 0.6515625 0.634375 0.04375 0.09375
0 0.6578125 0.5984375 0.009375 0.0140625
1 0.8390625 0.6390625 0.03125 0.090625
0 0.8421875 0.6015625 0.0109375 0.0109375
1 0.859375 0.6734375 0.021875 0.15625
0 0.8640625 0.6078125 0.0125 0.0203125
1 0.85625 0.634375 0.0296875 0.0859375
0 0.8578125 0.5953125 0.009375 0.0109375
1 0.565625 0.5296875 0.0140625 0.0359375
0 0.565625 0.515625 0.0046875 0.0046875