1 0.0703125 0.5453125 0.1375 0.5671875
0 0.028125 0.315625 0.0515625 0.0828125
1 0.378125 0.565625 0.16875 0.5296875
0 0.3734375 0.34375 0.0578125 0.075
1 0.5265625 0.515625 0.1625 0.521875
0 0.528125 0.303125 0.0625 0.0796875
1 0.49375 0.5640625 0.23125 0.5296875
0 0.5046875 0.3546875 0.0921875 0.11875
1 0.6703125 0.5625 0.2 0.5328125
0 0.6625 0.3375 0.071875 0.090625
1 0.8828125 0.5453125 0.228125 0.5671875
0 0.896875 0.30625 0.0796875 0.0859375
1 0.95 0.553125 0.0953125 0.5546875
0 0.98125 0.3375 0.0328125 0.0875