1 0.953125 0.5421875 0.06875 0.125
0 0.9671875 0.4921875 0.01875 0.0203125
1 0.9515625 0.5890625 0.053125 0.171875
0 0.959375 0.525 0.021875 0.025
1 0.88125 0.5796875 0.04375 0.14375
0 0.88125 0.5203125 0.01875 0.021875
1 0.5859375 0.4125 0.0375 0.0578125
0 0.59375 0.3921875 0.0109375 0.0125
1 0.603125 0.4265625 0.021875 0.0703125
0 0.603125 0.3984375 0.009375 0.0109375
1 0.6125 0.4234375 0.0328125 0.06875
0 0.6046875 0.3953125 0.009375 0.009375
1 0.55 0.41875 0.0265625 0.0703125
0 0.5546875 0.390625 0.009375 0.0125
1 0.475 0.3921875 0.04375 0.0375
0 0.4875 0.3796875 0.0078125 0.00625
1 0.13125 0.5890625 0.0453125 0.1609375
0 0.125 0.521875 0.0203125 0.025
1 0.9828125 0.5796875 0.028125 0.1546875
0 0.99375 0.515625 0.00625 0.025