1 0.8859375 0.7140625 0.203125 0.31875
0 0.8984375 0.5875 0.0515625 0.0546875
1 0.8375 0.678125 0.109375 0.275
0 0.8484375 0.5625 0.040625 0.040625
1 0.3796875 0.7890625 0.14375 0.1671875
0 0.4 0.7390625 0.0546875 0.0640625
1 0.5109375 0.7546875 0.128125 0.2359375
0 0.5109375 0.6671875 0.0453125 0.0546875
1 0.45 0.7 0.0984375 0.2296875
0 0.4578125 0.6109375 0.0328125 0.040625
1 0.55625 0.684375 0.1046875 0.2515625
0 0.56875 0.5859375 0.025 0.0296875
1 0.6078125 0.63125 0.0953125 0.246875
0 0.61875 0.525 0.028125 0.03125
1 0.6609375 0.5984375 0.0609375 0.175
0 0.6578125 0.5296875 0.025 0.03125
1 0.7078125 0.646875 0.075 0.209375
0 0.7125 0.5609375 0.028125 0.034375
1 0.6796875 0.5671875 0.0453125 0.15
0 0.6796875 0.50625 0.0171875 0.0234375
1 0.709375 0.5265625 0.04375 0.10625
0 0.7046875 0.4859375 0.0140625 0.015625
1 0.7625 0.5640625 0.0453125 0.140625
0 0.7703125 0.5046875 0.0203125 0.0203125
1 0.803125 0.609375 0.090625 0.2015625
0 0.8140625 0.525 0.0328125 0.028125
1 0.75 0.5265625 0.0359375 0.11875
0 0.753125 0.4765625 0.015625 0.0171875
1 0.7390625 0.503125 0.0421875 0.09375
0 0.7453125 0.465625 0.0125 0.015625
1 0.76875 0.50625 0.03125 0.0984375
0 0.771875 0.4671875 0.0171875 0.015625
1 0.79375 0.55625 0.0421875 0.1296875
0 0.796875 0.5015625 0.0171875 0.0171875
1 0.821875 0.53125 0.040625 0.1171875
0 0.81875 0.4828125 0.0171875 0.0171875
1 0.8421875 0.515625 0.0421875 0.10625
0 0.8453125 0.471875 0.0171875 0.0171875
1 0.878125 0.4984375 0.04375 0.0984375
0 0.8796875 0.4578125 0.0109375 0.0125
1 0.7609375 0.4859375 0.0296875 0.078125
0 0.7625 0.4546875 0.0125 0.0140625
1 0.784375 0.484375 0.0359375 0.084375
0 0.7890625 0.45 0.0078125 0.0109375
1 0.9109375 0.5171875 0.103125 0.0796875
0 0.9296875 0.4875 0.0140625 0.015625
1 0.81875 0.48125 0.0359375 0.078125
0 0.825 0.4484375 0.0109375 0.0125
1 0.878125 0.465625 0.0265625 0.0625
0 0.8796875 0.4421875 0.0078125 0.0078125
1 0.80625 0.4703125 0.0234375 0.075
0 0.809375 0.4390625 0.009375 0.0109375
1 0.8328125 0.465625 0.0296875 0.06875
0 0.8328125 0.4375 0.0078125 0.0078125
1 0.859375 0.4625 0.021875 0.0515625
0 0.8625 0.440625 0.0078125 0.0078125
1 0.8515625 0.4421875 0.0203125 0.03125
0 0.8578125 0.4328125 0.0046875 0.00625
1 0.8625 0.45625 0.015625 0.046875
0 0.8640625 0.4359375 0.0078125 0.0078125
1 0.821875 0.4375 0.0140625 0.0375
0 0.8234375 0.421875 0.00625 0.0046875
1 0.803125 0.446875 0.015625 0.0375
0 0.8015625 0.4328125 0.0078125 0.0078125
1 0.7828125 0.4703125 0.0203125 0.0609375
0 0.7828125 0.4453125 0.009375 0.009375