1 0.1609375 0.6140625 0.1875 0.321875
0 0.1546875 0.5 0.0671875 0.0828125
1 0.4796875 0.53125 0.4484375 0.4875
0 0.4203125 0.290625 0.08125 0.10625
1 0.5796875 0.54375 0.1546875 0.4609375
0 0.55625 0.346875 0.0625 0.0734375
1 0.65 0.578125 0.2046875 0.39375
0 0.7203125 0.4234375 0.0546875 0.0671875
1 0.1859375 0.63125 0.2 0.2859375
0 0.2046875 0.5359375 0.065625 0.0859375
1 0.275 0.625 0.171875 0.3
0 0.2734375 0.528125 0.0609375 0.0828125
1 0.084375 0.509375 0.1671875 0.5296875
0 0.0234375 0.2390625 0.04375 0.0359375
1 0.8046875 0.653125 0.15 0.2421875
0 0.8296875 0.5765625 0.05625 0.0734375
1 0.89375 0.6578125 0.15 0.2328125
0 0.9015625 0.5796875 0.0484375 0.065625
1 0.9390625 0.659375 0.115625 0.23125
0 0.95 0.58125 0.0515625 0.0625
1 0.8890625 0.5921875 0.125 0.303125
0 0.8625 0.478125 0.05625 0.0625
1 0.825 0.4953125 0.171875 0.3828125
0 0.8171875 0.353125 0.05 0.05625
1 0.790625 0.3671875 0.1203125 0.290625
0 0.7859375 0.24375 0.040625 0.0453125
1 0.3546875 0.546875 0.1515625 0.4078125
0 0.3578125 0.3765625 0.05 0.05625
1 0.2796875 0.55 0.1296875 0.3734375
0 0.2796875 0.4015625 0.0484375 0.0578125
1 0.95 0.415625 0.09375 0.246875
0 0.9625 0.325 0.0453125 0.0578125
1 0.9078125 0.365625 0.109375 0.25
0 0.909375 0.278125 0.0453125 0.0546875
1 0.6859375 0.6640625 0.1421875 0.221875
0 0.7125 0.59375 0.0546875 0.075
1 0.2234375 0.38125 0.1328125 0.2203125
0 0.2140625 0.2953125 0.0421875 0.05
1 0.3171875 0.4421875 0.1203125 0.2390625
0 0.3171875 0.353125 0.04375 0.053125
1 0.9578125 0.5640625 0.0796875 0.35625
0 0.9765625 0.421875 0.0421875 0.0734375
1 0.8125 0.3953125 0.1109375 0.2390625
0 0.8046875 0.303125 0.05 0.046875
1 0.8234375 0.6546875 0.1203125 0.240625
0 0.8265625 0.575 0.0640625 0.075