1 0.178125 0.6015625 0.0796875 0.178125
0 0.1921875 0.5234375 0.0203125 0.01875
1 0.2578125 0.603125 0.0625 0.1921875
0 0.2703125 0.521875 0.0265625 0.028125
1 0.3125 0.5984375 0.0578125 0.21875
0 0.3109375 0.5078125 0.03125 0.034375
1 0.4 0.6140625 0.059375 0.184375
0 0.4 0.5359375 0.0203125 0.0234375
1 0.4046875 0.60625 0.06875 0.16875
0 0.409375 0.5359375 0.01875 0.025
1 0.4625 0.615625 0.06875 0.21875
0 0.4609375 0.5265625 0.021875 0.0328125
1 0.5546875 0.6171875 0.0546875 0.1890625
0 0.5515625 0.5390625 0.0265625 0.025
1 0.61875 0.6109375 0.059375 0.2015625
0 0.6203125 0.5265625 0.025 0.0296875
1 0.703125 0.621875 0.059375 0.2015625
0 0.703125 0.5375 0.0265625 0.0265625
1 0.7234375 0.6265625 0.06875 0.240625
0 0.7296875 0.5234375 0.0265625 0.0296875
1 0.946875 0.6625 0.1 0.334375
0 0.965625 0.53125 0.0609375 0.0671875
1 0.8234375 0.6359375 0.071875 0.2421875
0 0.8171875 0.534375 0.025 0.0296875
1 0.084375 0.6484375 0.1640625 0.3625
0 0.0703125 0.5140625 0.06875 0.071875