1 0.4203125 0.765625 0.1171875 0.353125
0 0.4203125 0.6203125 0.0421875 0.059375
1 0.3375 0.7640625 0.1453125 0.3828125
0 0.3234375 0.603125 0.04375 0.0546875
1 0.1734375 0.771875 0.096875 0.4515625
0 0.1578125 0.596875 0.0671875 0.0921875
1 0.2515625 0.69375 0.0703125 0.2328125
0 0.253125 0.6 0.03125 0.0359375
1 0.490625 0.6796875 0.0875 0.221875
0 0.4828125 0.5875 0.028125 0.03125
1 0.4546875 0.675 0.0515625 0.196875
0 0.4578125 0.5921875 0.01875 0.0234375
1 0.428125 0.671875 0.05625 0.1828125
0 0.428125 0.59375 0.021875 0.0203125
1 0.36875 0.65625 0.06875 0.1796875
0 0.3890625 0.58125 0.0265625 0.0234375
1 0.49375 0.6359375 0.05625 0.16875
0 0.49375 0.56875 0.021875 0.028125
1 0.2546875 0.68125 0.0578125 0.1984375
0 0.2609375 0.596875 0.021875 0.0265625