1 0.871875 0.6390625 0.25 0.45
0 0.946875 0.340625 0.1 0.1265625
1 0.7953125 0.5640625 0.2265625 0.6
0 0.7953125 0.3078125 0.0828125 0.08125
1 0.7390625 0.5109375 0.16875 0.4515625
0 0.7359375 0.3171875 0.0546875 0.05625
1 0.5671875 0.4125 0.0875 0.178125
0 0.565625 0.3359375 0.01875 0.0203125
1 0.4515625 0.6265625 0.215625 0.4765625
0 0.4078125 0.425 0.059375 0.0671875
1 0.24375 0.6265625 0.2359375 0.475
0 0.2390625 0.440625 0.090625 0.10625
1 0.15 0.68125 0.296875 0.365625
0 0.025 0.36875 0.05 0.140625
1 0.3078125 0.6015625 0.1546875 0.4578125
0 0.290625 0.4046875 0.05 0.0578125
1 0.2265625 0.596875 0.1671875 0.475
0 0.2046875 0.3953125 0.0578125 0.065625
1 0.0734375 0.5703125 0.1453125 0.45
0 0.0671875 0.378125 0.05 0.0515625
1 0.1015625 0.5359375 0.128125 0.3609375
0 0.0875 0.3875 0.034375 0.0421875
1 0.1703125 0.4734375 0.0890625 0.26875
0 0.165625 0.3671875 0.0328125 0.0421875
1 0.3625 0.5390625 0.1390625 0.41875
0 0.353125 0.35625 0.05 0.053125
1 0.45625 0.5640625 0.140625 0.4421875
0 0.4328125 0.36875 0.05 0.05625
1 0.434375 0.4953125 0.1046875 0.3390625
0 0.41875 0.3484375 0.0359375 0.0453125
1 0.4765625 0.3984375 0.05 0.1671875
0 0.475 0.33125 0.0140625 0.0171875
1 0.5078125 0.4125 0.0453125 0.1390625
0 0.4953125 0.35625 0.0171875 0.021875
1 0.4484375 0.4125 0.059375 0.178125
0 0.440625 0.3375 0.0171875 0.01875