1 0.175 0.59375 0.1203125 0.340625
0 0.16875 0.45 0.0359375 0.05
1 0.425 0.5453125 0.115625 0.3015625
0 0.415625 0.421875 0.0328125 0.04375
1 0.45625 0.5203125 0.0890625 0.2875
0 0.453125 0.396875 0.03125 0.0390625
1 0.55 0.4984375 0.0859375 0.2375
0 0.546875 0.4 0.0296875 0.034375
1 0.628125 0.5515625 0.11875 0.346875
0 0.6296875 0.4078125 0.0375 0.04375
1 0.665625 0.503125 0.0640625 0.228125
0 0.6734375 0.409375 0.0265625 0.0328125
1 0.709375 0.521875 0.0921875 0.246875
0 0.7015625 0.415625 0.025 0.025
1 0.7578125 0.496875 0.065625 0.228125
0 0.7625 0.3984375 0.028125 0.028125
1 0.803125 0.5109375 0.075 0.246875
0 0.803125 0.4078125 0.028125 0.03125
1 0.796875 0.4296875 0.046875 0.1375
0 0.796875 0.3734375 0.015625 0.01875
1 0.85625 0.4359375 0.053125 0.1578125
0 0.8546875 0.3640625 0.0171875 0.015625
1 0.8546875 0.453125 0.0640625 0.1890625
0 0.8546875 0.3703125 0.021875 0.021875
1 0.925 0.4390625 0.0640625 0.1703125
0 0.921875 0.365625 0.0203125 0.021875
1 0.921875 0.440625 0.0515625 0.1546875
0 0.921875 0.371875 0.015625 0.015625
1 0.9578125 0.3609375 0.028125 0.084375
0 0.95625 0.3265625 0.009375 0.0109375
1 0.9796875 0.3390625 0.0296875 0.0734375
0 0.9765625 0.3078125 0.0078125 0.009375
1 0.94375 0.3328125 0.0265625 0.08125
0 0.9421875 0.3 0.00625 0.0078125
1 0.928125 0.35 0.0296875 0.0765625
0 0.928125 0.31875 0.0109375 0.009375
1 0.9015625 0.3359375 0.025 0.078125
0 0.9015625 0.3046875 0.009375 0.0109375
1 0.86875 0.334375 0.028125 0.0828125
0 0.86875 0.3 0.0078125 0.0109375
1 0.7265625 0.3453125 0.01875 0.05
0 0.728125 0.3234375 0.0046875 0.0046875
1 0.703125 0.34375 0.0171875 0.0453125
0 0.703125 0.3265625 0.00625 0.0078125
1 0.58125 0.334375 0.0203125 0.05
0 0.584375 0.315625 0.0078125 0.0078125