1 0.95625 0.5875 0.0796875 0.375
0 0.9765625 0.4296875 0.0390625 0.05625
1 0.8953125 0.5734375 0.1609375 0.425
0 0.89375 0.3984375 0.0546875 0.0515625
1 0.703125 0.590625 0.1046875 0.3296875
0 0.6953125 0.453125 0.0390625 0.0515625
1 0.64375 0.5890625 0.1203125 0.3859375
0 0.6421875 0.4328125 0.04375 0.0578125
1 0.55625 0.590625 0.109375 0.3453125
0 0.540625 0.453125 0.0390625 0.04375
1 0.4953125 0.6046875 0.1296875 0.365625
0 0.4828125 0.4625 0.040625 0.0453125
1 0.4125 0.596875 0.1109375 0.375
0 0.3984375 0.440625 0.04375 0.053125
1 0.359375 0.6015625 0.1296875 0.371875
0 0.35 0.4515625 0.040625 0.0515625
1 0.240625 0.603125 0.15625 0.396875
0 0.253125 0.440625 0.040625 0.05625
1 0.1765625 0.5828125 0.090625 0.3140625
0 0.18125 0.459375 0.034375 0.040625
1 0.125 0.6171875 0.0953125 0.3203125
0 0.11875 0.478125 0.03125 0.0359375
1 0.071875 0.615625 0.1375 0.3828125
0 0.06875 0.459375 0.04375 0.059375
1 0.6984375 0.55625 0.13125 0.3421875
0 0.68125 0.4140625 0.0390625 0.04375
1 0.8484375 0.5875 0.1109375 0.3203125
0 0.8515625 0.446875 0.034375 0.0375
1 0.56875 0.578125 0.090625 0.3
0 0.5671875 0.4515625 0.03125 0.04375
1 0.284375 0.5796875 0.065625 0.24375
0 0.290625 0.478125 0.0296875 0.03125
1 0.3 0.534375 0.0765625 0.2109375
0 0.29375 0.4453125 0.0265625 0.0296875
1 0.140625 0.565625 0.0796875 0.265625
0 0.14375 0.459375 0.034375 0.0453125
1 0.0390625 0.5875 0.0703125 0.3296875
0 0.0234375 0.4515625 0.040625 0.05625