1 0.85 0.69375 0.0421875 0.046875
0 0.846875 0.684375 0.0125 0.0109375
1 0.7796875 0.6859375 0.0421875 0.0609375
0 0.7765625 0.6671875 0.0109375 0.0171875
1 0.775 0.69375 0.0421875 0.046875
0 0.7734375 0.7 0.0140625 0.0125
1 0.740625 0.6921875 0.0484375 0.0484375
0 0.74375 0.690625 0.0109375 0.0171875
1 0.8453125 0.6640625 0.0390625 0.096875
0 0.85 0.625 0.0109375 0.0109375
1 0.8296875 0.6578125 0.0265625 0.0921875
0 0.828125 0.6203125 0.009375 0.0109375
1 0.8703125 0.6109375 0.0359375 0.0640625
0 0.871875 0.5875 0.0109375 0.009375
1 0.94375 0.5921875 0.0296875 0.0765625
0 0.940625 0.5625 0.0109375 0.009375
1 0.8859375 0.5390625 0.021875 0.0640625
0 0.8859375 0.5140625 0.009375 0.009375
1 0.928125 0.5046875 0.0359375 0.0625
0 0.9265625 0.4796875 0.009375 0.0078125
1 0.953125 0.5 0.0265625 0.065625
0 0.953125 0.475 0.0078125 0.0078125
1 0.9140625 0.4921875 0.0234375 0.065625
0 0.9171875 0.465625 0.0078125 0.0078125
1 0.7578125 0.5296875 0.0265625 0.0515625
0 0.759375 0.5109375 0.0078125 0.009375
1 0.6453125 0.6125 0.04375 0.0765625
0 0.63125 0.584375 0.0109375 0.0125
1 0.5734375 0.690625 0.040625 0.0515625
0 0.5703125 0.675 0.0109375 0.0109375
1 0.603125 0.68125 0.0359375 0.0703125
0 0.5984375 0.6546875 0.0109375 0.0140625
1 0.5953125 0.6796875 0.0203125 0.075
0 0.5953125 0.6515625 0.009375 0.0140625
1 0.5390625 0.6765625 0.0359375 0.0796875
0 0.540625 0.646875 0.009375 0.0140625
1 0.4953125 0.6796875 0.0296875 0.0734375
0 0.496875 0.6546875 0.0109375 0.0109375
1 0.5140625 0.6828125 0.0296875 0.0671875
0 0.5171875 0.659375 0.0109375 0.0140625
1 0.35 0.6984375 0.028125 0.0375
0 0.3453125 0.6890625 0.0109375 0.0125
1 0.340625 0.684375 0.0484375 0.0640625
0 0.34375 0.6640625 0.0109375 0.015625
1 0.3484375 0.66875 0.0640625 0.065625
0 0.334375 0.6453125 0.0109375 0.0109375
1 0.390625 0.6421875 0.0328125 0.065625
0 0.3859375 0.61875 0.0109375 0.0125
1 0.4015625 0.6328125 0.0359375 0.0734375
0 0.3984375 0.60625 0.009375 0.0140625
1 0.503125 0.58125 0.0265625 0.0671875
0 0.496875 0.5546875 0.009375 0.009375
1 0.5140625 0.5765625 0.0296875 0.0703125
0 0.50625 0.5484375 0.0078125 0.009375
1 0.5296875 0.55 0.0203125 0.065625
0 0.528125 0.525 0.0078125 0.0078125
1 0.56875 0.5859375 0.0296875 0.078125
0 0.5671875 0.55625 0.009375 0.0109375
1 0.596875 0.6171875 0.040625 0.08125
0 0.59375 0.5859375 0.0109375 0.009375
1 0.5828125 0.6078125 0.0234375 0.0796875
0 0.5859375 0.578125 0.009375 0.0140625
1 0.596875 0.5796875 0.0328125 0.0796875
0 0.5921875 0.5484375 0.009375 0.0109375
1 0.6140625 0.59375 0.0203125 0.078125
0 0.6125 0.5609375 0.009375 0.009375
1 0.5828125 0.5296875 0.0171875 0.0671875
0 0.584375 0.503125 0.0078125 0.0078125
1 0.6109375 0.53125 0.0203125 0.0671875
0 0.6125 0.5046875 0.0078125 0.0078125
1 0.70625 0.478125 0.0203125 0.05625
0 0.7078125 0.45625 0.0046875 0.00625
1 0.7828125 0.4921875 0.0203125 0.0546875
0 0.7796875 0.4703125 0.0078125 0.0078125
1 0.7640625 0.471875 0.0203125 0.0515625
0 0.765625 0.453125 0.0078125 0.0078125
1 0.1578125 0.6578125 0.05 0.08125
0 0.1640625 0.625 0.009375 0.0109375
1 0.1875 0.640625 0.0296875 0.0796875
0 0.1875 0.6078125 0.009375 0.0109375
1 0.2671875 0.571875 0.0203125 0.059375
0 0.26875 0.5484375 0.0078125 0.0078125
1 0.3046875 0.559375 0.0265625 0.0578125
0 0.30625 0.5375 0.0078125 0.009375
1 0.2921875 0.53125 0.0171875 0.0609375
0 0.2921875 0.50625 0.0078125 0.0078125
1 0.309375 0.525 0.021875 0.0578125
0 0.309375 0.5015625 0.0046875 0.0078125
1 0.3421875 0.5171875 0.01875 0.0609375
0 0.340625 0.490625 0.0078125 0.00625
1 0.3515625 0.5 0.0171875 0.05625
0 0.3484375 0.478125 0.00625 0.00625
1 0.3375 0.503125 0.0171875 0.0515625
0 0.3375 0.484375 0.0078125 0.00625
1 0.309375 0.5046875 0.0265625 0.0546875
0 0.3125 0.484375 0.0078125 0.0078125
1 0.396875 0.4953125 0.0140625 0.053125
0 0.3984375 0.475 0.00625 0.00625
1 0.421875 0.4953125 0.01875 0.0515625
0 0.421875 0.4734375 0.0078125 0.0078125
1 0.1703125 0.6953125 0.0265625 0.04375
0 0.1703125 0.7109375 0.0109375 0.0125
1 0.025 0.6234375 0.0359375 0.0859375
0 0.021875 0.5921875 0.009375 0.0125
1 0.0921875 0.5953125 0.0375 0.05
0 0.0828125 0.5765625 0.009375 0.009375
1 0.1109375 0.5859375 0.028125 0.0578125
0 0.1109375 0.5671875 0.0078125 0.009375
1 0.121875 0.5953125 0.0359375 0.05
0 0.1203125 0.5765625 0.0078125 0.009375
1 0.16875 0.553125 0.0375 0.046875
0 0.1609375 0.5359375 0.0078125 0.0078125
1 0.1703125 0.546875 0.025 0.059375
0 0.1703125 0.525 0.0078125 0.009375
1 0.2453125 0.5375 0.028125 0.05
0 0.2421875 0.5203125 0.009375 0.0078125
1 0.2609375 0.5359375 0.0265625 0.05
0 0.2609375 0.5171875 0.00625 0.0078125
1 0.0171875 0.5140625 0.03125 0.0546875
0 0.0078125 0.4953125 0.0078125 0.00625
1 0.090625 0.4984375 0.025 0.0515625
0 0.090625 0.478125 0.0078125 0.0078125
1 0.1296875 0.4921875 0.028125 0.0453125
0 0.125 0.4734375 0.0046875 0.00625
1 0.115625 0.4921875 0.0203125 0.046875
0 0.1109375 0.475 0.0078125 0.00625
1 0.171875 0.4734375 0.0203125 0.0546875
0 0.171875 0.4515625 0.0046875 0.00625
1 0.2125 0.4640625 0.0171875 0.04375
0 0.2125 0.4484375 0.0046875 0.00625
1 0.221875 0.46875 0.01875 0.046875
0 0.221875 0.4484375 0.0046875 0.0046875
1 0.2328125 0.4578125 0.0171875 0.0375
0 0.2328125 0.44375 0.0046875 0.00625
1 0.7671875 0.4703125 0.0171875 0.053125
0 0.7671875 0.45 0.00625 0.0078125
1 0.775 0.4828125 0.0171875 0.05
0 0.7765625 0.4609375 0.0046875 0.0046875