1 0.1390625 0.4484375 0.0609375 0.1453125
0 0.140625 0.390625 0.01875 0.0234375
1 0.215625 0.403125 0.0359375 0.128125
0 0.2078125 0.3515625 0.0125 0.0171875
1 0.24375 0.415625 0.0390625 0.1265625
0 0.240625 0.3625 0.015625 0.0171875
1 0.259375 0.4875 0.0515625 0.15625
0 0.25 0.43125 0.01875 0.0234375
1 0.2625 0.3953125 0.028125 0.0734375
0 0.2625 0.3703125 0.0109375 0.0125
1 0.296875 0.4171875 0.04375 0.153125
0 0.29375 0.3546875 0.0234375 0.0203125
1 0.3109375 0.4625 0.0609375 0.1921875
0 0.3140625 0.3859375 0.0171875 0.0296875
1 0.34375 0.459375 0.05625 0.2390625
0 0.334375 0.3578125 0.0203125 0.03125
1 0.4765625 0.4390625 0.0578125 0.171875
0 0.48125 0.3671875 0.01875 0.0234375
1 0.4859375 0.471875 0.071875 0.2046875
0 0.484375 0.3859375 0.0234375 0.03125
1 0.51875 0.459375 0.0703125 0.18125
0 0.5140625 0.384375 0.0234375 0.0296875
1 0.6265625 0.459375 0.103125 0.225
0 0.6359375 0.365625 0.025 0.034375
1 0.640625 0.4046875 0.0765625 0.1484375
0 0.653125 0.34375 0.0203125 0.0171875
1 0.840625 0.5265625 0.0890625 0.325
0 0.8546875 0.3875 0.04375 0.046875
1 0.859375 0.5046875 0.071875 0.3171875
0 0.8625 0.36875 0.0375 0.040625
1 0.8828125 0.490625 0.084375 0.328125
0 0.88125 0.35 0.0390625 0.040625
1 0.3734375 0.4625 0.0515625 0.203125
0 0.371875 0.375 0.0203125 0.0234375
1 0.071875 0.3765625 0.0171875 0.071875
0 0.075 0.3453125 0.0078125 0.0078125
1 0.171875 0.390625 0.01875 0.075
0 0.1734375 0.359375 0.009375 0.0109375
1 0.1859375 0.3921875 0.028125 0.071875
0 0.184375 0.3625 0.009375 0.0109375
1 0.2671875 0.4890625 0.0703125 0.153125
0 0.2515625 0.43125 0.0203125 0.028125
1 0.5484375 0.5390625 0.15 0.36875
0 0.5484375 0.390625 0.0359375 0.05
1 0.6578125 0.528125 0.1828125 0.4109375
0 0.6953125 0.365625 0.0390625 0.046875
1 0.690625 0.509375 0.1640625 0.321875
0 0.7234375 0.38125 0.0375 0.0453125
1 0.796875 0.5265625 0.1140625 0.3765625
0 0.809375 0.384375 0.0390625 0.046875
1 0.4671875 0.4171875 0.0375 0.071875
0 0.4671875 0.39375 0.01875 0.01875