1 0.2609375 0.4609375 0.2703125 0.609375
0 0.26875 0.2078125 0.065625 0.0890625
1 0.1421875 0.3734375 0.1296875 0.3265625
0 0.1109375 0.2453125 0.0390625 0.053125
1 0.3796875 0.425 0.1171875 0.428125
0 0.371875 0.2484375 0.0453125 0.0671875
1 0.525 0.35 0.05625 0.1984375
0 0.5171875 0.271875 0.021875 0.0328125
1 0.3875 0.38125 0.078125 0.33125
0 0.4 0.2484375 0.0328125 0.053125
1 0.121875 0.3515625 0.1109375 0.309375
0 0.134375 0.225 0.0375 0.0484375
1 0.640625 0.3328125 0.0703125 0.23125
0 0.6390625 0.2375 0.0296875 0.03125
1 0.678125 0.3296875 0.0546875 0.2078125
0 0.6859375 0.246875 0.0328125 0.0390625
1 0.7421875 0.34375 0.065625 0.2234375
0 0.7328125 0.253125 0.028125 0.0328125
1 0.928125 0.375 0.1375 0.4296875
0 0.9734375 0.2109375 0.0484375 0.0578125
1 0.0484375 0.4453125 0.09375 0.340625
0 0.0125 0.36875 0.0234375 0.05
1 0.34375 0.359375 0.078125 0.2984375
0 0.3390625 0.2296875 0.0296875 0.034375
1 0.5390625 0.3453125 0.040625 0.1765625
0 0.5375 0.278125 0.0203125 0.0265625
1 0.5640625 0.3546875 0.040625 0.21875
0 0.5671875 0.2671875 0.025 0.0296875
1 0.9359375 0.4625 0.1234375 0.4015625
0 0.9875 0.2796875 0.0203125 0.04375
1 0.7359375 0.3921875 0.0953125 0.16875
0 0.7203125 0.3265625 0.0296875 0.0359375
1 0.6578125 0.378125 0.0796875 0.15
0 0.6578125 0.3296875 0.028125 0.0328125