1 0.14375 0.6453125 0.1921875 0.453125
0 0.1484375 0.459375 0.0640625 0.0640625
1 0.2171875 0.671875 0.1765625 0.4015625
0 0.196875 0.5015625 0.05 0.0515625
1 0.371875 0.66875 0.1546875 0.4078125
0 0.353125 0.4984375 0.0484375 0.0640625
1 0.45 0.73125 0.1640625 0.2828125
0 0.4546875 0.6296875 0.0515625 0.059375
1 0.61875 0.6390625 0.259375 0.4671875
0 0.6265625 0.465625 0.0890625 0.1109375
1 0.775 0.6484375 0.15 0.434375
0 0.76875 0.471875 0.05625 0.05625
1 0.896875 0.6765625 0.2 0.3921875
0 0.96875 0.4 0.05625 0.1359375
1 0.7984375 0.6 0.121875 0.296875
0 0.7953125 0.4765625 0.0296875 0.0421875
1 0.8359375 0.5734375 0.0875 0.2125
0 0.81875 0.490625 0.025 0.03125
1 0.534375 0.65 0.1796875 0.4421875
0 0.5296875 0.465625 0.059375 0.0625
1 0.45625 0.6390625 0.1015625 0.3015625
0 0.459375 0.5140625 0.0390625 0.046875
1 0.4265625 0.6140625 0.0796875 0.2625
0 0.4265625 0.509375 0.034375 0.0375
1 0.3109375 0.653125 0.0875 0.315625
0 0.309375 0.525 0.0421875 0.05
1 0.271875 0.646875 0.0875 0.2984375
0 0.265625 0.5171875 0.03125 0.0359375
1 0.0484375 0.6578125 0.09375 0.30625
0 0.028125 0.54375 0.0234375 0.01875