1 0.0859375 0.6140625 0.171875 0.415625
0 0.0921875 0.45625 0.075 0.0953125
1 0.2328125 0.6015625 0.1796875 0.440625
0 0.234375 0.4359375 0.0734375 0.0921875
1 0.3875 0.6140625 0.196875 0.415625
0 0.3875 0.45625 0.071875 0.09375
1 0.546875 0.59375 0.1734375 0.425
0 0.5390625 0.434375 0.0734375 0.096875
1 0.5203125 0.6609375 0.253125 0.321875
0 0.5125 0.678125 0.084375 0.1234375
1 0.7140625 0.5953125 0.2046875 0.453125
0 0.6984375 0.425 0.0734375 0.0875
1 0.8875 0.6109375 0.221875 0.421875
0 0.8796875 0.475 0.08125 0.1015625
1 0.10625 0.4640625 0.1828125 0.5625
0 0.1421875 0.234375 0.065625 0.0921875
1 0.2828125 0.5109375 0.1625 0.596875
0 0.2953125 0.265625 0.065625 0.0765625
1 0.403125 0.484375 0.1546875 0.5953125
0 0.3953125 0.2421875 0.0625 0.084375
1 0.51875 0.4796875 0.1375 0.584375
0 0.5140625 0.2328125 0.065625 0.084375
1 0.596875 0.5046875 0.1515625 0.584375
0 0.58125 0.25625 0.0625 0.0828125
1 0.703125 0.475 0.1828125 0.5859375
0 0.6859375 0.2265625 0.065625 0.0828125
1 0.803125 0.503125 0.16875 0.5859375
0 0.8 0.259375 0.065625 0.08125