1 0.184375 0.5703125 0.309375 0.1734375
0 0.065625 0.525 0.0671875 0.071875
1 0.353125 0.50625 0.296875 0.171875
0 0.240625 0.45 0.0484375 0.0453125
1 0.078125 0.3875 0.0515625 0.05
0 0.06875 0.36875 0.0109375 0.009375
1 0.071875 0.3828125 0.034375 0.0625
0 0.065625 0.3578125 0.009375 0.0109375
1 0.165625 0.3828125 0.0203125 0.0671875
0 0.165625 0.3546875 0.0109375 0.0109375
1 0.1265625 0.3671875 0.01875 0.046875
0 0.1265625 0.3484375 0.00625 0.0078125
1 0.10625 0.36875 0.021875 0.05625
0 0.1046875 0.3453125 0.00625 0.0078125
1 0.084375 0.36875 0.021875 0.0546875
0 0.0828125 0.346875 0.00625 0.0078125
1 0.04375 0.3734375 0.021875 0.0515625
0 0.040625 0.353125 0.00625 0.0078125
1 0.1453125 0.365625 0.0171875 0.0375
0 0.1484375 0.35 0.0046875 0.0046875
1 0.1796875 0.3765625 0.0171875 0.05
0 0.178125 0.35625 0.00625 0.0078125
1 0.1953125 0.3703125 0.0171875 0.040625
0 0.196875 0.353125 0.0046875 0.0046875
1 0.2109375 0.3671875 0.0171875 0.0453125
0 0.2125 0.3484375 0.00625 0.0078125
1 0.2375 0.38125 0.025 0.065625
0 0.2375 0.3546875 0.009375 0.0109375
1 0.26875 0.3671875 0.0203125 0.0484375
0 0.2703125 0.3453125 0.0046875 0.00625
1 0.3109375 0.378125 0.021875 0.0703125
0 0.309375 0.35 0.00625 0.009375
1 0.325 0.36875 0.0140625 0.0390625
0 0.325 0.353125 0.00625 0.00625
1 0.36875 0.375 0.0265625 0.0671875
0 0.371875 0.3484375 0.0078125 0.0078125
1 0.409375 0.3671875 0.0140625 0.0515625
0 0.409375 0.346875 0.0046875 0.0078125
1 0.4234375 0.371875 0.01875 0.0640625
0 0.421875 0.3484375 0.00625 0.0078125
1 0.45 0.38125 0.028125 0.0734375
0 0.45 0.3515625 0.009375 0.0109375
1 0.45625 0.3703125 0.021875 0.059375
0 0.45625 0.3453125 0.00625 0.0078125
1 0.4765625 0.371875 0.021875 0.075
0 0.4765625 0.340625 0.0109375 0.0109375
1 0.4984375 0.36875 0.01875 0.046875
0 0.5 0.35 0.0046875 0.00625
1 0.5078125 0.378125 0.0171875 0.0484375
0 0.5109375 0.359375 0.00625 0.00625
1 0.5265625 0.3875 0.028125 0.0984375
0 0.5296875 0.346875 0.0125 0.0125
1 0.521875 0.378125 0.028125 0.075
0 0.525 0.3484375 0.0109375 0.0109375
1 0.559375 0.4 0.0453125 0.121875
0 0.565625 0.35 0.0171875 0.021875
1 0.575 0.396875 0.1046875 0.059375
0 0.615625 0.378125 0.01875 0.0171875
1 0.5828125 0.3796875 0.021875 0.0890625
0 0.58125 0.3453125 0.0125 0.015625
1 0.5984375 0.36875 0.015625 0.046875
0 0.6 0.3484375 0.00625 0.0046875
1 0.6109375 0.3953125 0.0390625 0.1
0 0.6078125 0.3546875 0.0109375 0.0171875
1 0.6578125 0.3734375 0.03125 0.0921875
0 0.6578125 0.334375 0.0109375 0.0125
1 0.65 0.3734375 0.0203125 0.0765625
0 0.653125 0.34375 0.0078125 0.009375
1 0.6953125 0.38125 0.0390625 0.1046875
0 0.6953125 0.3375 0.0109375 0.0109375
1 0.71875 0.378125 0.0359375 0.109375
0 0.715625 0.3328125 0.0109375 0.0109375
1 0.75 0.365625 0.0125 0.0421875
0 0.75 0.35 0.00625 0.00625
1 0.7890625 0.3953125 0.0671875 0.15
0 0.7890625 0.3296875 0.0171875 0.01875
1 0.8234375 0.3765625 0.0390625 0.0828125
0 0.8265625 0.340625 0.0109375 0.0109375
1 0.859375 0.3796875 0.034375 0.0703125
0 0.85625 0.35 0.0109375 0.0109375
1 0.728125 0.55625 0.4640625 0.2109375
0 0.9171875 0.5015625 0.08125 0.0890625
1 0.6390625 0.4328125 0.140625 0.0828125
0 0.690625 0.40625 0.0265625 0.028125
1 0.675 0.434375 0.1625 0.071875
0 0.73125 0.4203125 0.0375 0.028125
1 0.625 0.4265625 0.1171875 0.0484375
0 0.6796875 0.4140625 0.0125 0.015625
1 0.4640625 0.425 0.071875 0.1078125
0 0.4703125 0.3875 0.021875 0.028125
1 0.434375 0.4171875 0.0546875 0.0875
0 0.4421875 0.3875 0.01875 0.025