1 0.1234375 0.59375 0.1953125 0.4703125
0 0.1234375 0.4140625 0.0828125 0.0953125
1 0.25625 0.625 0.3859375 0.4078125
0 0.259375 0.48125 0.075 0.1015625
1 0.3671875 0.596875 0.1703125 0.4640625
0 0.3484375 0.4203125 0.06875 0.1
1 0.4734375 0.56875 0.3484375 0.5203125
0 0.4453125 0.365625 0.078125 0.1046875
1 0.5703125 0.609375 0.1734375 0.440625
0 0.5546875 0.4453125 0.0671875 0.1
1 0.740625 0.571875 0.271875 0.5140625
0 0.740625 0.371875 0.084375 0.1078125
1 0.8765625 0.5921875 0.1859375 0.475
0 0.8671875 0.4109375 0.078125 0.096875