1 0.8140625 0.7421875 0.0609375 0.1328125
0 0.80625 0.6890625 0.0171875 0.0203125
1 0.775 0.7703125 0.0484375 0.1265625
0 0.771875 0.721875 0.0203125 0.021875
1 0.765625 0.7015625 0.046875 0.084375
0 0.7625 0.6703125 0.0140625 0.0171875
1 0.6984375 0.6859375 0.034375 0.08125
0 0.696875 0.653125 0.0125 0.0125
1 0.6421875 0.6953125 0.034375 0.1046875
0 0.64375 0.65625 0.0140625 0.0171875
1 0.603125 0.7125 0.04375 0.1
0 0.603125 0.6734375 0.015625 0.015625
1 0.571875 0.7015625 0.0296875 0.0875
0 0.5734375 0.66875 0.0125 0.015625
1 0.5390625 0.665625 0.0234375 0.0515625
0 0.5359375 0.6484375 0.009375 0.0125
1 0.5234375 0.6703125 0.0359375 0.059375
0 0.525 0.6484375 0.0125 0.0125
1 0.5234375 0.6 0.025 0.075
0 0.5234375 0.5671875 0.0078125 0.009375
1 0.484375 0.6 0.0234375 0.0671875
0 0.4859375 0.5734375 0.009375 0.009375
1 0.4953125 0.6984375 0.0328125 0.075
0 0.4984375 0.6703125 0.009375 0.0125
1 0.4796875 0.715625 0.053125 0.0984375
0 0.475 0.678125 0.015625 0.015625
1 0.41875 0.7125 0.0390625 0.0921875
0 0.415625 0.675 0.0125 0.0140625
1 0.428125 0.653125 0.0359375 0.0921875
0 0.425 0.615625 0.009375 0.0140625
1 0.39375 0.653125 0.0546875 0.090625
0 0.378125 0.615625 0.0125 0.0140625
1 0.3671875 0.653125 0.0234375 0.0984375
0 0.36875 0.6125 0.0109375 0.0125
1 0.340625 0.653125 0.0328125 0.0890625
0 0.3375 0.615625 0.0125 0.0125
1 0.3046875 0.609375 0.0171875 0.0515625
0 0.30625 0.5890625 0.0078125 0.0078125
1 0.296875 0.6578125 0.03125 0.090625
0 0.2953125 0.6234375 0.0125 0.0125
1 0.240625 0.6546875 0.028125 0.0953125
0 0.2421875 0.615625 0.0125 0.0140625
1 0.196875 0.6953125 0.0328125 0.0703125
0 0.2046875 0.6703125 0.0109375 0.0125
1 0.2125 0.659375 0.034375 0.0875
0 0.209375 0.6234375 0.0109375 0.0140625