1 0.6953125 0.434375 0.1390625 0.3578125
0 0.7234375 0.2921875 0.0375 0.0578125
1 0.65 0.4328125 0.10625 0.34375
0 0.6546875 0.2890625 0.034375 0.046875
1 0.4765625 0.4546875 0.1546875 0.4265625
0 0.4453125 0.2734375 0.0625 0.0578125
1 0.359375 0.4640625 0.096875 0.3296875
0 0.378125 0.328125 0.0453125 0.053125
1 0.2984375 0.478125 0.159375 0.4046875
0 0.284375 0.3109375 0.05625 0.0671875
1 0.2234375 0.4671875 0.084375 0.359375
0 0.2234375 0.3234375 0.04375 0.059375
1 0.1375 0.50625 0.15625 0.4546875
0 0.1359375 0.321875 0.05625 0.0765625
1 0.06875 0.3875 0.065625 0.25
0 0.0640625 0.284375 0.03125 0.0375
1 0.3421875 0.3671875 0.0546875 0.1765625
0 0.3359375 0.296875 0.025 0.0328125
1 0.1734375 0.4015625 0.0640625 0.2125
0 0.1859375 0.3140625 0.03125 0.0359375
1 0.040625 0.340625 0.04375 0.140625
0 0.0421875 0.2828125 0.0203125 0.0234375