1 0.05625 0.6734375 0.1109375 0.384375
0 0.0421875 0.5125 0.046875 0.0578125
1 0.0671875 0.6453125 0.1328125 0.328125
0 0.0765625 0.503125 0.0390625 0.040625
1 0.1359375 0.64375 0.234375 0.325
0 0.140625 0.5078125 0.040625 0.04375
1 0.178125 0.653125 0.1390625 0.30625
0 0.1984375 0.5203125 0.0390625 0.0421875
1 0.246875 0.6578125 0.1171875 0.296875
0 0.2578125 0.5375 0.0390625 0.046875
1 0.2796875 0.615625 0.1625 0.2390625
0 0.2875 0.5203125 0.0328125 0.0421875
1 0.284375 0.659375 0.171875 0.325
0 0.3296875 0.5234375 0.0375 0.0453125
1 0.3515625 0.6171875 0.0921875 0.2484375
0 0.375 0.521875 0.03125 0.0390625
1 0.3390625 0.58125 0.0875 0.20625
0 0.34375 0.5 0.0265625 0.0359375
1 0.4125 0.6203125 0.146875 0.234375
0 0.4234375 0.5265625 0.03125 0.0421875
1 0.446875 0.5796875 0.0875 0.2109375
0 0.446875 0.5 0.0296875 0.0390625
1 0.446875 0.6390625 0.096875 0.265625
0 0.45625 0.53125 0.0328125 0.0421875
1 0.509375 0.634375 0.09375 0.275
0 0.5078125 0.5203125 0.034375 0.0453125
1 0.5390625 0.596875 0.06875 0.20625
0 0.5375 0.515625 0.0328125 0.0421875
1 0.5765625 0.6046875 0.0921875 0.2484375
0 0.56875 0.50625 0.0328125 0.04375
1 0.5578125 0.5421875 0.0890625 0.203125
0 0.5484375 0.4640625 0.028125 0.0390625
1 0.603125 0.6359375 0.10625 0.271875
0 0.6015625 0.525 0.034375 0.040625
1 0.659375 0.6375 0.0796875 0.271875
0 0.646875 0.525 0.0296875 0.040625
1 0.69375 0.634375 0.09375 0.2796875
0 0.6890625 0.5171875 0.0296875 0.04375
1 0.71875 0.709375 0.153125 0.3546875
0 0.7078125 0.559375 0.0390625 0.05
1 0.7734375 0.675 0.1015625 0.3484375
0 0.7609375 0.5296875 0.040625 0.0453125
1 0.7875 0.646875 0.0875 0.3109375
0 0.7921875 0.515625 0.034375 0.040625
1 0.8625 0.665625 0.1140625 0.340625
0 0.8296875 0.521875 0.0390625 0.0484375
1 0.8640625 0.7078125 0.1234375 0.3765625
0 0.853125 0.553125 0.0421875 0.053125
1 0 0.0515625 0 0
0 0.921875 0.5359375 0.0515625 0.0640625
1 0.4671875 0.4921875 0.1421875 0.178125
0 0.4390625 0.425 0.0296875 0.03125
1 0.1796875 0.7234375 0.159375 0.2515625
0 0.15625 0.6296875 0.04375 0.0578125
1 0.2984375 0.7734375 0.1390625 0.16875
0 0.303125 0.721875 0.0375 0.0515625
1 0.4125 0.7515625 0.1046875 0.1625
0 0.4125 0.6984375 0.0390625 0.05
1 0.5 0.7171875 0.1109375 0.1828125
0 0.490625 0.6515625 0.0375 0.046875
1 0.5765625 0.7328125 0.1015625 0.2140625
0 0.5734375 0.65625 0.0390625 0.0515625
1 0.6578125 0.784375 0.14375 0.2515625
0 0.6265625 0.69375 0.0421875 0.05625