1 0.0984375 0.7015625 0.025 0.059375
0 0.1015625 0.68125 0.00625 0.009375
1 0.1140625 0.721875 0.0375 0.090625
0 0.115625 0.684375 0.0109375 0.0125
1 0.1453125 0.7078125 0.0390625 0.071875
0 0.1515625 0.678125 0.009375 0.0109375
1 0.1671875 0.709375 0.03125 0.0734375
0 0.1703125 0.678125 0.0109375 0.009375
1 0.2140625 0.7765625 0.071875 0.1625
0 0.2140625 0.709375 0.021875 0.0203125
1 0.25625 0.73125 0.05 0.121875
0 0.25625 0.68125 0.0140625 0.01875
1 0.21875 0.7328125 0.05 0.11875
0 0.221875 0.684375 0.0109375 0.0140625
1 0.2765625 0.7078125 0.0234375 0.0640625
0 0.278125 0.6828125 0.0078125 0.009375
1 0.31875 0.734375 0.046875 0.1203125
0 0.3171875 0.684375 0.0140625 0.015625
1 0.3328125 0.725 0.040625 0.1015625
0 0.33125 0.684375 0.0125 0.0140625
1 0.3921875 0.71875 0.0359375 0.046875
0 0.3953125 0.7015625 0.00625 0.0078125
1 0.41875 0.725 0.03125 0.084375
0 0.4171875 0.690625 0.0109375 0.0125
1 0.4390625 0.7125 0.01875 0.059375
0 0.440625 0.690625 0.0078125 0.00625
1 0.475 0.728125 0.0375 0.1109375
0 0.4765625 0.684375 0.0125 0.015625
1 0.5015625 0.709375 0.01875 0.0578125
0 0.503125 0.6859375 0.00625 0.0078125
1 0.5109375 0.7140625 0.01875 0.0578125
0 0.5125 0.69375 0.00625 0.00625
1 0.5375 0.715625 0.0234375 0.05625
0 0.5390625 0.69375 0.00625 0.0078125
1 0.55625 0.734375 0.0375 0.09375
0 0.559375 0.6953125 0.0109375 0.0109375
1 0.590625 0.709375 0.01875 0.0421875
0 0.5921875 0.69375 0.0046875 0.00625
1 0.684375 0.78125 0.075 0.15
0 0.69375 0.7203125 0.0171875 0.025
1 0 0.125 0 0
0 0.815625 0.7171875 0.021875 0.025
1 0.7234375 0.7203125 0.0203125 0.05625
0 0.725 0.6984375 0.00625 0.00625
1 0.66875 0.7328125 0.0375 0.0859375
0 0.6671875 0.6953125 0.0109375 0.009375
1 0.646875 0.71875 0.0265625 0.0625
0 0.65 0.69375 0.00625 0.0078125
1 0.6828125 0.7046875 0.0171875 0.0375
0 0.68125 0.690625 0.0046875 0.0046875
1 0.54375 0.696875 0.0125 0.028125
0 0.54375 0.6875 0.0046875 0.0046875
1 0.58125 0.7 0.0125 0.03125
0 0.584375 0.6875 0.0046875 0.0046875
1 0.9046875 0.7875 0.1015625 0.16875
0 0.8890625 0.7203125 0.0234375 0.0234375