1 0.375 0.6703125 0.253125 0.65
0 0.4515625 0.4078125 0.090625 0.1125
1 0.5328125 0.6421875 0.1921875 0.70625
0 0.5140625 0.3515625 0.0828125 0.1140625
1 0.6828125 0.6171875 0.209375 0.7546875
0 0.6921875 0.296875 0.08125 0.1125
1 0.8671875 0.596875 0.1828125 0.51875
0 0.9046875 0.3796875 0.0671875 0.06875
1 0.2375 0.5765625 0.3171875 0.7921875
0 0.2921875 0.34375 0.08125 0.1078125
1 0.1984375 0.603125 0.3859375 0.603125
0 0.2484375 0.3640625 0.0609375 0.09375
1 0.1515625 0.5859375 0.1546875 0.49375
0 0.1453125 0.38125 0.05 0.0671875
1 0.6 0.615625 0.190625 0.6828125
0 0.590625 0.3265625 0.0765625 0.096875