1 0.5625 0.59375 0.009375 0.028125
0 0.5640625 0.5828125 0.0046875 0.0046875
1 0.5765625 0.5984375 0.0078125 0.0171875
0 0.575 0.59375 0.003125 0.003125
1 0.5875 0.59375 0.0171875 0.025
0 0.584375 0.584375 0.003125 0.003125
1 0.59375 0.5953125 0.0109375 0.0234375
0 0.590625 0.5859375 0.003125 0.003125
1 0.603125 0.59375 0.009375 0.025
0 0.6046875 0.5828125 0.003125 0.003125
1 0.4828125 0.596875 0.0078125 0.0140625
0 0.484375 0.59375 0.003125 0.003125
1 0.4921875 0.5984375 0.0078125 0.015625
0 0.490625 0.59375 0.0015625 0.0015625
1 0.36875 0.596875 0.00625 0.0140625
0 0.36875 0.590625 0.003125 0.0015625
1 0.3609375 0.590625 0.009375 0.0234375
0 0.359375 0.58125 0.0046875 0.003125
1 0.3078125 0.590625 0.0078125 0.0234375
0 0.3078125 0.58125 0.003125 0.003125