1 0.2859375 0.7734375 0.3015625 0.4453125
0 0.275 0.684375 0.11875 0.109375
1 0.5734375 0.6140625 0.225 0.6140625
0 0.590625 0.365625 0.065625 0.103125
1 0.8 0.5609375 0.13125 0.36875
0 0.7984375 0.4078125 0.0421875 0.0515625
1 0.834375 0.51875 0.1328125 0.3828125
0 0.8359375 0.3640625 0.0453125 0.0640625
1 0.7296875 0.51875 0.1234375 0.3390625
0 0.7578125 0.3828125 0.0453125 0.059375
1 0.4078125 0.5296875 0.165625 0.440625
0 0.415625 0.353125 0.046875 0.0609375
1 0.2265625 0.4703125 0.1109375 0.3734375
0 0.234375 0.315625 0.0515625 0.05625
1 0.0953125 0.5015625 0.146875 0.4453125
0 0.08125 0.3203125 0.05625 0.065625
1 0.121875 0.440625 0.103125 0.3484375
0 0.115625 0.3 0.046875 0.0609375
1 0.2703125 0.4515625 0.0984375 0.3359375
0 0.275 0.3171875 0.046875 0.059375
1 0.50625 0.278125 0.046875 0.11875
0 0.50625 0.228125 0.0140625 0.0171875
1 0.46875 0.478125 0.1234375 0.4203125
0 0.46875 0.3015625 0.046875 0.0609375
1 0.765625 0.40625 0.08125 0.225
0 0.76875 0.315625 0.0234375 0.028125
1 0.6859375 0.5265625 0.1375 0.3640625
0 0.7140625 0.378125 0.05 0.059375
1 0.628125 0.5515625 0.103125 0.415625
0 0.653125 0.3828125 0.0546875 0.065625
1 0.340625 0.353125 0.059375 0.175
0 0.3390625 0.2875 0.021875 0.03125
1 0.2875 0.3328125 0.08125 0.2
0 0.2890625 0.2546875 0.021875 0.028125
1 0.2375 0.334375 0.05625 0.18125
0 0.240625 0.2671875 0.0234375 0.03125
1 0.1765625 0.353125 0.0796875 0.234375
0 0.1578125 0.259375 0.021875 0.03125
1 0.1140625 0.31875 0.06875 0.1828125
0 0.1140625 0.25 0.021875 0.03125