1 0.225 0.5671875 0.1640625 0.4234375
0 0.1953125 0.3984375 0.06875 0.06875
1 0.4484375 0.5015625 0.059375 0.228125
0 0.4453125 0.40625 0.0265625 0.03125
1 0.5140625 0.496875 0.071875 0.2375
0 0.5203125 0.4 0.025 0.03125
1 0.553125 0.5109375 0.1265625 0.2984375
0 0.5796875 0.3875 0.034375 0.0375
1 0.596875 0.5359375 0.084375 0.1671875
0 0.6109375 0.4703125 0.01875 0.0296875
1 0.90625 0.5390625 0.0890625 0.171875
0 0.9109375 0.4765625 0.046875 0.0375
1 0.8421875 0.5078125 0.0625 0.1140625
0 0.8421875 0.471875 0.021875 0.028125