1 0.0421875 0.440625 0.08125 0.396875
0 0.015625 0.2703125 0.0296875 0.0515625
1 0.1625 0.5984375 0.3234375 0.4640625
0 0.065625 0.4078125 0.078125 0.071875
1 0.11875 0.5734375 0.178125 0.4515625
0 0.1046875 0.384375 0.05 0.065625
1 0.2 0.58125 0.2234375 0.465625
0 0.1640625 0.3890625 0.05625 0.0671875
1 0.2578125 0.6 0.2234375 0.459375
0 0.225 0.4171875 0.065625 0.08125
1 0.2875 0.5609375 0.1453125 0.3984375
0 0.259375 0.396875 0.053125 0.065625
1 0.3328125 0.5640625 0.1625 0.3921875
0 0.3265625 0.4046875 0.0578125 0.071875
1 0.4765625 0.525 0.2140625 0.609375
0 0.48125 0.265625 0.059375 0.0796875
1 0.6078125 0.603125 0.1796875 0.453125
0 0.6 0.4234375 0.0546875 0.0859375
1 0.6015625 0.4953125 0.10625 0.321875
0 0.6 0.3625 0.0421875 0.0546875
1 0.6265625 0.5125 0.1046875 0.3140625
0 0.634375 0.384375 0.040625 0.0515625
1 0.6796875 0.559375 0.153125 0.4046875
0 0.684375 0.3921875 0.059375 0.065625
1 0.7265625 0.5671875 0.0953125 0.3953125
0 0.7265625 0.4046875 0.0546875 0.0625
1 0.7828125 0.5859375 0.2015625 0.428125
0 0.790625 0.4140625 0.0609375 0.0796875
1 0.940625 0.53125 0.1140625 0.309375
0 0.95 0.4046875 0.05 0.05
1 0.84375 0.590625 0.259375 0.4796875
0 0.86875 0.378125 0.1015625 0.1203125