1 0.0640625 0.4171875 0.0359375 0.08125
0 0.0640625 0.3890625 0.009375 0.009375
1 0.11875 0.4453125 0.053125 0.090625
0 0.11875 0.4140625 0.0109375 0.0125
1 0.225 0.4125 0.0328125 0.053125
0 0.23125 0.390625 0.009375 0.009375
1 0.040625 0.55625 0.05 0.0890625
0 0.040625 0.525 0.0203125 0.021875
1 0.2265625 0.540625 0.0515625 0.084375
0 0.221875 0.509375 0.0109375 0.0125
1 0.1359375 0.6390625 0.08125 0.1109375
0 0.15625 0.6015625 0.0171875 0.0234375
1 0.0484375 0.66875 0.090625 0.1125
0 0.00625 0.65 0.0078125 0.0203125
1 0.2453125 0.6828125 0.071875 0.178125
0 0.2359375 0.615625 0.0296875 0.0375
1 0.2921875 0.60625 0.0671875 0.1609375
0 0.28125 0.55 0.025 0.0328125
1 0.3609375 0.7171875 0.078125 0.1703125
0 0.359375 0.659375 0.025 0.028125
1 0.475 0.571875 0.0828125 0.190625
0 0.4703125 0.4984375 0.025 0.0375
1 0.5234375 0.490625 0.065625 0.14375
0 0.5265625 0.4375 0.0203125 0.0296875
1 0.5296875 0.434375 0.059375 0.128125
0 0.528125 0.3890625 0.0234375 0.0265625
1 0.34375 0.5390625 0.0890625 0.1734375
0 0.346875 0.471875 0.025 0.028125
1 0.39375 0.528125 0.0546875 0.190625
0 0.3859375 0.45625 0.0203125 0.025
1 0.4265625 0.46875 0.065625 0.1578125
0 0.4234375 0.4125 0.025 0.0296875
1 0.4484375 0.43125 0.0640625 0.14375
0 0.440625 0.38125 0.01875 0.0265625
1 0.484375 0.4140625 0.0828125 0.165625
0 0.4890625 0.3484375 0.0203125 0.025
1 0.5 0.36875 0.0546875 0.140625
0 0.4953125 0.3140625 0.01875 0.0265625
1 0.521875 0.3265625 0.0421875 0.1234375
0 0.5234375 0.2828125 0.0203125 0.0265625
1 0.5390625 0.340625 0.0421875 0.1453125
0 0.5421875 0.284375 0.0234375 0.0265625
1 0.56875 0.3296875 0.0484375 0.115625
0 0.5703125 0.2859375 0.01875 0.0203125
1 0.5734375 0.3078125 0.0359375 0.0890625
0 0.56875 0.278125 0.01875 0.025
1 0.615625 0.325 0.0375 0.1234375
0 0.6109375 0.28125 0.0140625 0.0171875
1 0.6421875 0.3359375 0.040625 0.115625
0 0.646875 0.29375 0.01875 0.021875
1 0.659375 0.315625 0.034375 0.1265625
0 0.659375 0.271875 0.01875 0.0234375
1 0.6859375 0.328125 0.0421875 0.1140625
0 0.6734375 0.2828125 0.0203125 0.025
1 0.721875 0.328125 0.0484375 0.13125
0 0.71875 0.275 0.01875 0.0234375
1 0.746875 0.328125 0.0484375 0.14375
0 0.74375 0.275 0.0125 0.0203125
1 0.7765625 0.3203125 0.040625 0.1296875
0 0.771875 0.2703125 0.0234375 0.034375
1 0.859375 0.3046875 0.0515625 0.21875
0 0.86875 0.2140625 0.0296875 0.03125
1 0.884375 0.3125 0.0484375 0.228125
0 0.8921875 0.21875 0.025 0.0265625
1 0.915625 0.3140625 0.0890625 0.2375
0 0.9109375 0.203125 0.0296875 0.0171875
1 0.959375 0.321875 0.0734375 0.2546875
0 0.978125 0.2140625 0.03125 0.040625