1 0.0796875 0.58125 0.1546875 0.3890625
0 0.0578125 0.4546875 0.0828125 0.1015625
1 0.2203125 0.584375 0.1609375 0.3859375
0 0.228125 0.4421875 0.0734375 0.0875
1 0.3890625 0.5953125 0.16875 0.3625
0 0.3953125 0.453125 0.0640625 0.065625
1 0.5171875 0.5921875 0.146875 0.36875
0 0.5203125 0.44375 0.0578125 0.0671875
1 0.625 0.6 0.1265625 0.3515625
0 0.6171875 0.465625 0.05625 0.06875
1 0.6453125 0.6078125 0.2953125 0.3390625
0 0.6921875 0.4890625 0.0640625 0.0796875
1 0.9015625 0.6078125 0.190625 0.3390625
0 0.9171875 0.4875 0.090625 0.0921875