1 0.1609375 0.6953125 0.125 0.3015625
0 0.1625 0.565625 0.0375 0.034375
1 0.253125 0.64375 0.0984375 0.246875
0 0.265625 0.54375 0.0265625 0.0328125
1 0.3171875 0.7078125 0.228125 0.3296875
0 0.309375 0.596875 0.0828125 0.103125
1 0.3671875 0.7 0.0953125 0.346875
0 0.371875 0.5578125 0.0421875 0.0515625
1 0.440625 0.66875 0.109375 0.2828125
0 0.43125 0.55 0.0359375 0.0375
1 0.453125 0.5578125 0.0234375 0.0625
0 0.453125 0.5328125 0.0078125 0.0078125
1 0.5015625 0.625 0.0765625 0.190625
0 0.5109375 0.54375 0.021875 0.025
1 0.5328125 0.596875 0.0453125 0.1453125
0 0.534375 0.5328125 0.015625 0.0171875
1 0.571875 0.6 0.0671875 0.16875
0 0.575 0.5265625 0.015625 0.0171875
1 0.6140625 0.675 0.1 0.31875
0 0.6109375 0.5359375 0.034375 0.0390625
1 0.665625 0.6234375 0.078125 0.196875
0 0.64375 0.54375 0.025 0.025
1 0.796875 0.6921875 0.1421875 0.3453125
0 0.7921875 0.5390625 0.0328125 0.0375
1 0.8171875 0.603125 0.040625 0.146875
0 0.8171875 0.540625 0.0140625 0.0203125
1 0.871875 0.6390625 0.0859375 0.2359375
0 0.85625 0.5359375 0.0296875 0.028125
1 0.9625 0.7109375 0.0703125 0.3234375
0 0.9890625 0.5796875 0.01875 0.0515625