1 0.1859375 0.6171875 0.3671875 0.3828125
0 0.196875 0.3984375 0.125 0.15625
1 0.509375 0.6109375 0.334375 0.39375
0 0.4734375 0.365625 0.1125 0.15
1 0.8515625 0.6546875 0.290625 0.309375
0 0.821875 0.671875 0.16875 0.159375
1 0.0796875 0.6640625 0.1546875 0.2890625
0 0.0296875 0.58125 0.05625 0.115625
1 0.546875 0.58125 0.265625 0.453125
0 0.55625 0.34375 0.0921875 0.1015625
1 0.925 0.625 0.1421875 0.36875
0 0.946875 0.484375 0.0609375 0.078125
1 0.7703125 0.56875 0.2734375 0.48125
0 0.7671875 0.3140625 0.084375 0.1015625