1 0.209375 0.5734375 0.234375 0.4390625
0 0.1953125 0.396875 0.1109375 0.1125
1 0.2625 0.596875 0.3453125 0.3921875
0 0.34375 0.4234375 0.0796875 0.1
1 0.3484375 0.5734375 0.1578125 0.4390625
0 0.3734375 0.4046875 0.06875 0.09375
1 0.4171875 0.575 0.1296875 0.434375
0 0.4234375 0.3984375 0.0640625 0.08125
1 0.4625 0.5890625 0.3921875 0.4078125
0 0.496875 0.39375 0.0828125 0.103125
1 0.5921875 0.5953125 0.3140625 0.396875
0 0.596875 0.434375 0.06875 0.1171875
1 0.7140625 0.5875 0.3234375 0.4109375
0 0.690625 0.4390625 0.0734375 0.0984375
1 0.7703125 0.6 0.309375 0.3875
0 0.809375 0.4765625 0.078125 0.1
1 0.8984375 0.6 0.1796875 0.384375
0 0.903125 0.4515625 0.075 0.078125
1 0.9234375 0.5421875 0.15 0.3171875
0 0.9453125 0.4078125 0.0375 0.0375
1 0.9140625 0.5171875 0.1015625 0.2453125
0 0.9328125 0.415625 0.0375 0.0375