1 0.975 0.7046875 0.0390625 0.08125
0 0.96875 0.6765625 0.009375 0.009375
1 0.946875 0.6703125 0.021875 0.05625
0 0.95 0.6453125 0.0078125 0.0078125
1 0.925 0.6703125 0.025 0.0546875
0 0.9203125 0.6484375 0.0046875 0.0078125
1 0.90625 0.6671875 0.0203125 0.0515625
0 0.90625 0.6453125 0.00625 0.00625
1 0.8125 0.659375 0.021875 0.053125
0 0.8140625 0.6375 0.00625 0.00625
1 0.7890625 0.65625 0.0265625 0.05625
0 0.7921875 0.634375 0.00625 0.0078125
1 0.83125 0.6328125 0.0203125 0.046875
0 0.8328125 0.6140625 0.0046875 0.0046875
1 0.8125 0.6265625 0.0203125 0.0359375
0 0.815625 0.6125 0.00625 0.00625
1 0.7890625 0.6234375 0.0140625 0.034375
0 0.790625 0.609375 0.0046875 0.0046875
1 0.7796875 0.625 0.0125 0.0390625
0 0.7796875 0.609375 0.00625 0.0046875
1 0.7109375 0.6171875 0.0171875 0.0390625
0 0.709375 0.6 0.0046875 0.0046875
1 0.7109375 0.590625 0.0078125 0.0203125
0 0.7125 0.5828125 0.003125 0.003125
1 0.73125 0.6671875 0.0234375 0.0546875
0 0.7296875 0.6453125 0.00625 0.0078125
1 0.659375 0.6125 0.0109375 0.034375
0 0.659375 0.596875 0.0046875 0.0046875
1 0.66875 0.6125 0.0125 0.0359375
0 0.66875 0.5984375 0.0046875 0.0046875
1 0.6921875 0.59375 0.0109375 0.0234375
0 0.6921875 0.584375 0.0015625 0.0015625
1 0.7640625 0.590625 0.0109375 0.021875
0 0.7640625 0.58125 0.003125 0.003125
1 0.6171875 0.6109375 0.009375 0.03125
0 0.61875 0.5984375 0.003125 0.003125
1 0.5703125 0.5953125 0.0078125 0.0234375
0 0.56875 0.5859375 0.003125 0.003125
1 0.559375 0.5859375 0.0109375 0.021875
0 0.5609375 0.5765625 0.003125 0.0015625
1 0.528125 0.6 0.009375 0.0296875
0 0.528125 0.5875 0.003125 0.003125
1 0.515625 0.615625 0.0140625 0.0359375
0 0.5140625 0.6015625 0.0046875 0.00625
1 0.490625 0.6046875 0.0109375 0.03125
0 0.49375 0.590625 0.003125 0.003125
1 0.5015625 0.6046875 0.0109375 0.025
0 0.5015625 0.5953125 0.003125 0.003125
1 0.5078125 0.6015625 0.0125 0.03125
0 0.5078125 0.5890625 0.003125 0.003125
1 0.4703125 0.6125 0.0125 0.03125
0 0.471875 0.6 0.003125 0.003125
1 0.4203125 0.66875 0.021875 0.0671875
0 0.4140625 0.640625 0.0078125 0.009375
1 0.403125 0.6765625 0.021875 0.0625
0 0.403125 0.646875 0.00625 0.00625
1 0.340625 0.65 0.03125 0.05625
0 0.3390625 0.6265625 0.00625 0.00625
1 0.2984375 0.6328125 0.0140625 0.0421875
0 0.3 0.615625 0.0046875 0.00625
1 0.2875 0.6328125 0.0203125 0.046875
0 0.2875 0.6140625 0.0046875 0.00625
1 0.3625 0.609375 0.0140625 0.0328125
0 0.3640625 0.596875 0.003125 0.003125
1 0.38125 0.6046875 0.0140625 0.0296875
0 0.384375 0.5921875 0.003125 0.003125
1 0.409375 0.6015625 0.0125 0.0328125
0 0.4078125 0.5890625 0.0046875 0.0046875
1 0.3296875 0.5796875 0.0078125 0.0171875
0 0.328125 0.5734375 0.0015625 0.003125
1 0.3109375 0.5859375 0.009375 0.0265625
0 0.3109375 0.575 0.003125 0.003125
1 0.30625 0.5859375 0.0078125 0.0234375
0 0.3078125 0.5765625 0.003125 0.003125
1 0.2921875 0.5890625 0.009375 0.0234375
0 0.2921875 0.5796875 0.0015625 0.0015625
1 0.221875 0.5859375 0.0078125 0.025
0 0.221875 0.575 0.003125 0.003125
1 0.1984375 0.56875 0.009375 0.0234375
0 0.196875 0.559375 0.003125 0.003125
1 0.215625 0.6234375 0.0171875 0.0375
0 0.215625 0.6078125 0.00625 0.0046875
1 0.1828125 0.6171875 0.028125 0.015625
0 0.1765625 0.6109375 0.0046875 0.003125
1 0.2 0.6109375 0.025 0.015625
0 0.19375 0.6078125 0.0046875 0.0046875
1 0.1625 0.6203125 0.0234375 0.0171875
0 0.1609375 0.6140625 0.0046875 0.0046875
1 0.2671875 0.59375 0.009375 0.0265625
0 0.2671875 0.5828125 0.003125 0.003125
1 0.275 0.5875 0.0109375 0.021875
0 0.2734375 0.578125 0.003125 0.0015625
1 0.35625 0.584375 0.0078125 0.0203125
0 0.35625 0.5765625 0.0015625 0.0015625
1 0.3546875 0.5671875 0.00625 0.0140625
0 0.353125 0.5625 0.0015625 0.0015625
1 0.3625 0.575 0.0046875 0.0125
0 0.3625 0.5703125 0.0015625 0.0015625
1 0.3671875 0.5734375 0.00625 0.0171875
0 0.365625 0.5671875 0.0015625 0.0015625
1 0.39375 0.5765625 0.0046875 0.015625
0 0.39375 0.5703125 0.0015625 0.0015625
1 0.403125 0.5765625 0.00625 0.015625
0 0.403125 0.5703125 0.0015625 0.0015625
1 0.4375 0.571875 0.00625 0.015625
0 0.4359375 0.5640625 0.0015625 0.0015625
1 0.4296875 0.565625 0.0046875 0.0125
0 0.4296875 0.559375 0.0015625 0.0015625
1 0.2390625 0.7 0.0296875 0.071875
0 0.234375 0.671875 0.0078125 0.009375
1 0.3234375 0.7375 0.034375 0.078125
0 0.3234375 0.70625 0.0109375 0.0125
1 0.0578125 0.7328125 0.0453125 0.0875
0 0.0578125 0.6984375 0.0125 0.0140625
1 0.059375 0.6609375 0.028125 0.065625
0 0.0609375 0.6328125 0.0078125 0.00625
1 0.128125 0.61875 0.01875 0.0390625
0 0.1296875 0.603125 0.0046875 0.0046875
1 0.0546875 0.6203125 0.0125 0.040625
0 0.0546875 0.6046875 0.0046875 0.0046875
1 0.653125 0.603125 0.0109375 0.028125
0 0.653125 0.590625 0.003125 0.003125
1 0.6453125 0.6078125 0.009375 0.034375
0 0.6421875 0.59375 0.0046875 0.0046875
1 0.6390625 0.6125 0.0109375 0.0328125
0 0.640625 0.5984375 0.003125 0.003125
1 0.6296875 0.6109375 0.0109375 0.0328125
0 0.63125 0.5984375 0.0046875 0.0046875
1 0.6296875 0.6046875 0.0125 0.0296875
0 0.6296875 0.5921875 0.0046875 0.0046875
1 0.6078125 0.6046875 0.0109375 0.03125
0 0.609375 0.5921875 0.003125 0.003125
1 0.6140625 0.6078125 0.0078125 0.0328125
0 0.615625 0.5953125 0.003125 0.0046875
1 0.6203125 0.6078125 0.0078125 0.028125
0 0.6203125 0.5953125 0.003125 0.0046875
1 0.5734375 0.5875 0.0078125 0.0234375
0 0.571875 0.5765625 0.003125 0.0015625
1 0.6109375 0.5890625 0.009375 0.0234375
0 0.6125 0.5796875 0.0015625 0.0015625
1 0.621875 0.5796875 0.00625 0.01875
0 0.621875 0.571875 0.0015625 0.0015625
1 0.6296875 0.584375 0.0078125 0.0203125
0 0.6296875 0.575 0.0015625 0.0015625
1 0.65 0.58125 0.00625 0.01875
0 0.6515625 0.575 0.0015625 0.0015625
1 0.671875 0.5875 0.0078125 0.0203125
0 0.6734375 0.5796875 0.003125 0.0015625
1 0.6796875 0.5890625 0.0078125 0.021875
0 0.6796875 0.5796875 0.0015625 0.0015625
1 0.684375 0.5921875 0.00625 0.0234375
0 0.684375 0.584375 0.003125 0.003125
1 0.7046875 0.5953125 0.0078125 0.009375
0 0.7046875 0.5921875 0.0015625 0.0015625
1 0.75625 0.5875 0.009375 0.021875
0 0.75625 0.578125 0.003125 0.0015625
1 0.5890625 0.58125 0.0046875 0.01875
0 0.5875 0.5734375 0.0015625 0.0015625
1 0.59375 0.5796875 0.0046875 0.0203125
0 0.59375 0.571875 0.0015625 0.0015625
1 0.5578125 0.5734375 0.00625 0.0171875
0 0.5578125 0.565625 0.0015625 0.0015625
1 0.54375 0.571875 0.0078125 0.01875
0 0.5453125 0.5640625 0.0015625 0.0015625
1 0.5265625 0.5765625 0.0046875 0.0125
0 0.528125 0.571875 0.003125 0.0015625
1 0.5359375 0.5734375 0.00625 0.015625
0 0.5359375 0.5671875 0.0015625 0.0015625
1 0.5375 0.590625 0.00625 0.021875
0 0.5390625 0.5828125 0.003125 0.003125
1 0.546875 0.5890625 0.009375 0.021875
0 0.5453125 0.5796875 0.003125 0.0015625
1 0.5140625 0.5734375 0.00625 0.0171875
0 0.5140625 0.5671875 0.0015625 0.0015625
1 0.478125 0.5734375 0.00625 0.015625
0 0.4765625 0.5671875 0.0015625 0.0015625
1 0.46875 0.571875 0.0046875 0.0125
0 0.46875 0.5671875 0.0015625 0.0015625
1 0.4625 0.5828125 0.0078125 0.01875
0 0.4625 0.5765625 0.0015625 0.0015625
1 0.4609375 0.5984375 0.0109375 0.0265625
0 0.4609375 0.5875 0.003125 0.003125
1 0.4609375 0.59375 0.00625 0.021875
0 0.4609375 0.584375 0.0015625 0.0015625
1 0.446875 0.6046875 0.0125 0.0296875
0 0.4453125 0.5921875 0.003125 0.003125
1 0.434375 0.596875 0.0125 0.028125
0 0.4375 0.584375 0.003125 0.003125
1 0.4484375 0.5984375 0.00625 0.0265625
0 0.4484375 0.5875 0.003125 0.003125
1 0.4609375 0.5765625 0.0046875 0.0171875
0 0.4609375 0.5703125 0 0
1 0.4640625 0.575 0.0046875 0.0171875
0 0.4640625 0.5671875 0.0015625 0.0015625
1 0.44375 0.5828125 0.00625 0.0203125
0 0.44375 0.575 0.0015625 0.0015625
1 0.440625 0.584375 0.00625 0.0203125
0 0.440625 0.5765625 0.0015625 0.0015625
1 0.4328125 0.5859375 0.00625 0.025
0 0.434375 0.575 0.003125 0.0015625
1 0.4203125 0.5859375 0.0078125 0.021875
0 0.41875 0.5765625 0.003125 0.0015625
1 0.396875 0.59375 0.009375 0.021875
0 0.3953125 0.584375 0.0015625 0.003125
1 0.371875 0.5859375 0.0078125 0.021875
0 0.3734375 0.5765625 0.0015625 0.0015625
1 0.3375 0.5796875 0.00625 0.01875
0 0.3375 0.571875 0.0015625 0.0015625
1 0.3390625 0.5734375 0.0046875 0.015625
0 0.3390625 0.5671875 0.0015625 0.0015625
1 0.321875 0.5796875 0.0078125 0.0171875
0 0.321875 0.571875 0.0015625 0.0015625
1 0.2890625 0.584375 0.00625 0.0203125
0 0.2890625 0.5765625 0.0015625 0.0015625
1 0.41875 0.571875 0.00625 0.0171875
0 0.41875 0.5640625 0 0
1 0.4265625 0.5734375 0.00625 0.0140625
0 0.4265625 0.5671875 0.0015625 0.0015625
1 0.409375 0.575 0.00625 0.01875
0 0.409375 0.5671875 0.0015625 0.0015625
1 0.4109375 0.571875 0.0046875 0.0140625
0 0.4109375 0.565625 0.0015625 0.0015625
1 0.39375 0.5640625 0.0046875 0.0109375
0 0.39375 0.559375 0 0
1 0.3921875 0.565625 0.0046875 0.0109375
0 0.390625 0.5609375 0.0015625 0.0015625
1 0.3875 0.5953125 0.0078125 0.025
0 0.3890625 0.584375 0.003125 0.003125
1 0.378125 0.59375 0.009375 0.0265625
0 0.378125 0.5828125 0.003125 0.003125
1 0.5421875 0.5875 0.00625 0.0203125
0 0.5421875 0.5796875 0.0015625 0.0015625