1 0.0703125 0.80625 0.103125 0.1265625
0 0.0578125 0.7703125 0.040625 0.0484375
1 0.0359375 0.7515625 0.0671875 0.228125
0 0.04375 0.665625 0.0359375 0.0421875
1 0.0734375 0.76875 0.0953125 0.2
0 0.0875 0.6984375 0.0359375 0.04375
1 0.125 0.7765625 0.0953125 0.1875
0 0.1234375 0.7078125 0.040625 0.0453125
1 0.1875 0.803125 0.128125 0.134375
0 0.1828125 0.7875 0.040625 0.05625
1 0.2109375 0.7578125 0.0875 0.2234375
0 0.2015625 0.675 0.040625 0.04375
1 0.15 0.7171875 0.0921875 0.196875
0 0.128125 0.6515625 0.0328125 0.0375
1 0.3234375 0.8 0.0953125 0.1390625
0 0.3453125 0.7625 0.040625 0.05625
1 0.33125 0.7875 0.084375 0.165625
0 0.3359375 0.7296875 0.0359375 0.0375
1 0.4078125 0.8125 0.1 0.1140625
0 0.4 0.8015625 0.04375 0.05
1 0.475 0.8 0.109375 0.1390625
0 0.4515625 0.765625 0.04375 0.0515625
1 0.5734375 0.7953125 0.103125 0.15
0 0.58125 0.75 0.0390625 0.0515625
1 0.596875 0.765625 0.1328125 0.2078125
0 0.584375 0.6890625 0.040625 0.0453125
1 0.7609375 0.7875 0.1546875 0.1640625
0 0.80625 0.76875 0.0390625 0.0515625
1 0.6734375 0.696875 0.0953125 0.2359375
0 0.665625 0.596875 0.0296875 0.03125
1 0.11875 0.5859375 0.04375 0.1546875
0 0.1296875 0.5234375 0.0171875 0.01875
1 0.140625 0.5984375 0.0578125 0.14375
0 0.1359375 0.5421875 0.0171875 0.0203125
1 0.246875 0.6578125 0.0703125 0.140625
0 0.2546875 0.6109375 0.0328125 0.0390625
1 0.2796875 0.5671875 0.0578125 0.0765625
0 0.2671875 0.5609375 0.028125 0.0265625
1 0.3125 0.625 0.0765625 0.1296875
0 0.3390625 0.578125 0.021875 0.03125
1 0.34375 0.6140625 0.0578125 0.1609375
0 0.3453125 0.55 0.01875 0.01875
1 0.396875 0.6640625 0.084375 0.1359375
0 0.3796875 0.6203125 0.0296875 0.03125
1 0.4234375 0.653125 0.0921875 0.1625
0 0.396875 0.59375 0.028125 0.03125
1 0.4796875 0.646875 0.0765625 0.134375
0 0.46875 0.5984375 0.0296875 0.0390625
1 0.5578125 0.7078125 0.0796875 0.1625
0 0.55625 0.646875 0.0328125 0.0375
1 0.5671875 0.6734375 0.10625 0.19375
0 0.5625 0.59375 0.04375 0.04375
1 0.5453125 0.625 0.0703125 0.1375
0 0.5359375 0.575 0.021875 0.0296875
1 0.5078125 0.634375 0.0625 0.14375
0 0.5 0.58125 0.025 0.03125
1 0.596875 0.6 0.0625 0.13125
0 0.596875 0.5578125 0.025 0.0265625
1 0.671875 0.65625 0.0703125 0.190625
0 0.6625 0.5765625 0.025 0.025
1 0.6171875 0.58125 0.0515625 0.1296875
0 0.6171875 0.534375 0.01875 0.025
1 0.6359375 0.5890625 0.040625 0.153125
0 0.6328125 0.5328125 0.0171875 0.025
1 0.4421875 0.46875 0.0359375 0.0859375
0 0.453125 0.434375 0.0109375 0.0125
1 0.4640625 0.4390625 0.046875 0.09375
0 0.4703125 0.403125 0.0109375 0.0140625
1 0.4984375 0.4390625 0.0359375 0.0875
0 0.5 0.4078125 0.0109375 0.0125
1 0.51875 0.4578125 0.046875 0.08125
0 0.5140625 0.4265625 0.0109375 0.0171875
1 0.559375 0.465625 0.0328125 0.10625
0 0.559375 0.41875 0.0109375 0.0125
1 0.584375 0.453125 0.04375 0.1015625
0 0.58125 0.4140625 0.0140625 0.0171875
1 0.50625 0.384375 0.021875 0.06875
0 0.5078125 0.359375 0.00625 0.0109375
1 0.5078125 0.3703125 0.01875 0.0609375
0 0.5078125 0.3453125 0.00625 0.00625
1 0.5375 0.35 0.0140625 0.0453125
0 0.5421875 0.33125 0.003125 0.00625
1 0.65 0.6734375 0.0703125 0.2046875
0 0.640625 0.5875 0.0296875 0.025