1 0.8609375 0.6265625 0.078125 0.24375
0 0.8609375 0.53125 0.03125 0.03125
1 0.8203125 0.6125 0.0609375 0.246875
0 0.8109375 0.509375 0.028125 0.03125
1 0.7625 0.6484375 0.0734375 0.159375
0 0.7546875 0.5875 0.025 0.03125
1 0.7640625 0.6015625 0.0625 0.196875
0 0.7578125 0.5203125 0.0265625 0.0328125
1 0.6953125 0.6125 0.06875 0.196875
0 0.690625 0.5296875 0.021875 0.028125
1 0.7296875 0.5859375 0.059375 0.196875
0 0.7296875 0.50625 0.025 0.0328125
1 0.659375 0.5796875 0.065625 0.2046875
0 0.6578125 0.4953125 0.025 0.028125
1 0.66875 0.6484375 0.071875 0.1359375
0 0.65625 0.5984375 0.025 0.03125
1 0.6140625 0.65 0.0578125 0.13125
0 0.6234375 0.603125 0.025 0.0265625
1 0.6203125 0.578125 0.065625 0.2203125
0 0.61875 0.484375 0.0234375 0.03125
1 0.5671875 0.58125 0.0703125 0.2046875
0 0.584375 0.496875 0.025 0.03125
1 0.5578125 0.64375 0.075 0.1328125
0 0.553125 0.5953125 0.0265625 0.03125
1 0.4765625 0.640625 0.0734375 0.128125
0 0.4828125 0.596875 0.025 0.028125
1 0.503125 0.6203125 0.0609375 0.1359375
0 0.503125 0.5703125 0.0234375 0.028125
1 0.49375 0.5859375 0.06875 0.15625
0 0.478125 0.521875 0.0203125 0.025
1 0.5109375 0.5671875 0.0625 0.190625
0 0.515625 0.490625 0.0234375 0.0296875
1 0.4578125 0.5625 0.0625 0.190625
0 0.4625 0.4828125 0.0234375 0.0265625
1 0.4421875 0.590625 0.0546875 0.175
0 0.440625 0.51875 0.021875 0.028125
1 0.440625 0.640625 0.0578125 0.1390625
0 0.4390625 0.5875 0.025 0.0328125
1 0.4015625 0.6453125 0.08125 0.1390625
0 0.40625 0.5953125 0.025 0.0359375
1 0.334375 0.6359375 0.06875 0.1375
0 0.3390625 0.5890625 0.025 0.0375
1 0.25625 0.63125 0.0875 0.16875
0 0.2578125 0.5640625 0.0296875 0.0375
1 0.1765625 0.6515625 0.0703125 0.1484375
0 0.1859375 0.5921875 0.025 0.0296875
1 0.0875 0.596875 0.0828125 0.2171875
0 0.115625 0.5078125 0.028125 0.034375
1 0.128125 0.603125 0.0546875 0.2078125
0 0.1375 0.5234375 0.025 0.03125
1 0.15 0.5984375 0.0546875 0.1984375
0 0.15625 0.5171875 0.0171875 0.0296875
1 0.2 0.58125 0.0625 0.2546875
0 0.2140625 0.471875 0.025 0.0328125
1 0.24375 0.5921875 0.0578125 0.2125
0 0.2390625 0.5015625 0.025 0.028125
1 0.29375 0.603125 0.0515625 0.1984375
0 0.2984375 0.5234375 0.021875 0.028125
1 0.334375 0.596875 0.0609375 0.203125
0 0.3328125 0.5140625 0.025 0.028125
1 0.375 0.6 0.05625 0.1984375
0 0.3671875 0.515625 0.025 0.028125
1 0.4140625 0.59375 0.053125 0.1953125
0 0.4171875 0.5140625 0.0203125 0.028125
1 0.3703125 0.578125 0.0609375 0.1875
0 0.3671875 0.4984375 0.0203125 0.0265625
1 0.3234375 0.58125 0.053125 0.1921875
0 0.315625 0.4984375 0.0234375 0.0265625
1 0.28125 0.5828125 0.0640625 0.196875
0 0.2796875 0.5 0.0234375 0.028125
1 0.55 0.58125 0.0578125 0.2125
0 0.5484375 0.4953125 0.025 0.028125