1 0.221875 0.6234375 0.1109375 0.4453125
0 0.2171875 0.4375 0.05 0.0625
1 0.2734375 0.60625 0.2 0.49375
0 0.2640625 0.396875 0.0671875 0.0734375
1 0.3453125 0.5546875 0.1015625 0.3140625
0 0.3484375 0.428125 0.03125 0.0421875
1 0.4125 0.540625 0.075 0.28125
0 0.421875 0.4234375 0.028125 0.0375
1 0.421875 0.5828125 0.1328125 0.3046875
0 0.4140625 0.453125 0.0390625 0.040625
1 0.540625 0.5453125 0.09375 0.2828125
0 0.55 0.428125 0.0375 0.04375
1 0.6109375 0.5984375 0.1890625 0.4984375
0 0.6015625 0.3875 0.059375 0.0703125
1 0.6640625 0.5328125 0.0953125 0.290625
0 0.6546875 0.415625 0.040625 0.0484375
1 0.7421875 0.54375 0.1140625 0.29375
0 0.7421875 0.4171875 0.034375 0.0421875
1 0.8609375 0.571875 0.096875 0.3671875
0 0.8546875 0.415625 0.0484375 0.0546875
1 0.8765625 0.6109375 0.121875 0.421875
0 0.875 0.4328125 0.059375 0.0625
1 0.959375 0.5296875 0.0765625 0.296875
0 0.946875 0.4078125 0.034375 0.04375