1 0.18125 0.70625 0.0546875 0.153125
0 0.1796875 0.64375 0.0203125 0.01875
1 0.2265625 0.7046875 0.0515625 0.140625
0 0.225 0.6484375 0.0171875 0.0203125
1 0.4328125 0.73125 0.046875 0.184375
0 0.4375 0.6546875 0.0203125 0.0234375
1 0.4640625 0.740625 0.071875 0.178125
0 0.4734375 0.6671875 0.025 0.03125
1 0.4875 0.7421875 0.06875 0.1734375
0 0.4921875 0.6734375 0.021875 0.0328125
1 0.59375 0.740625 0.0578125 0.178125
0 0.59375 0.6671875 0.021875 0.028125
1 0.58125 0.7390625 0.0421875 0.1609375
0 0.5796875 0.671875 0.015625 0.01875
1 0.65 0.7046875 0.034375 0.090625
0 0.6546875 0.665625 0.0125 0.0125
1 0.696875 0.7109375 0.0390625 0.1140625
0 0.690625 0.6640625 0.0140625 0.0171875
1 0.753125 0.7296875 0.0515625 0.1640625
0 0.75625 0.6640625 0.0171875 0.028125
1 0.7453125 0.721875 0.046875 0.1390625
0 0.746875 0.6640625 0.0125 0.015625
1 0.784375 0.7453125 0.0640625 0.165625
0 0.7875 0.68125 0.0234375 0.028125
1 0.8359375 0.75 0.0671875 0.1578125
0 0.8296875 0.6875 0.025 0.028125
1 0.8796875 0.7546875 0.071875 0.1484375
0 0.875 0.7 0.0328125 0.03125
1 0.8921875 0.7390625 0.0578125 0.1453125
0 0.8796875 0.678125 0.0171875 0.01875
1 0.946875 0.734375 0.075 0.184375
0 0.94375 0.6578125 0.0234375 0.0234375
1 0.953125 0.7453125 0.0875 0.165625
0 0.96875 0.684375 0.025 0.028125
1 0.371875 0.70625 0.034375 0.1078125
0 0.371875 0.6609375 0.009375 0.009375
1 0.5703125 0.6875 0.021875 0.075
0 0.56875 0.6578125 0.009375 0.0125
1 0.621875 0.68125 0.0171875 0.071875
0 0.61875 0.6515625 0.009375 0.009375
1 0.63125 0.69375 0.025 0.0859375
0 0.63125 0.659375 0.0125 0.015625
1 0.65 0.6953125 0.03125 0.09375
0 0.6515625 0.6578125 0.0125 0.015625
1 0.6875 0.7140625 0.021875 0.103125
0 0.6890625 0.671875 0.0125 0.0125
1 0.721875 0.6875 0.0265625 0.078125
0 0.721875 0.6546875 0.009375 0.009375
1 0.7640625 0.74375 0.0515625 0.1703125
0 0.7671875 0.675 0.0171875 0.021875
1 0.8125 0.728125 0.0546875 0.153125
0 0.815625 0.665625 0.0171875 0.021875
1 0.8265625 0.703125 0.0328125 0.109375
0 0.825 0.659375 0.0125 0.015625
1 0.9859375 0.7140625 0.0234375 0.115625
0 0.9859375 0.66875 0.0171875 0.01875