1 0.9375 0.75625 0.11875 0.2296875
0 0.959375 0.7484375 0.075 0.0890625
1 0.746875 0.7359375 0.2421875 0.2703125
0 0.75625 0.7796875 0.1015625 0.11875
1 0.44375 0.7421875 0.1640625 0.2578125
0 0.4546875 0.740625 0.071875 0.078125
1 0.075 0.76875 0.15 0.2046875
0 0.084375 0.70625 0.0625 0.06875
1 0.184375 0.746875 0.1546875 0.2484375
0 0.15625 0.75 0.0765625 0.0796875
1 0.2625 0.8 0.121875 0.14375
0 0.2484375 0.7703125 0.059375 0.0578125
1 0.0453125 0.6453125 0.0515625 0.1375
0 0.0453125 0.5859375 0.0171875 0.0234375
1 0.0890625 0.6515625 0.046875 0.1171875
0 0.0984375 0.6046875 0.0140625 0.0203125
1 0.10625 0.678125 0.05625 0.1734375
0 0.1140625 0.6078125 0.021875 0.025
1 0.121875 0.6359375 0.0296875 0.1125
0 0.1171875 0.5875 0.0140625 0.0140625
1 0.1 0.63125 0.03125 0.10625
0 0.1046875 0.5875 0.0140625 0.0140625
1 0.1875 0.65625 0.0421875 0.1359375
0 0.196875 0.6046875 0.021875 0.0234375
1 0.221875 0.6640625 0.0390625 0.134375
0 0.2234375 0.6140625 0.021875 0.0296875
1 0.2265625 0.7171875 0.0765625 0.2015625
0 0.2421875 0.6390625 0.0265625 0.0328125
1 0.2625 0.665625 0.025 0.1125
0 0.265625 0.625 0.01875 0.025
1 0.271875 0.6421875 0.025 0.0984375
0 0.271875 0.6046875 0.0125 0.0125
1 0.3046875 0.6421875 0.034375 0.096875
0 0.3171875 0.6078125 0.0171875 0.021875
1 0.3453125 0.6390625 0.0296875 0.08125
0 0.3484375 0.6078125 0.009375 0.0125
1 0.375 0.61875 0.0265625 0.0703125
0 0.3765625 0.590625 0.009375 0.009375
1 0.3921875 0.6890625 0.0625 0.19375
0 0.396875 0.60625 0.021875 0.021875
1 0.2890625 0.728125 0.09375 0.25625
0 0.296875 0.625 0.03125 0.040625
1 0.3625 0.778125 0.09375 0.153125
0 0.3765625 0.7203125 0.0296875 0.0296875
1 0.409375 0.7484375 0.0515625 0.1453125
0 0.4203125 0.69375 0.021875 0.0234375
1 0.4203125 0.6703125 0.0421875 0.1453125
0 0.4140625 0.6125 0.021875 0.021875
1 0.4375 0.646875 0.03125 0.090625
0 0.4421875 0.609375 0.009375 0.009375
1 0.434375 0.6453125 0.0296875 0.0953125
0 0.4421875 0.6078125 0.0140625 0.0125
1 0.4625 0.61875 0.0140625 0.0390625
0 0.4671875 0.6046875 0.00625 0.0046875
1 0.4703125 0.675 0.0421875 0.14375
0 0.4796875 0.6203125 0.0171875 0.021875
1 0.4890625 0.69375 0.059375 0.159375
0 0.4921875 0.63125 0.01875 0.0234375
1 0.5890625 0.76875 0.134375 0.20625
0 0.6046875 0.6953125 0.0421875 0.0515625
1 0.6765625 0.76875 0.146875 0.20625
0 0.6921875 0.725 0.059375 0.0671875
1 0.753125 0.646875 0.03125 0.084375
0 0.7515625 0.615625 0.0125 0.0125
1 0.7328125 0.684375 0.04375 0.1265625
0 0.725 0.6375 0.0171875 0.021875
1 0.7125 0.6875 0.0546875 0.1375
0 0.7015625 0.6375 0.0265625 0.0328125
1 0.66875 0.6890625 0.059375 0.1171875
0 0.65625 0.646875 0.021875 0.028125
1 0.6203125 0.659375 0.0296875 0.0890625
0 0.6234375 0.625 0.0140625 0.015625
1 0.5453125 0.6171875 0.0171875 0.04375
0 0.55 0.6 0.00625 0.0046875
1 0.51875 0.646875 0.034375 0.1
0 0.521875 0.60625 0.009375 0.0125
1 0.5546875 0.6609375 0.0421875 0.103125
0 0.5609375 0.621875 0.0171875 0.0234375
1 0.596875 0.6921875 0.084375 0.171875
0 0.6015625 0.625 0.021875 0.028125
1 0.5546875 0.6703125 0.0421875 0.128125
0 0.5609375 0.6234375 0.0171875 0.021875
1 0.546875 0.734375 0.0546875 0.20625
0 0.5578125 0.65 0.0296875 0.0328125