1 0.125 0.4765625 0.165625 0.4515625
0 0.1140625 0.284375 0.0546875 0.0640625
1 0.2546875 0.5 0.146875 0.45
0 0.2453125 0.30625 0.053125 0.0546875
1 0.4734375 0.4921875 0.1234375 0.3828125
0 0.471875 0.33125 0.040625 0.0484375
1 0.640625 0.5125 0.11875 0.33125
0 0.6296875 0.3703125 0.0328125 0.0390625
1 0.7375 0.4859375 0.1265625 0.35
0 0.734375 0.334375 0.0375 0.040625
1 0.8640625 0.4625 0.140625 0.378125
0 0.8734375 0.303125 0.0390625 0.0515625
1 0 0.13125 0 0
0 0.978125 0.3578125 0.0140625 0.0171875
1 0.9328125 0.38125 0.0515625 0.0859375
0 0.9359375 0.3484375 0.0140625 0.015625
1 0.9375 0.340625 0.0203125 0.0578125
0 0.94375 0.31875 0.0078125 0.0078125
1 0.9125 0.346875 0.0171875 0.0609375
0 0.915625 0.321875 0.009375 0.009375
1 0.803125 0.365625 0.034375 0.0953125
0 0.8046875 0.3265625 0.0125 0.0140625
1 0.81875 0.346875 0.0265625 0.0609375
0 0.8203125 0.321875 0.0078125 0.0078125
1 0.696875 0.35 0.0265625 0.040625
0 0.7046875 0.334375 0.0078125 0.0078125
1 0.7078125 0.3359375 0.0171875 0.04375
0 0.7078125 0.3171875 0.0046875 0.0046875
1 0.6625 0.334375 0.0125 0.0328125
0 0.6640625 0.321875 0.003125 0.003125
1 0.63125 0.34375 0.01875 0.046875
0 0.63125 0.3265625 0.0046875 0.0046875
1 0.6046875 0.3453125 0.01875 0.05
0 0.6078125 0.3234375 0.00625 0.00625
1 0.6203125 0.3328125 0.0109375 0.0375
0 0.621875 0.31875 0.003125 0.003125
1 0.3953125 0.3734375 0.015625 0.059375
0 0.396875 0.35 0.0078125 0.009375
1 0.3984375 0.359375 0.03125 0.084375
0 0.39375 0.325 0.009375 0.0109375
1 0.3609375 0.38125 0.01875 0.053125
0 0.3609375 0.3609375 0.009375 0.009375
1 0.359375 0.3796875 0.03125 0.05
0 0.359375 0.3609375 0.009375 0.0078125
1 0.365625 0.35625 0.03125 0.090625
0 0.365625 0.3203125 0.0109375 0.0109375
1 0.3140625 0.3625 0.0234375 0.0828125
0 0.3140625 0.328125 0.0109375 0.0125
1 0.3203125 0.3484375 0.021875 0.0484375
0 0.315625 0.33125 0.00625 0.0078125
1 0.3796875 0.34375 0.0125 0.0390625
0 0.3796875 0.328125 0.0046875 0.0046875
1 0.40625 0.340625 0.0125 0.034375
0 0.40625 0.3265625 0.0046875 0.0046875
1 0.628125 0.334375 0.0140625 0.034375
0 0.6296875 0.3203125 0.003125 0.003125
1 0.7609375 0.3640625 0.0265625 0.0921875
0 0.7609375 0.328125 0.0109375 0.0125
1 0.6765625 0.3671875 0.0390625 0.0921875
0 0.678125 0.33125 0.0125 0.015625
1 0.7 0.33125 0.009375 0.03125
0 0.703125 0.3203125 0.003125 0.0046875
1 0.68125 0.33125 0.009375 0.028125
0 0.6828125 0.3203125 0.003125 0.003125