1 0.9234375 0.65625 0.14375 0.3421875
0 0.9625 0.53125 0.06875 0.0828125
1 0.9046875 0.640625 0.065625 0.2203125
0 0.9046875 0.553125 0.0265625 0.028125
1 0.8578125 0.6171875 0.0609375 0.1796875
0 0.8484375 0.5421875 0.0234375 0.028125
1 0.828125 0.646875 0.0640625 0.246875
0 0.8203125 0.5421875 0.0234375 0.028125
1 0.8109375 0.6625 0.2609375 0.3296875
0 0.8328125 0.6484375 0.08125 0.0953125
1 0.55625 0.6625 0.3609375 0.3296875
0 0.6140625 0.61875 0.140625 0.165625
1 0.5421875 0.6765625 0.075 0.303125
0 0.54375 0.5546875 0.0390625 0.04375
1 0.4140625 0.6625 0.246875 0.3296875
0 0.4625 0.6265625 0.10625 0.140625
1 0.0359375 0.6078125 0.071875 0.20625
0 0.034375 0.528125 0.0265625 0.028125
1 0.1109375 0.6625 0.1953125 0.3296875
0 0.1078125 0.590625 0.084375 0.0765625
1 0.153125 0.68125 0.140625 0.2921875
0 0.1640625 0.5734375 0.053125 0.0640625
1 0.103125 0.6609375 0.1078125 0.3328125
0 0.1015625 0.521875 0.05 0.0421875
1 0.275 0.6578125 0.1 0.3375
0 0.296875 0.5234375 0.05 0.053125
1 0.3421875 0.6640625 0.075 0.3046875
0 0.3546875 0.540625 0.040625 0.04375
1 0.409375 0.6625 0.228125 0.3296875
0 0.425 0.5734375 0.06875 0.08125