1 0.0796875 0.6640625 0.15625 0.33125
0 0.0390625 0.70625 0.0765625 0.171875
1 0.059375 0.715625 0.1046875 0.2296875
0 0.0640625 0.6265625 0.0375 0.0375
1 0.1953125 0.6875 0.090625 0.2140625
0 0.2171875 0.5984375 0.028125 0.0328125
1 0.315625 0.6328125 0.0609375 0.1125
0 0.3109375 0.5875 0.0140625 0.0203125
1 0.5359375 0.6765625 0.0625 0.1125
0 0.53125 0.6296875 0.0140625 0.0171875
1 0.4703125 0.6234375 0.0359375 0.0984375
0 0.46875 0.584375 0.0109375 0.0109375
1 0.4359375 0.715625 0.1109375 0.2296875
0 0.440625 0.63125 0.0421875 0.05
1 0.3828125 0.725 0.121875 0.2078125
0 0.390625 0.6421875 0.03125 0.0375
1 0.7234375 0.7125 0.1109375 0.2328125
0 0.6984375 0.6171875 0.03125 0.0375
1 0.7484375 0.671875 0.05 0.1359375
0 0.7421875 0.61875 0.015625 0.015625
1 0.7578125 0.6515625 0.04375 0.1328125
0 0.753125 0.596875 0.015625 0.01875
1 0.76875 0.6484375 0.0328125 0.140625
0 0.7671875 0.5921875 0.015625 0.0203125
1 0.7984375 0.6515625 0.04375 0.125
0 0.7875 0.603125 0.0125 0.015625
1 0.8796875 0.64375 0.0421875 0.115625
0 0.88125 0.59375 0.0140625 0.0140625
1 0.890625 0.63125 0.028125 0.109375
0 0.8890625 0.5890625 0.0140625 0.0140625
1 0.9140625 0.6390625 0.04375 0.1203125
0 0.903125 0.5921875 0.0125 0.0140625
1 0.965625 0.6515625 0.040625 0.1171875
0 0.959375 0.603125 0.0125 0.015625
1 0.94375 0.6328125 0.0359375 0.0953125
0 0.9375 0.590625 0.0109375 0.0109375
1 0.965625 0.6328125 0.034375 0.090625
0 0.959375 0.59375 0.0109375 0.0109375
1 0.98125 0.628125 0.034375 0.0921875
0 0.9765625 0.590625 0.0125 0.0109375
1 0.71875 0.6390625 0.0296875 0.1078125
0 0.7125 0.590625 0.0140625 0.0140625
1 0.7796875 0.6265625 0.025 0.1
0 0.7796875 0.584375 0.0109375 0.0109375