1 0.0640625 0.465625 0.1046875 0.309375
0 0.0703125 0.3375 0.040625 0.046875
1 0.025 0.4203125 0.046875 0.1515625
0 0.0296875 0.3578125 0.0171875 0.021875
1 0.2453125 0.6171875 0.171875 0.25625
0 0.25 0.5296875 0.046875 0.05625
1 0.4234375 0.4953125 0.090625 0.2765625
0 0.425 0.3796875 0.0375 0.0390625
1 0.453125 0.4453125 0.090625 0.25
0 0.45 0.3390625 0.03125 0.0359375
1 0.503125 0.3703125 0.0109375 0.03125
0 0.5046875 0.3578125 0.003125 0.003125
1 0.515625 0.371875 0.0109375 0.0296875
0 0.51875 0.3609375 0.003125 0.0046875
1 0.521875 0.36875 0.0109375 0.03125
0 0.5203125 0.35625 0.003125 0.003125
1 0.53125 0.3765625 0.0234375 0.0453125
0 0.53125 0.3609375 0.0078125 0.0078125
1 0.5859375 0.5546875 0.1578125 0.5484375
0 0.60625 0.321875 0.075 0.078125
1 0.675 0.45 0.0796875 0.2640625
0 0.6734375 0.340625 0.0296875 0.0390625
1 0.6953125 0.484375 0.1171875 0.2921875
0 0.7078125 0.3640625 0.034375 0.0390625
1 0.765625 0.540625 0.2046875 0.5765625
0 0.7609375 0.30625 0.0734375 0.0890625
1 0.903125 0.584375 0.1875 0.475
0 0.8984375 0.3875 0.0640625 0.0640625