1 0.940625 0.5171875 0.115625 0.321875
0 0.934375 0.38125 0.0390625 0.0421875
1 0.8671875 0.478125 0.05 0.1796875
0 0.8671875 0.4046875 0.0203125 0.0265625
1 0.7609375 0.5 0.05625 0.1703125
0 0.7671875 0.4296875 0.021875 0.021875
1 0.7015625 0.4609375 0.03125 0.0703125
0 0.703125 0.4328125 0.0078125 0.0109375
1 0.3953125 0.4890625 0.05625 0.1125
0 0.3921875 0.440625 0.0125 0.015625
1 0.3203125 0.46875 0.025 0.0734375
0 0.3203125 0.4375 0.0078125 0.0078125
1 0.296875 0.46875 0.021875 0.0734375
0 0.296875 0.4390625 0.0078125 0.0125
1 0.2828125 0.471875 0.025 0.0734375
0 0.28125 0.4390625 0.009375 0.009375
1 0.271875 0.465625 0.021875 0.0734375
0 0.271875 0.4359375 0.0078125 0.0078125
1 0.2453125 0.478125 0.0390625 0.0828125
0 0.234375 0.4421875 0.0078125 0.009375
1 0.2203125 0.478125 0.028125 0.08125
0 0.2203125 0.4453125 0.0078125 0.0109375