1 0.0890625 0.590625 0.13125 0.2703125
0 0.0859375 0.4765625 0.0359375 0.0375
1 0.1 0.6078125 0.15 0.3078125
0 0.11875 0.4765625 0.0375 0.040625
1 0.328125 0.565625 0.103125 0.203125
0 0.3375 0.4796875 0.028125 0.025
1 0.4 0.6015625 0.0796875 0.15625
0 0.4078125 0.5421875 0.0203125 0.0234375
1 0.525 0.5765625 0.11875 0.234375
0 0.5296875 0.48125 0.034375 0.0375
1 0.653125 0.5703125 0.0875 0.196875
0 0.6578125 0.490625 0.03125 0.03125
1 0.6703125 0.5828125 0.0875 0.1859375
0 0.68125 0.5109375 0.0265625 0.028125
1 0.79375 0.525 0.0921875 0.146875
0 0.8 0.4671875 0.021875 0.0234375
1 0.86875 0.5515625 0.0921875 0.1984375
0 0.86875 0.4703125 0.034375 0.028125
1 0.9265625 0.5640625 0.1078125 0.228125
0 0.9453125 0.46875 0.0296875 0.03125
1 0.9296875 0.45625 0.071875 0.0890625
0 0.921875 0.4265625 0.025 0.0234375