1 0.0328125 0.675 0.0515625 0.16875
0 0.021875 0.6046875 0.0203125 0.025
1 0.0703125 0.684375 0.0578125 0.1640625
0 0.0765625 0.6125 0.021875 0.021875
1 0.0296875 0.6578125 0.0484375 0.1609375
0 0.0296875 0.590625 0.01875 0.01875
1 0.059375 0.6453125 0.01875 0.10625
0 0.0609375 0.6 0.0109375 0.0109375
1 0.0921875 0.659375 0.0265625 0.134375
0 0.090625 0.6046875 0.015625 0.0171875
1 0.115625 0.64375 0.03125 0.1140625
0 0.1203125 0.5984375 0.0125 0.015625
1 0.14375 0.64375 0.0375 0.121875
0 0.140625 0.59375 0.0125 0.0171875
1 0.1703125 0.6546875 0.0296875 0.1375
0 0.16875 0.5984375 0.01875 0.0203125
1 0.19375 0.6484375 0.028125 0.121875
0 0.1921875 0.6 0.01875 0.01875
1 0.15625 0.740625 0.1046875 0.25625
0 0.134375 0.6390625 0.0375 0.040625
1 0.2015625 0.6359375 0.025 0.0890625
0 0.203125 0.6 0.0109375 0.0109375
1 0.225 0.640625 0.0359375 0.1078125
0 0.228125 0.5984375 0.0140625 0.0140625
1 0.2515625 0.653125 0.03125 0.1015625
0 0.253125 0.6140625 0.0109375 0.0125
1 0.275 0.6421875 0.0265625 0.1015625
0 0.2765625 0.5984375 0.0140625 0.0140625
1 0.3109375 0.65 0.0421875 0.1171875
0 0.3125 0.6015625 0.015625 0.0171875
1 0.346875 0.6515625 0.0375 0.1234375
0 0.346875 0.6015625 0.015625 0.0171875
1 0.3296875 0.640625 0.01875 0.1
0 0.3296875 0.6 0.0109375 0.0140625
1 0.3640625 0.6640625 0.0375 0.1296875
0 0.3703125 0.609375 0.0140625 0.015625
1 0.3953125 0.646875 0.0296875 0.1046875
0 0.39375 0.6015625 0.0109375 0.0109375
1 0.4203125 0.640625 0.025 0.090625
0 0.4203125 0.6046875 0.0109375 0.0109375
1 0.4359375 0.6375 0.0234375 0.0859375
0 0.4328125 0.6015625 0.0078125 0.009375
1 0.45 0.640625 0.0203125 0.08125
0 0.45 0.6046875 0.0109375 0.009375
1 0.4578125 0.6359375 0.03125 0.08125
0 0.4609375 0.6015625 0.0109375 0.0109375
1 0.4875 0.65625 0.04375 0.1125
0 0.49375 0.6078125 0.015625 0.015625
1 0.4796875 0.64375 0.0203125 0.08125
0 0.4796875 0.6078125 0.009375 0.009375
1 0.496875 0.6953125 0.0625 0.1609375
0 0.503125 0.625 0.0203125 0.021875
1 0.39375 0.69375 0.059375 0.175
0 0.39375 0.621875 0.021875 0.025
1 0.4421875 0.6875 0.0578125 0.15625
0 0.4328125 0.6234375 0.0234375 0.0265625
1 0.546875 0.68125 0.0421875 0.1359375
0 0.5484375 0.6234375 0.015625 0.015625
1 0.5875 0.671875 0.046875 0.140625
0 0.5875 0.6140625 0.01875 0.021875
1 0.6078125 0.7234375 0.0546875 0.2234375
0 0.609375 0.63125 0.021875 0.0296875
1 0.65 0.7140625 0.0796875 0.2421875
0 0.6421875 0.6140625 0.0296875 0.0328125
1 0.74375 0.728125 0.1828125 0.2796875
0 0.75 0.6765625 0.0515625 0.0625
1 0.9125 0.71875 0.171875 0.3015625
0 0.8859375 0.6640625 0.0796875 0.090625
1 0.9640625 0.75 0.065625 0.2375
0 0.971875 0.6734375 0.05 0.06875
1 0.815625 0.734375 0.04375 0.190625
0 0.821875 0.6546875 0.0203125 0.021875
1 0.7875 0.7453125 0.053125 0.23125
0 0.778125 0.6453125 0.0296875 0.0296875
1 0.728125 0.734375 0.05 0.23125
0 0.7296875 0.634375 0.0265625 0.0296875
1 0.7 0.678125 0.0328125 0.1484375
0 0.7 0.6171875 0.01875 0.01875
1 0.6640625 0.6625 0.0296875 0.115625
0 0.6640625 0.615625 0.0125 0.0109375