1 0.6078125 0.7421875 0.353125 0.509375
0 0.5625 0.5625 0.084375 0.109375
1 0.8015625 0.759375 0.2796875 0.475
0 0.8 0.6 0.09375 0.1125
1 0.9578125 0.6859375 0.0765625 0.4015625
0 0.9734375 0.53125 0.046875 0.075
1 0.9046875 0.4828125 0.1828125 0.6453125
0 0 0 0 0
1 0.809375 0.5390625 0.3125 0.671875
0 0.7265625 0.275 0.0796875 0.1140625
1 0.4 0.5765625 0.2015625 0.6421875
0 0.3953125 0.334375 0.0796875 0.0953125
1 0.6140625 0.4875 0.2703125 0.821875
0 0.6125 0.1578125 0.0890625 0.0984375
1 0.15 0.4703125 0.296875 0.9078125
0 0.1578125 0.10625 0.109375 0.125
1 0.1234375 0.45625 0.2421875 0.853125
0 0.1328125 0.090625 0.0890625 0.0859375
1 0.25 0.446875 0.24375 0.696875
0 0.2453125 0.1765625 0.0796875 0.0921875
1 0.796875 0.4390625 0.1703125 0.553125
0 0.8125 0.2234375 0.059375 0.0703125
1 0.7640625 0.4859375 0.175 0.5765625
0 0.778125 0.2453125 0.075 0.0859375
1 0.4375 0.49375 0.2390625 0.734375
0 0.4328125 0.18125 0.071875 0.0921875