1 0.990625 0.54375 0.0109375 0.1140625
0 0.9953125 0.496875 0.003125 0.015625
1 0.971875 0.5625 0.05 0.15625
0 0.9734375 0.503125 0.0171875 0.025
1 0.93125 0.571875 0.05 0.1765625
0 0.93125 0.5 0.015625 0.021875
1 0.8953125 0.590625 0.103125 0.25
0 0.896875 0.4875 0.025 0.0390625
1 0.8625 0.5921875 0.0625 0.2
0 0.859375 0.5109375 0.0265625 0.0328125
1 0.8171875 0.609375 0.0578125 0.20625
0 0.8140625 0.5265625 0.0234375 0.03125
1 0.8203125 0.578125 0.0640625 0.2203125
0 0.8203125 0.490625 0.0203125 0.0328125
1 0.7390625 0.5890625 0.0859375 0.2234375
0 0.728125 0.5 0.0265625 0.034375
1 0.703125 0.615625 0.0671875 0.25
0 0.7046875 0.5140625 0.0265625 0.0328125
1 0.6953125 0.621875 0.115625 0.284375
0 0.6828125 0.503125 0.0296875 0.0390625
1 0.621875 0.6453125 0.1109375 0.3140625
0 0.6140625 0.5171875 0.03125 0.0453125
1 0.5984375 0.621875 0.1078125 0.3140625
0 0.59375 0.4984375 0.0359375 0.0453125
1 0.5125 0.6359375 0.1515625 0.35
0 0.484375 0.4890625 0.0375 0.0453125
1 0.425 0.65625 0.153125 0.3484375
0 0.396875 0.5140625 0.0453125 0.0515625
1 0.4265625 0.58125 0.06875 0.2296875
0 0.4265625 0.484375 0.0234375 0.0328125
1 0.403125 0.6109375 0.103125 0.346875
0 0.4 0.4703125 0.034375 0.0453125
1 0.3421875 0.5875 0.0734375 0.253125
0 0.3390625 0.4859375 0.0296875 0.0421875
1 0.33125 0.628125 0.1 0.346875
0 0.3234375 0.484375 0.0375 0.0453125
1 0.259375 0.5875 0.059375 0.253125
0 0.2703125 0.484375 0.0234375 0.03125
1 0.25 0.628125 0.078125 0.25625
0 0.2734375 0.5234375 0.0296875 0.034375
1 0.296875 0.6703125 0.1453125 0.3453125
0 0.3109375 0.5375 0.05 0.0625
1 0.3109375 0.6484375 0.1046875 0.346875
0 0.309375 0.5078125 0.040625 0.05
1 0.2140625 0.628125 0.09375 0.28125
0 0.2 0.509375 0.0375 0.0421875
1 0.2046875 0.65625 0.1046875 0.3765625
0 0.1890625 0.4984375 0.0375 0.053125
1 0.1671875 0.6640625 0.0953125 0.359375
0 0.1640625 0.5171875 0.0453125 0.059375
1 0.084375 0.6734375 0.15625 0.340625
0 0.08125 0.5453125 0.05 0.071875