1 0.728125 0.734375 0.0375 0.1
0 0.721875 0.69375 0.015625 0.015625
1 0.753125 0.740625 0.0453125 0.1109375
0 0.746875 0.6953125 0.0140625 0.015625
1 0.6953125 0.7109375 0.021875 0.0703125
0 0.69375 0.68125 0.0125 0.0125
1 0.5765625 0.7609375 0.0765625 0.1375
0 0.571875 0.7046875 0.01875 0.0203125
1 0.45625 0.7671875 0.0671875 0.121875
0 0.45625 0.728125 0.0328125 0.0421875
1 0.3546875 0.7765625 0.0734375 0.1015625
0 0.3609375 0.74375 0.0265625 0.0296875
1 0.396875 0.7625 0.05 0.1328125
0 0.3953125 0.7109375 0.021875 0.0265625
1 0.1734375 0.7671875 0.1390625 0.1234375
0 0.2 0.725 0.03125 0.0359375
1 0.2765625 0.775 0.0734375 0.1046875
0 0.2921875 0.7359375 0.0265625 0.0203125
1 0.278125 0.7703125 0.053125 0.1171875
0 0.2828125 0.7296875 0.0203125 0.0203125
1 0.21875 0.7578125 0.0359375 0.1109375
0 0.221875 0.715625 0.015625 0.0203125
1 0.2375 0.7625 0.03125 0.1109375
0 0.2375 0.7171875 0.0140625 0.0171875
1 0.0171875 0.775 0.03125 0.1046875
0 0.0125 0.7359375 0.015625 0.0171875