1 0.278125 0.5984375 0.0171875 0.071875
0 0.2765625 0.56875 0.0078125 0.0109375
1 0.2859375 0.5984375 0.01875 0.05625
0 0.284375 0.5734375 0.00625 0.0046875
1 0.3078125 0.5984375 0.0203125 0.05625
0 0.3078125 0.5765625 0.00625 0.0078125
1 0.4671875 0.6203125 0.0375 0.1296875
0 0.4609375 0.5671875 0.015625 0.0171875
1 0.5 0.64375 0.0484375 0.1609375
0 0.5015625 0.578125 0.01875 0.025
1 0.515625 0.621875 0.0453125 0.1296875
0 0.5125 0.5671875 0.0125 0.015625
1 0.5234375 0.6171875 0.0296875 0.1125
0 0.5234375 0.571875 0.009375 0.0125
1 0.5390625 0.6515625 0.05625 0.1640625
0 0.546875 0.5828125 0.01875 0.021875
1 0.5734375 0.6703125 0.0828125 0.209375
0 0.5765625 0.5828125 0.0234375 0.0265625
1 0.6 0.6328125 0.034375 0.128125
0 0.6 0.58125 0.0171875 0.0203125
1 0.60625 0.621875 0.034375 0.10625
0 0.6078125 0.578125 0.0125 0.0125
1 0.6078125 0.60625 0.0375 0.096875
0 0.609375 0.565625 0.0109375 0.0125
1 0.6828125 0.6390625 0.053125 0.128125
0 0.6859375 0.5859375 0.015625 0.01875
1 0.75625 0.6375 0.0375 0.128125
0 0.75625 0.584375 0.0140625 0.0171875
1 0.81875 0.6140625 0.0296875 0.1078125
0 0.8234375 0.5703125 0.0140625 0.0171875
1 0.8390625 0.6109375 0.0359375 0.125
0 0.84375 0.5609375 0.0171875 0.0203125
1 0.86875 0.6109375 0.053125 0.125
0 0.871875 0.5578125 0.0140625 0.0171875
1 0.9421875 0.675 0.1125 0.209375
0 0.934375 0.603125 0.0375 0.046875
1 0.9125 0.675 0.1625 0.209375
0 0.89375 0.6078125 0.059375 0.065625
1 0.80625 0.6921875 0.1015625 0.1734375
0 0.803125 0.659375 0.0578125 0.071875
1 0.459375 0.646875 0.3625 0.2640625
0 0.415625 0.6109375 0.071875 0.0890625
1 0.1875 0.6515625 0.1921875 0.2546875
0 0.225 0.5609375 0.0546875 0.0671875
1 0.25 0.640625 0.0421875 0.14375
0 0.25 0.584375 0.0171875 0.021875