1 0.034375 0.5890625 0.0671875 0.15
0 0.0234375 0.53125 0.0296875 0.028125
1 0.134375 0.61875 0.1046875 0.096875
0 0.1359375 0.5828125 0.025 0.0203125
1 0.721875 0.5921875 0.0828125 0.2
0 0.721875 0.509375 0.025 0.028125
1 0.659375 0.6 0.0984375 0.1796875
0 0.640625 0.525 0.0234375 0.025
1 0.65625 0.5234375 0.0109375 0.03125
0 0.6578125 0.5109375 0.0046875 0.003125
1 0.625 0.5140625 0.0109375 0.0234375
0 0.6234375 0.5046875 0.0015625 0.0015625
1 0.6171875 0.5421875 0.0234375 0.071875
0 0.615625 0.5109375 0.009375 0.0109375
1 0.6 0.5390625 0.0296875 0.078125
0 0.5984375 0.50625 0.009375 0.0125
1 0.5875 0.521875 0.0140625 0.0328125
0 0.5921875 0.5109375 0.0046875 0.00625
1 0.5515625 0.53125 0.0171875 0.046875
0 0.553125 0.5125 0.0046875 0.00625
1 0.5421875 0.521875 0.0125 0.0390625
0 0.54375 0.5078125 0.0046875 0.003125
1 0.5234375 0.5640625 0.0421875 0.096875
0 0.5203125 0.5234375 0.0125 0.0125
1 0.4875 0.5546875 0.05 0.1109375
0 0.4890625 0.51875 0.0109375 0.015625
1 0.525 0.528125 0.0171875 0.05
0 0.525 0.509375 0.0046875 0.0078125
1 0.575 0.53125 0.01875 0.0515625
0 0.5765625 0.5109375 0.0046875 0.00625
1 0.56875 0.521875 0.009375 0.0359375
0 0.5703125 0.5078125 0.003125 0.003125
1 0.50625 0.5265625 0.0171875 0.04375
0 0.5078125 0.509375 0.0046875 0.0046875
1 0.478125 0.5359375 0.021875 0.05625
0 0.478125 0.5125 0.0046875 0.003125
1 0.465625 0.5359375 0.0171875 0.0578125
0 0.4671875 0.5109375 0.00625 0.009375
1 0.4578125 0.5328125 0.0140625 0.040625
0 0.45625 0.5171875 0.0046875 0.0046875
1 0.4453125 0.5375 0.015625 0.05625
0 0.446875 0.5140625 0.0078125 0.00625
1 0.4375 0.5234375 0.0125 0.0390625
0 0.4375 0.5078125 0.0046875 0.0046875
1 0.4265625 0.5390625 0.0203125 0.0609375
0 0.4296875 0.515625 0.0078125 0.0078125
1 0.4296875 0.5390625 0.0171875 0.0515625
0 0.4296875 0.5171875 0.0046875 0.0046875
1 0.4125 0.53125 0.009375 0.034375
0 0.4140625 0.51875 0.003125 0.003125
1 0.4046875 0.53125 0.0109375 0.0359375
0 0.4046875 0.5171875 0.003125 0.003125
1 0.609375 0.5140625 0.0078125 0.021875
0 0.6109375 0.50625 0.003125 0.003125
1 0.5328125 0.5265625 0.009375 0.0296875
0 0.5359375 0.5140625 0.0015625 0.003125