1 0.0625 0.5609375 0.121875 0.378125
0 0.0578125 0.403125 0.0484375 0.0515625
1 0.1 0.4890625 0.0921875 0.3
0 0.10625 0.36875 0.0328125 0.0421875
1 0.153125 0.5609375 0.1390625 0.38125
0 0.15625 0.4203125 0.0484375 0.0578125
1 0.1703125 0.4921875 0.084375 0.2984375
0 0.1671875 0.365625 0.0328125 0.0421875
1 0.1703125 0.4328125 0.0953125 0.3046875
0 0.165625 0.303125 0.0390625 0.0390625
1 0.2453125 0.546875 0.1296875 0.4140625
0 0.2453125 0.3703125 0.0453125 0.0546875
1 0.2265625 0.5078125 0.10625 0.390625
0 0.2234375 0.340625 0.0390625 0.05
1 0.35 0.55625 0.1171875 0.40625
0 0.346875 0.38125 0.04375 0.053125
1 0.4328125 0.56875 0.1109375 0.3703125
0 0.43125 0.4140625 0.040625 0.0515625
1 0.5234375 0.5671875 0.1203125 0.38125
0 0.521875 0.40625 0.0421875 0.05625
1 0.609375 0.559375 0.1078125 0.4
0 0.6125 0.39375 0.040625 0.05625
1 0.6953125 0.5671875 0.1359375 0.3953125
0 0.6921875 0.4015625 0.0453125 0.0625
1 0.8 0.5625 0.1296875 0.4046875
0 0.79375 0.39375 0.046875 0.05625
1 0.88125 0.58125 0.1109375 0.3515625
0 0.8796875 0.434375 0.0453125 0.0515625
1 0.953125 0.565625 0.0875 0.378125
0 0.9765625 0.4046875 0.040625 0.053125
1 0.334375 0.503125 0.109375 0.39375
0 0.33125 0.334375 0.0421875 0.0484375
1 0.434375 0.4734375 0.1125 0.378125
0 0.425 0.3140625 0.0375 0.0515625
1 0.5390625 0.4875 0.1109375 0.3546875
0 0.5359375 0.3375 0.0375 0.0484375
1 0.6265625 0.4796875 0.109375 0.3734375
0 0.634375 0.3203125 0.0375 0.0484375
1 0.7140625 0.4875 0.109375 0.35625
0 0.715625 0.3390625 0.0453125 0.0515625
1 0.8125 0.48125 0.13125 0.340625
0 0.8015625 0.3421875 0.0375 0.0515625
1 0.2984375 0.446875 0.1 0.371875
0 0.2984375 0.2953125 0.03125 0.0421875
1 0.365625 0.4484375 0.0859375 0.371875
0 0.365625 0.290625 0.0375 0.0421875
1 0.5 0.446875 0.09375 0.371875
0 0.5 0.284375 0.0375 0.0421875
1 0.625 0.440625 0.11875 0.3828125
0 0.6234375 0.275 0.0375 0.0515625
1 0.7328125 0.446875 0.1203125 0.3703125
0 0.7296875 0.284375 0.0375 0.0375