1 0.8140625 0.66875 0.3625 0.3984375
0 0.7265625 0.496875 0.128125 0.1625
1 0.5171875 0.678125 0.65 0.378125
0 0.4875 0.5625 0.09375 0.115625
1 0.8703125 0.6046875 0.2515625 0.5265625
0 0.8375 0.3171875 0.1203125 0.140625
1 0.74375 0.590625 0.2203125 0.55625
0 0.715625 0.3765625 0.1 0.11875
1 0.5296875 0.5828125 0.6015625 0.5703125
0 0.53125 0.3625 0.09375 0.1203125
1 0.4875 0.6046875 0.3171875 0.5265625
0 0.43125 0.396875 0.084375 0.1015625
1 0.2546875 0.6203125 0.259375 0.4953125
0 0.3 0.4375 0.096875 0.1125
1 0.090625 0.5703125 0.1765625 0.5953125
0 0.078125 0.3390625 0.1046875 0.11875
1 0.0640625 0.515625 0.1234375 0.6671875
0 0.03671875 0.234375 0.0734375 0.0875
1 0.3125 0.5328125 0.16875 0.640625
0 0.3171875 0.2625 0.0703125 0.0921875
1 0.23125 0.5046875 0.159375 0.5890625
0 0.24375 0.2421875 0.0625 0.0609375
1 0.1375 0.4375 0.1015625 0.4359375
0 0.1296875 0.2578125 0.0484375 0.0609375
1 0.4859375 0.5390625 0.140625 0.64375
0 0.4703125 0.2734375 0.0703125 0.0953125
1 0.5828125 0.396875 0.096875 0.3359375
0 0.571875 0.2578125 0.0484375 0.053125
1 0.95625 0.5671875 0.078125 0.5953125
0 0.9609375 0.3234375 0.06875 0.1
1 0.9390625 0.5421875 0.1109375 0.553125
0 0.928125 0.3171875 0.0625 0.0921875
1 0.6828125 0.4953125 0.1125 0.5046875
0 0.6671875 0.2875 0.078125 0.08125
1 0.778125 0.465625 0.1234375 0.484375
0 0.765625 0.2640625 0.059375 0.0640625
1 0.7140625 0.4203125 0.078125 0.3359375
0 0.7203125 0.2734375 0.0328125 0.0359375
1 0.4109375 0.3203125 0.05 0.1234375
0 0.409375 0.278125 0.0203125 0.0234375
1 0.36875 0.4515625 0.1046875 0.378125
0 0.3484375 0.290625 0.040625 0.0515625