1 0.040625 0.6171875 0.078125 0.146875
0 0.00625 0.5625 0.009375 0.021875
1 0.05 0.6140625 0.096875 0.1375
0 0.046875 0.5640625 0.03125 0.0328125
1 0.09375 0.6 0.121875 0.134375
0 0.065625 0.5453125 0.025 0.0234375
1 0.1765625 0.56875 0.071875 0.0921875
0 0.1921875 0.534375 0.0171875 0.01875
1 0.2 0.5625 0.109375 0.0921875
0 0.159375 0.528125 0.0171875 0.015625
1 0.21875 0.5640625 0.075 0.0828125
0 0.2234375 0.5359375 0.015625 0.0203125
1 0.4140625 0.5296875 0.0546875 0.1453125
0 0.4125 0.4671875 0.009375 0.0140625
1 0.459375 0.5375 0.0546875 0.1265625
0 0.453125 0.484375 0.0171875 0.0171875
1 0.5140625 0.5390625 0.0546875 0.140625
0 0.5203125 0.4796875 0.015625 0.01875
1 0.553125 0.5328125 0.0453125 0.134375
0 0.5546875 0.478125 0.0140625 0.0203125
1 0.59375 0.5046875 0.025 0.071875
0 0.59375 0.475 0.009375 0.009375
1 0.6125 0.5328125 0.0515625 0.1453125
0 0.6171875 0.471875 0.0171875 0.01875
1 0.65 0.584375 0.09375 0.2515625
0 0.6515625 0.478125 0.0296875 0.0328125
1 0.678125 0.53125 0.0640625 0.159375
0 0.6734375 0.465625 0.01875 0.0203125
1 0.696875 0.54375 0.04375 0.14375
0 0.7 0.4828125 0.0140625 0.015625
1 0.7140625 0.5046875 0.0328125 0.053125
0 0.7203125 0.484375 0.009375 0.0078125
1 0.765625 0.5375 0.06875 0.1421875
0 0.7640625 0.48125 0.0171875 0.0203125
1 0.890625 0.5421875 0.071875 0.1734375
0 0.8859375 0.4703125 0.0234375 0.0265625
1 0.946875 0.5484375 0.071875 0.1078125
0 0.9734375 0.5140625 0.0171875 0.015625
1 0 0.125 0 0
0 0.9875 0.5140625 0.0171875 0.01875
1 0.971875 0.553125 0.05 0.1921875
0 0.984375 0.471875 0.025 0.028125