1 0.3640625 0.590625 0.0546875 0.0953125
0 0.3625 0.553125 0.0140625 0.015625
1 0.325 0.5671875 0.028125 0.09375
0 0.325 0.534375 0.0125 0.0140625
1 0.290625 0.5640625 0.0328125 0.10625
0 0.290625 0.521875 0.0125 0.015625
1 0.4078125 0.5578125 0.0359375 0.08125
0 0.4109375 0.525 0.0109375 0.0125
1 0.36875 0.5234375 0.0375 0.0859375
0 0.36875 0.490625 0.009375 0.0109375
1 0.540625 0.5296875 0.034375 0.10625
0 0.540625 0.4875 0.0125 0.0140625
1 0.5890625 0.4734375 0.0234375 0.084375
0 0.59375 0.4375 0.009375 0.0125
1 0.4953125 0.490625 0.0265625 0.0671875
0 0.4953125 0.465625 0.0109375 0.0109375
1 0.4703125 0.478125 0.025 0.078125
0 0.4765625 0.4453125 0.0078125 0.0078125
1 0.446875 0.48125 0.025 0.078125
0 0.4515625 0.4484375 0.009375 0.0109375
1 0.5890625 0.4734375 0.0234375 0.0859375
0 0.5921875 0.4390625 0.0078125 0.0109375
1 0.684375 0.434375 0.028125 0.06875
0 0.6859375 0.40625 0.00625 0.009375
1 0.096875 0.6296875 0.0671875 0.146875
0 0.090625 0.571875 0.0234375 0.0234375