1 0.034375 0.5875 0.0640625 0.1921875
0 0.0171875 0.515625 0.0328125 0.040625
1 0.1 0.5859375 0.1953125 0.175
0 0.0796875 0.525 0.0359375 0.040625
1 0.1390625 0.55 0.096875 0.2296875
0 0.128125 0.5015625 0.0296875 0.0296875
1 0.1515625 0.5984375 0.128125 0.146875
0 0.171875 0.5453125 0.0296875 0.0328125
1 0.225 0.5734375 0.1234375 0.1625
0 0.2203125 0.5140625 0.0296875 0.0375
1 0.290625 0.5984375 0.2078125 0.1671875
0 0.3015625 0.5421875 0.0359375 0.0421875
1 0.38125 0.5609375 0.2125 0.2109375
0 0.3875 0.484375 0.0359375 0.046875
1 0.4734375 0.55625 0.11875 0.2125
0 0.4625 0.4734375 0.034375 0.04375
1 0.50625 0.584375 0.1515625 0.2265625
0 0.4921875 0.5 0.0375 0.0453125
1 0.5640625 0.5890625 0.1234375 0.1578125
0 0.5578125 0.5328125 0.028125 0.0359375
1 0.5625 0.559375 0.0921875 0.1828125
0 0.5609375 0.4890625 0.0265625 0.03125
1 0.6734375 0.5609375 0.125 0.2046875
0 0.6640625 0.484375 0.0359375 0.0390625
1 0.696875 0.559375 0.0828125 0.1859375
0 0.7 0.4890625 0.0296875 0.0375
1 0.7734375 0.51875 0.1203125 0.25
0 0.7546875 0.478125 0.0359375 0.0421875
1 0.865625 0.6015625 0.2359375 0.121875
0 0.778125 0.5703125 0.034375 0.046875
1 0.9046875 0.5359375 0.1609375 0.275
0 0.8734375 0.5109375 0.0375 0.05
1 0.9484375 0.5609375 0.096875 0.2328125
0 0.9453125 0.5 0.0375 0.046875
1 0.9703125 0.5265625 0.053125 0.21875
0 0.9859375 0.4515625 0.021875 0.04375
1 0.909375 0.528125 0.134375 0.2296875
0 0.8984375 0.440625 0.0328125 0.0421875
1 0.84375 0.521875 0.0828125 0.2515625
0 0.8515625 0.41875 0.03125 0.040625
1 0.7796875 0.51875 0.190625 0.2015625
0 0.728125 0.434375 0.0265625 0.03125
1 0.6625 0.5046875 0.084375 0.2203125
0 0.65 0.4234375 0.0265625 0.0328125
1 0.625 0.515625 0.1078125 0.2015625
0 0.621875 0.440625 0.0296875 0.040625
1 0.5625 0.51875 0.1015625 0.21875
0 0.5625 0.4328125 0.0296875 0.0375
1 0.4875 0.5140625 0.0703125 0.1890625
0 0.48125 0.4375 0.025 0.0296875
1 0.425 0.540625 0.0875 0.2078125
0 0.4171875 0.4640625 0.03125 0.0390625
1 0.3546875 0.53125 0.1375 0.2109375
0 0.3875 0.4453125 0.0296875 0.034375
1 0.3390625 0.525 0.096875 0.2328125
0 0.325 0.43125 0.0328125 0.0359375
1 0.2796875 0.5328125 0.0765625 0.21875
0 0.28125 0.45 0.0265625 0.0359375
1 0.209375 0.5484375 0.0765625 0.2078125
0 0.209375 0.4640625 0.0296875 0.0328125
1 0.1546875 0.5328125 0.0859375 0.2359375
0 0.1671875 0.45 0.028125 0.0296875
1 0.0546875 0.5515625 0.1078125 0.2203125
0 0.0859375 0.46875 0.0296875 0.0296875
1 0.0546875 0.5578125 0.1015625 0.225
0 0.0859375 0.4703125 0.0296875 0.0328125
1 0.05 0.528125 0.0953125 0.2390625
0 0.0109375 0.43125 0.01875 0.03125
1 0.115625 0.49375 0.0921875 0.296875
0 0.1359375 0.41875 0.028125 0.0296875
1 0.525 0.4796875 0.15 0.26875
0 0.53125 0.403125 0.0265625 0.03125
1 0.9171875 0.50625 0.1046875 0.265625
0 0.928125 0.4046875 0.0296875 0.0375
1 0.95625 0.4875 0.0828125 0.26875
0 0.9625 0.378125 0.03125 0.034375
1 0.1671875 0.496875 0.0609375 0.1890625
0 0.16875 0.4203125 0.0234375 0.028125
1 0.2125 0.4953125 0.0578125 0.1828125
0 0.2140625 0.4234375 0.028125 0.0328125
1 0.2515625 0.521875 0.053125 0.2046875
0 0.25 0.4375 0.0265625 0.03125
1 0.278125 0.4890625 0.0515625 0.1796875
0 0.275 0.41875 0.0265625 0.0296875
1 0.3 0.51875 0.0515625 0.2078125
0 0.2984375 0.4328125 0.0265625 0.028125
1 0.35 0.5078125 0.059375 0.21875
0 0.3484375 0.4140625 0.021875 0.0265625
1 0.36875 0.51875 0.0546875 0.240625
0 0.3671875 0.4234375 0.0265625 0.0328125
1 0.4140625 0.4890625 0.046875 0.1765625
0 0.4125 0.415625 0.021875 0.025
1 0.4421875 0.5234375 0.078125 0.225
0 0.4359375 0.4359375 0.0328125 0.0390625
1 0.465625 0.4703125 0.059375 0.25
0 0.4625 0.415625 0.01875 0.0265625
1 0.5578125 0.49375 0.053125 0.2203125
0 0.5578125 0.4015625 0.021875 0.0265625
1 0.6015625 0.46875 0.0875 0.2015625
0 0.609375 0.3859375 0.025 0.0328125
1 0.6296875 0.490625 0.0671875 0.1984375
0 0.6265625 0.4125 0.025 0.034375
1 0.6875 0.4953125 0.078125 0.2328125
0 0.6859375 0.396875 0.0234375 0.025
1 0.6859375 0.4625 0.075 0.275
0 0.6890625 0.384375 0.025 0.025
1 0.721875 0.5171875 0.090625 0.2140625
0 0.728125 0.4328125 0.0265625 0.0328125
1 0.7359375 0.484375 0.0578125 0.2328125
0 0.734375 0.390625 0.0265625 0.0296875
1 0.784375 0.49375 0.0625 0.2546875
0 0.8015625 0.40625 0.0265625 0.0296875
1 0.8234375 0.484375 0.0625 0.190625
0 0.8234375 0.40625 0.021875 0.025
1 0.4625 0.4953125 0.0453125 0.190625
0 0.4625 0.415625 0.01875 0.025