1 0.0578125 0.6296875 0.1140625 0.4015625
0 0.046875 0.4625 0.05 0.0609375
1 0.15625 0.6296875 0.15625 0.4015625
0 0.1625 0.4703125 0.0546875 0.0734375
1 0.2515625 0.7015625 0.1078125 0.2578125
0 0.2515625 0.6109375 0.053125 0.0703125
1 0.228125 0.596875 0.1328125 0.3890625
0 0.2296875 0.4390625 0.046875 0.059375
1 0.1125 0.5890625 0.1203125 0.3859375
0 0.1125 0.428125 0.0484375 0.0609375
1 0.2515625 0.5921875 0.1015625 0.378125
0 0.2546875 0.4328125 0.0390625 0.05625
1 0.3375 0.6015625 0.1140625 0.4171875
0 0.3328125 0.4328125 0.0421875 0.0578125
1 0.3828125 0.596875 0.1828125 0.4671875
0 0.384375 0.3984375 0.053125 0.0671875
1 0.4859375 0.61875 0.1109375 0.4
0 0.4703125 0.4546875 0.04375 0.0609375
1 0.565625 0.61875 0.1140625 0.409375
0 0.553125 0.44375 0.046875 0.053125
1 0.5421875 0.6796875 0.225 0.3
0 0.6171875 0.5765625 0.0578125 0.075
1 0.684375 0.690625 0.3 0.278125
0 0.7140625 0.6078125 0.0640625 0.0890625
1 0.81875 0.73125 0.128125 0.1984375
0 0.803125 0.6765625 0.046875 0.0640625
1 0.8828125 0.70625 0.178125 0.2484375
0 0.825 0.625 0.0578125 0.078125
1 0.6515625 0.6140625 0.128125 0.43125
0 0.653125 0.440625 0.0515625 0.075
1 0.76875 0.634375 0.1609375 0.3921875
0 0.784375 0.478125 0.0546875 0.0640625
1 0.865625 0.6390625 0.1375 0.38125
0 0.8640625 0.4859375 0.0546875 0.0671875
1 0.946875 0.6296875 0.1015625 0.4015625
0 0.96875 0.4765625 0.0515625 0.071875
1 0.05625 0.584375 0.1109375 0.4234375
0 0.0578125 0.4078125 0.0484375 0.0640625
1 0.040625 0.4625 0.0796875 0.25
0 0.0375 0.3625 0.0296875 0.0375
1 0.1984375 0.5640625 0.0921875 0.371875
0 0.2 0.4078125 0.04375 0.05625
1 0.121875 0.4609375 0.0859375 0.2578125
0 0.1234375 0.3515625 0.0375 0.0421875
1 0.090625 0.446875 0.0640625 0.234375
0 0.0890625 0.3515625 0.0265625 0.034375
1 0.2796875 0.58125 0.1015625 0.365625
0 0.2890625 0.421875 0.034375 0.0421875
1 0.240625 0.5203125 0.1 0.35625
0 0.2453125 0.3734375 0.0375 0.059375
1 0.284375 0.5203125 0.0796875 0.328125
0 0.290625 0.3796875 0.034375 0.04375
1 0.3 0.5109375 0.103125 0.328125
0 0.3078125 0.371875 0.034375 0.0453125
1 0.353125 0.4890625 0.0859375 0.284375
0 0.346875 0.3703125 0.0359375 0.0421875
1 0.4484375 0.490625 0.103125 0.309375
0 0.45625 0.3703125 0.040625 0.053125
1 0.4890625 0.54375 0.1046875 0.3359375
0 0.4859375 0.4125 0.04375 0.0515625
1 0.509375 0.490625 0.08125 0.2859375
0 0.509375 0.371875 0.0375 0.046875
1 0.5984375 0.521875 0.134375 0.3765625
0 0.5890625 0.3640625 0.0421875 0.05625
1 0.65625 0.44375 0.0703125 0.19375
0 0.65625 0.3671875 0.025 0.034375
1 0.7 0.5640625 0.0984375 0.3640625
0 0.7 0.4125 0.0421875 0.0578125
1 0.7015625 0.63125 0.1125 0.396875
0 0.7171875 0.471875 0.0515625 0.0640625
1 0.7828125 0.596875 0.1421875 0.425
0 0.7875 0.41875 0.0546875 0.0640625
1 0.871875 0.5203125 0.1015625 0.3359375
0 0.878125 0.3828125 0.0421875 0.053125
1 0.8953125 0.5484375 0.09375 0.296875
0 0.89375 0.4296875 0.034375 0.0484375
1 0.93125 0.584375 0.1328125 0.3984375
0 0.95 0.428125 0.0515625 0.059375
1 0.7 0.4734375 0.078125 0.2453125
0 0.6953125 0.3734375 0.0359375 0.0421875
1 0.71875 0.465625 0.06875 0.2234375
0 0.7171875 0.3765625 0.025 0.0328125
1 0.7890625 0.4390625 0.08125 0.2125
0 0.7953125 0.3546875 0.03125 0.040625