1 0.6765625 0.690625 0.0140625 0.0390625
0 0.678125 0.675 0.0046875 0.00625
1 0.5453125 0.6953125 0.0125 0.0421875
0 0.54375 0.678125 0.0046875 0.0046875
1 0.5296875 0.696875 0.015625 0.0390625
0 0.5328125 0.6828125 0.003125 0.0046875
1 0.29375 0.696875 0.0125 0.040625
0 0.2953125 0.68125 0.0046875 0.0046875
1 0.290625 0.696875 0.0125 0.0375
0 0.290625 0.68125 0.0046875 0.00625
1 0.4484375 0.640625 0.009375 0.0265625
0 0.45 0.6328125 0.0046875 0.0046875
1 0.515625 0.653125 0.0125 0.0296875
0 0.5140625 0.640625 0.003125 0.003125
1 0.5359375 0.6515625 0.009375 0.0265625
0 0.5375 0.640625 0.003125 0.003125
1 0.553125 0.646875 0.0125 0.025
0 0.5515625 0.6375 0.003125 0.003125