1 0.825 0.646875 0.3015625 0.3671875
0 0.93125 0.5171875 0.0734375 0.090625
1 0.8453125 0.5921875 0.2078125 0.440625
0 0.8515625 0.409375 0.0515625 0.065625
1 0.64375 0.5875 0.13125 0.315625
0 0.6234375 0.465625 0.0390625 0.053125
1 0.5640625 0.5171875 0.090625 0.2390625
0 0.5609375 0.4203125 0.0265625 0.034375
1 0.5203125 0.54375 0.11875 0.278125
0 0.5265625 0.4359375 0.03125 0.0453125
1 0.5453125 0.5 0.09375 0.275
0 0.528125 0.38125 0.0234375 0.03125
1 0.509375 0.4375 0.0859375 0.2328125
0 0.49375 0.340625 0.0265625 0.034375
1 0.4703125 0.459375 0.084375 0.225
0 0.459375 0.3671875 0.025 0.03125
1 0.44375 0.5046875 0.0671875 0.196875
0 0.4390625 0.4265625 0.021875 0.034375
1 0.4015625 0.5890625 0.1265625 0.25625
0 0.365625 0.4984375 0.04375 0.059375
1 0.3859375 0.4234375 0.090625 0.175
0 0.3921875 0.353125 0.021875 0.028125
1 0.3890625 0.4578125 0.0890625 0.19375
0 0.375 0.378125 0.021875 0.0265625
1 0.3328125 0.44375 0.08125 0.18125
0 0.3265625 0.36875 0.01875 0.025
1 0.271875 0.4859375 0.096875 0.2203125
0 0.2609375 0.396875 0.025 0.034375
1 0.1890625 0.4796875 0.103125 0.2140625
0 0.16875 0.3921875 0.025 0.0328125
1 0.190625 0.375 0.0375 0.09375
0 0.190625 0.3359375 0.0125 0.0125
1 0.2046875 0.365625 0.0328125 0.0875
0 0.2 0.3296875 0.009375 0.0109375
1 0.2171875 0.3546875 0.025 0.0734375
0 0.2140625 0.3234375 0.009375 0.009375
1 0.1890625 0.3625 0.03125 0.1
0 0.1890625 0.321875 0.009375 0.0125
1 0.146875 0.36875 0.0515625 0.096875
0 0.14375 0.328125 0.0140625 0.015625
1 0.1578125 0.34375 0.025 0.0765625
0 0.1546875 0.3125 0.0078125 0.0109375
1 0.13125 0.3375 0.03125 0.0796875
0 0.121875 0.30625 0.0078125 0.009375
1 0.0890625 0.3359375 0.0265625 0.06875
0 0.0875 0.3078125 0.0109375 0.009375
1 0.08125 0.334375 0.0234375 0.059375
0 0.078125 0.309375 0.0078125 0.00625
1 0.140625 0.3328125 0.01875 0.05625
0 0.140625 0.309375 0.00625 0.0078125
1 0.1265625 0.3484375 0.0234375 0.08125
0 0.125 0.3171875 0.009375 0.0125