1 0.2375 0.496875 0.10625 0.3328125
0 0.2515625 0.35625 0.0390625 0.05
1 0.3265625 0.4890625 0.09375 0.3
0 0.321875 0.35625 0.0296875 0.03125
1 0.4328125 0.4796875 0.1453125 0.3234375
0 0.453125 0.34375 0.0359375 0.0421875
1 0.4328125 0.51875 0.14375 0.3859375
0 0.4296875 0.35625 0.04375 0.0515625
1 0.525 0.515625 0.1609375 0.515625
0 0.525 0.309375 0.053125 0.065625
1 0.5703125 0.503125 0.0875 0.31875
0 0.5765625 0.3703125 0.0296875 0.04375
1 0.6203125 0.53125 0.1484375 0.4390625
0 0.63125 0.35 0.0484375 0.0609375
1 0.69375 0.4890625 0.115625 0.3984375
0 0.696875 0.3203125 0.04375 0.053125
1 0.7421875 0.571875 0.1609375 0.4203125
0 0.753125 0.3984375 0.05 0.0640625
1 0.321875 0.521875 0.2625 0.55
0 0.3171875 0.3015625 0.0640625 0.0859375