1 0.2796875 0.575 0.34375 0.596875
0 0.2828125 0.3328125 0.08125 0.08125
1 0.6125 0.596875 0.31875 0.553125
0 0.565625 0.375 0.0734375 0.08125
1 0.665625 0.5703125 0.15625 0.5609375
0 0.665625 0.34375 0.0765625 0.084375
1 0.8046875 0.5796875 0.1828125 0.5
0 0.7984375 0.365625 0.0625 0.0734375
1 0.884375 0.5859375 0.1109375 0.3921875
0 0.88125 0.4203125 0.053125 0.05
1 0.921875 0.5453125 0.1265625 0.378125
0 0.896875 0.3890625 0.046875 0.05625
1 0.9578125 0.525 0.08125 0.365625
0 0.98125 0.378125 0.0328125 0.0578125