1 0.14375 0.55 0.28125 0.5625
0 0.1421875 0.253125 0.16875 0.1578125
1 0.428125 0.553125 0.315625 0.5578125
0 0.4953125 0.2484375 0.1234375 0.15
1 0.646875 0.5671875 0.2875 0.5296875
0 0.6015625 0.3125 0.1140625 0.1375
1 0.6109375 0.6 0.2453125 0.4609375
0 0.6125 0.4390625 0.090625 0.1234375
1 0.309375 0.68125 0.3109375 0.3
0 0.275 0.6859375 0.1265625 0.14375
1 0.8875 0.509375 0.221875 0.6046875
0 0.8828125 0.315625 0.1015625 0.13125
1 0.8921875 0.5625 0.2125 0.5390625
0 0.88125 0.3 0.09375 0.11875
1 0.3578125 0.5921875 0.1484375 0.478125
0 0.353125 0.4125 0.0875 0.1