1 0.0125 0.5703125 0.025 0.246875
0 0.0046875 0.4671875 0.009375 0.021875
1 0.02578125 0.56484375 0.0515625 0.2109375
0 0.01875 0.475 0.03125 0.028125
1 0.06875 0.553125 0.078125 0.2109375
0 0.065625 0.4671875 0.0296875 0.0296875
1 0.1078125 0.5375 0.1421875 0.3625
0 0.134375 0.38125 0.053125 0.053125
1 0.1359375 0.540625 0.1140625 0.2875
0 0.13125 0.4203125 0.0328125 0.034375
1 0.1765625 0.5078125 0.084375 0.2546875
0 0.171875 0.4015625 0.0359375 0.03125
1 0.2140625 0.525 0.0484375 0.209375
0 0.215625 0.4390625 0.0234375 0.0265625
1 0.2265625 0.5171875 0.0546875 0.225
0 0.23125 0.4265625 0.025 0.025
1 0.2453125 0.51875 0.09375 0.259375
0 0.24375 0.40625 0.0375 0.0390625
1 0.309375 0.5140625 0.0796875 0.2828125
0 0.30625 0.4 0.0359375 0.0421875
1 0.334375 0.521875 0.0953125 0.2984375
0 0.3515625 0.396875 0.0390625 0.0421875
1 0.3828125 0.48125 0.1796875 0.4859375
0 0.3921875 0.284375 0.0453125 0.0625
1 0.4328125 0.5140625 0.1046875 0.3875
0 0.4375 0.3671875 0.040625 0.0390625
1 0.475 0.53125 0.2171875 0.534375
0 0.4953125 0.296875 0.0609375 0.059375
1 0.5890625 0.4859375 0.1328125 0.4328125
0 0.59375 0.303125 0.04375 0.05625
1 0.6921875 0.503125 0.1640625 0.559375
0 0.6953125 0.2640625 0.0640625 0.0734375
1 0.8046875 0.521875 0.090625 0.2859375
0 0.8015625 0.4046875 0.0328125 0.034375
1 0.83125 0.525 0.1125 0.353125
0 0.81875 0.3765625 0.04375 0.046875
1 0.8671875 0.534375 0.05 0.2046875
0 0.8703125 0.4546875 0.03125 0.0359375
1 0.934375 0.5015625 0.1234375 0.375
0 0.925 0.3421875 0.0421875 0.0515625