1 0.0484375 0.45625 0.0921875 0.2421875
0 0.034375 0.35625 0.0265625 0.0359375
1 0.0890625 0.45625 0.0703125 0.2375
0 0.075 0.3609375 0.03125 0.0390625
1 0.165625 0.4265625 0.05625 0.171875
0 0.16875 0.3578125 0.0171875 0.0265625
1 0.9375 0.4296875 0.025 0.125
0 0.9421875 0.3796875 0.0125 0.015625
1 0.9796875 0.43125 0.034375 0.1171875
0 0.9953125 0.384375 0.003125 0.0140625
1 0.2 0.609375 0.23125 0.25625
0 0.240625 0.3625 0.1 0.125
1 0.371875 0.5921875 0.4640625 0.290625
0 0.378125 0.321875 0.09375 0.1171875
1 0.53125 0.596875 0.4265625 0.28125
0 0.515625 0.3859375 0.090625 0.125
1 0.64375 0.6046875 0.3890625 0.265625
0 0.68125 0.3921875 0.1015625 0.1265625
1 0.8546875 0.609375 0.2828125 0.2546875
0 0.821875 0.3859375 0.10625 0.134375