1 0.0765625 0.6046875 0.146875 0.5890625
0 0.0296875 0.340625 0.053125 0.14375
1 0.1640625 0.6171875 0.3203125 0.5625
0 0.24375 0.2390625 0.1515625 0.18125
1 0.4578125 0.6015625 0.8765625 0.59375
0 0.3984375 0.275 0.125 0.184375
1 0.49375 0.5890625 0.290625 0.61875
0 0.4828125 0.2828125 0.084375 0.1046875
1 0.6140625 0.5765625 0.3046875 0.64375
0 0.6109375 0.2703125 0.1 0.1140625
1 0.5578125 0.6359375 0.33125 0.528125
0 0.6109375 0.340625 0.1359375 0.1359375
1 0.6484375 0.6828125 0.3609375 0.4328125
0 0.659375 0.4296875 0.1203125 0.1546875
1 0.7375 0.6484375 0.5171875 0.5015625
0 0.7359375 0.3625 0.1265625 0.15
1 0.821875 0.5765625 0.2359375 0.6453125
0 0.8125 0.30625 0.0953125 0.11875
1 0.88125 0.6046875 0.1953125 0.5890625
0 0.9078125 0.3890625 0.090625 0.10625