1 0.190625 0.8828125 0.0234375 0.0671875
0 0.1921875 0.85625 0.0078125 0.009375
1 0.2046875 0.8921875 0.0234375 0.075
0 0.20625 0.8609375 0.0078125 0.0078125
1 0.234375 0.890625 0.025 0.078125
0 0.240625 0.8578125 0.009375 0.0109375
1 0.265625 0.8875 0.0390625 0.075
0 0.271875 0.8578125 0.0078125 0.009375
1 0.2578125 0.8859375 0.028125 0.06875
0 0.2578125 0.859375 0.009375 0.009375
1 0.30625 0.8796875 0.025 0.0671875
0 0.3046875 0.8515625 0.0078125 0.009375
1 0.4375 0.8703125 0.0171875 0.059375
0 0.4421875 0.8484375 0.0078125 0.009375
1 0.453125 0.86875 0.015625 0.046875
0 0.4546875 0.8515625 0.0078125 0.0078125
1 0.4625 0.8703125 0.0234375 0.059375
0 0.4609375 0.846875 0.0078125 0.0078125
1 0.4671875 0.8671875 0.0171875 0.053125
0 0.4671875 0.8453125 0.00625 0.00625
1 0.54375 0.8578125 0.0125 0.0375
0 0.5421875 0.84375 0.00625 0.00625
1 0.55625 0.859375 0.0125 0.0390625
0 0.5578125 0.84375 0.00625 0.0046875
1 0.5734375 0.85625 0.0171875 0.046875
0 0.5734375 0.8375 0.00625 0.00625
1 0.578125 0.859375 0.0171875 0.0390625
0 0.5796875 0.84375 0.0046875 0.00625
1 0.590625 0.85625 0.0125 0.040625
0 0.590625 0.8421875 0.0046875 0.00625
1 0.596875 0.85625 0.0109375 0.046875
0 0.5984375 0.8375 0.0046875 0.00625
1 0.6046875 0.85625 0.0109375 0.0453125
0 0.60625 0.8375 0.0046875 0.0046875
1 0.6171875 0.8578125 0.0125 0.0421875
0 0.6171875 0.840625 0.0046875 0.0046875
1 0.6375 0.853125 0.0125 0.046875
0 0.6390625 0.8359375 0.00625 0.0078125
1 0.65625 0.86875 0.0109375 0.028125
0 0.65625 0.859375 0.0046875 0.0046875
1 0.6765625 0.8671875 0.0140625 0.025
0 0.6765625 0.859375 0.003125 0.003125
1 0.684375 0.859375 0.0125 0.0390625
0 0.684375 0.84375 0.00625 0.00625
1 0.684375 0.8578125 0.0171875 0.040625
0 0.6828125 0.8453125 0.0046875 0.00625
1 0.690625 0.846875 0.0140625 0.0375
0 0.690625 0.8328125 0.0046875 0.00625
1 0.7 0.84375 0.0125 0.0328125
0 0.6984375 0.83125 0.0046875 0.0046875
1 0.70625 0.840625 0.0125 0.028125
0 0.7078125 0.83125 0.003125 0.0046875
1 0.7046875 0.8578125 0.0140625 0.04375
0 0.7046875 0.8421875 0.0046875 0.00625
1 0.71875 0.8546875 0.0125 0.046875
0 0.721875 0.834375 0.00625 0.00625
1 0.725 0.8546875 0.01875 0.04375
0 0.7265625 0.8421875 0.0046875 0.00625
1 0.7484375 0.8609375 0.0125 0.0328125
0 0.75 0.85 0.0046875 0.0046875
1 0.746875 0.859375 0.0125 0.0328125
0 0.7453125 0.8484375 0.0046875 0.0046875
1 0.7703125 0.85625 0.0203125 0.040625
0 0.765625 0.8390625 0.00625 0.0046875
1 0.7671875 0.840625 0.0109375 0.028125
0 0.7671875 0.828125 0.0046875 0.0046875
1 0.778125 0.8390625 0.009375 0.025
0 0.7765625 0.828125 0.0046875 0.0046875
1 0.8421875 0.85 0.0234375 0.0640625
0 0.8390625 0.8234375 0.0078125 0.009375
1 0.8578125 0.853125 0.0171875 0.0546875
0 0.8578125 0.83125 0.00625 0.0078125
1 0.865625 0.86875 0.0125 0.0875
0 0.86875 0.8328125 0.0046875 0.0125
1 0.7734375 0.9578125 0.0703125 0.078125
0 0.7703125 0.9328125 0.01875 0.021875
1 0.7734375 0.9515625 0.090625 0.0875
0 0.7890625 0.9203125 0.0171875 0.021875
1 0.796875 0.9140625 0.053125 0.0578125
0 0.80625 0.896875 0.0140625 0.0171875
1 0.6078125 0.8546875 0.009375 0.0390625
0 0.609375 0.8375 0.0046875 0.0046875
1 0.6359375 0.8703125 0.025 0.0296875
0 0.6453125 0.859375 0.0046875 0.0046875