1 0.209375 0.5453125 0.246875 0.15
0 0.2046875 0.4859375 0.021875 0.025
1 0.584375 0.5703125 0.3375 0.1875
0 0.5625 0.4921875 0.0265625 0.028125
1 0.765625 0.565625 0.2703125 0.178125
0 0.7546875 0.490625 0.01875 0.021875
1 0.35 0.4921875 0.028125 0.059375
0 0.3484375 0.4671875 0.00625 0.00625
1 0.39375 0.540625 0.0484375 0.1171875
0 0.38125 0.4921875 0.0171875 0.01875
1 0.3765625 0.53125 0.0375 0.1015625
0 0.3765625 0.4890625 0.015625 0.015625
1 0.1984375 0.459375 0.0078125 0.0265625
0 0.1984375 0.45 0.003125 0.003125
1 0.215625 0.4625 0.009375 0.0265625
0 0.215625 0.453125 0.0046875 0.0046875
1 0.4125 0.4734375 0.009375 0.01875
0 0.4125 0.465625 0.003125 0.003125
1 0.421875 0.4734375 0.009375 0.01875
0 0.421875 0.4671875 0.0015625 0.003125
1 0.7140625 0.478125 0.0140625 0.01875
0 0.7140625 0.471875 0.0015625 0.003125