1 0.07734375 0.528125 0.1546875 0.409375
0 0.0875 0.359375 0.059375 0.071875
1 0.1515625 0.5515625 0.153125 0.359375
0 0.153125 0.4125 0.0609375 0.0765625
1 0.2734375 0.53125 0.146875 0.4
0 0.259375 0.3703125 0.0578125 0.0734375
1 0.4015625 0.53125 0.1625 0.4015625
0 0.3953125 0.365625 0.0453125 0.06875
1 0.5359375 0.5390625 0.14375 0.384375
0 0.5203125 0.3859375 0.0515625 0.06875
1 0.6375 0.5546875 0.140625 0.35625
0 0.640625 0.4140625 0.0546875 0.065625
1 0.7578125 0.5296875 0.1453125 0.4046875
0 0.7546875 0.3640625 0.05 0.075
1 0.8703125 0.5453125 0.1578125 0.3734375
0 0.8484375 0.4 0.0625 0.071875
1 0.9109375 0.51875 0.159375 0.4265625
0 0.896875 0.3453125 0.0609375 0.075
1 0.709375 0.525 0.134375 0.4140625
0 0.7 0.35625 0.053125 0.065625
1 0.596875 0.5203125 0.1265625 0.421875
0 0.5984375 0.346875 0.05 0.0671875
1 0.4625 0.5125 0.1421875 0.4390625
0 0.45625 0.3296875 0.0484375 0.06875
1 0.3171875 0.515625 0.134375 0.43125
0 0.315625 0.334375 0.05 0.0640625
1 0.1734375 0.5203125 0.146875 0.425
0 0.1671875 0.34375 0.053125 0.0671875