1 0.7109375 0.7546875 0.071875 0.1515625
0 0.6921875 0.696875 0.0234375 0.0265625
1 0.6984375 0.7578125 0.0875 0.1453125
0 0.678125 0.70625 0.0390625 0.04375
1 0.615625 0.7390625 0.1515625 0.184375
0 0.6203125 0.703125 0.046875 0.0625
1 0.53125 0.753125 0.0171875 0.0859375
0 0.53125 0.7234375 0.009375 0.0125
1 0.5015625 0.765625 0.0359375 0.1296875
0 0.503125 0.7171875 0.01875 0.0234375
1 0.4734375 0.7671875 0.053125 0.1265625
0 0.4609375 0.7203125 0.0265625 0.03125
1 0.44375 0.7671875 0.04375 0.125
0 0.440625 0.7234375 0.015625 0.01875
1 0.3375 0.75625 0.090625 0.146875
0 0.325 0.7078125 0.03125 0.03125
1 0.2453125 0.759375 0.1 0.140625
0 0.271875 0.709375 0.0359375 0.0375
1 0.0453125 0.7484375 0.090625 0.1640625
0 0.0453125 0.690625 0.034375 0.0359375
1 0.1140625 0.7265625 0.1421875 0.20625
0 0.09375 0.696875 0.065625 0.090625