1 0.1515625 0.5125 0.0390625 0.1078125
0 0.1515625 0.4671875 0.0140625 0.0140625
1 0.175 0.5125 0.034375 0.0984375
0 0.175 0.471875 0.0125 0.0125
1 0.1953125 0.5078125 0.025 0.1140625
0 0.1921875 0.4640625 0.0125 0.015625
1 0.2734375 0.5140625 0.0203125 0.0953125
0 0.275 0.4765625 0.0140625 0.0140625
1 0.2984375 0.5125 0.028125 0.0953125
0 0.3015625 0.4734375 0.0140625 0.0140625
1 0.49375 0.515625 0.03125 0.1046875
0 0.4984375 0.4703125 0.0171875 0.0109375
1 0.4640625 0.5109375 0.0453125 0.1234375
0 0.471875 0.4578125 0.0140625 0.0140625
1 0.4171875 0.51875 0.053125 0.1140625
0 0.4140625 0.4703125 0.0140625 0.015625
1 0.35 0.515625 0.05 0.11875
0 0.353125 0.4640625 0.0125 0.015625
1 0.7703125 0.4984375 0.0203125 0.0453125
0 0.7671875 0.48125 0.0046875 0.00625
1 0.8984375 0.5078125 0.034375 0.1109375
0 0.896875 0.4609375 0.015625 0.0171875
1 0.3390625 0.5203125 0.0328125 0.1109375
0 0.340625 0.471875 0.0109375 0.0125
1 0.453125 0.509375 0.028125 0.1171875
0 0.45625 0.4578125 0.0140625 0.0125
1 0.43125 0.5125 0.0328125 0.1125
0 0.4265625 0.4640625 0.0125 0.0125
1 0.39375 0.51875 0.028125 0.10625
0 0.3921875 0.471875 0.009375 0.0109375
1 0.55 0.496875 0.0171875 0.0359375
0 0.55 0.4828125 0.0046875 0.00625
1 0.753125 0.509375 0.021875 0.0625
0 0.7546875 0.48125 0.0046875 0.00625
1 0.734375 0.4984375 0.0140625 0.046875
0 0.7359375 0.4796875 0.0046875 0.0046875
1 0.8265625 0.49375 0.0109375 0.03125
0 0.8234375 0.48125 0.003125 0.0046875