1 0.865625 0.628125 0.2640625 0.571875
0 0.8953125 0.3953125 0.071875 0.090625
1 0.6609375 0.55 0.2125 0.565625
0 0.671875 0.3234375 0.0890625 0.1125
1 0.49375 0.5609375 0.2109375 0.5640625
0 0.51875 0.34375 0.0734375 0.1
1 0.3046875 0.609375 0.2609375 0.6078125
0 0.3140625 0.3671875 0.0734375 0.10625
1 0.128125 0.5921875 0.253125 0.6421875
0 0.0828125 0.3390625 0.0984375 0.1265625
1 0.9234375 0.5046875 0.146875 0.3875
0 0.93125 0.3453125 0.05625 0.0625
1 0.94375 0.446875 0.1046875 0.334375
0 0.9546875 0.309375 0.0515625 0.059375
1 0.9578125 0.340625 0.05625 0.2078125
0 0.965625 0.25 0.0203125 0.021875
1 0.9828125 0.3421875 0.0296875 0.234375
0 0.990625 0.2421875 0.0140625 0.0359375
1 0.846875 0.3875 0.1 0.3171875
0 0.8578125 0.2546875 0.0375 0.05
1 0.765625 0.409375 0.121875 0.3796875
0 0.775 0.253125 0.05 0.0609375
1 0.75 0.475 0.1296875 0.3828125
0 0.7421875 0.3125 0.0546875 0.0578125
1 0.8140625 0.3984375 0.0796875 0.321875
0 0.83125 0.253125 0.0203125 0.028125
1 0.859375 0.278125 0.03125 0.159375
0 0.8625 0.2078125 0.009375 0.009375
1 0.83125 0.278125 0.046875 0.1578125
0 0.83125 0.20625 0.0125 0.0125
1 0.80625 0.2671875 0.028125 0.11875
0 0.8078125 0.2109375 0.0078125 0.009375
1 0.7375 0.3671875 0.0859375 0.2921875
0 0.7390625 0.2359375 0.028125 0.03125
1 0.7140625 0.2296875 0.0296875 0.0671875
0 0.715625 0.203125 0.0078125 0.0078125
1 0.765625 0.2359375 0.0265625 0.0703125
0 0.76875 0.2125 0.0109375 0.0140625
1 0.603125 0.446875 0.1640625 0.43125
0 0.6 0.271875 0.0515625 0.06875
1 0.671875 0.440625 0.1171875 0.39375
0 0.6515625 0.2640625 0.0375 0.034375
1 0.6828125 0.321875 0.0640625 0.21875
0 0.684375 0.2265625 0.0234375 0.028125
1 0.63125 0.3453125 0.0640625 0.2703125
0 0.6359375 0.228125 0.025 0.03125
1 0.56875 0.3828125 0.090625 0.2640625
0 0.5609375 0.2890625 0.04375 0.05625
1 0.5515625 0.3921875 0.09375 0.3171875
0 0.540625 0.259375 0.03125 0.040625
1 0.5609375 0.321875 0.0515625 0.2046875
0 0.5515625 0.2328125 0.021875 0.028125
1 0.575 0.3046875 0.046875 0.203125
0 0.5734375 0.215625 0.01875 0.0203125
1 0.503125 0.3703125 0.0828125 0.309375
0 0.5078125 0.2359375 0.025 0.0359375
1 0.4859375 0.4078125 0.1109375 0.4390625
0 0.4640625 0.21875 0.04375 0.05625
1 0.440625 0.4328125 0.14375 0.4234375
0 0.4328125 0.2578125 0.0515625 0.0703125
1 0.4515625 0.3359375 0.06875 0.309375
0 0.440625 0.19375 0.0171875 0.025
1 0.4015625 0.265625 0.0515625 0.1625
0 0.396875 0.2 0.01875 0.0265625
1 0.3890625 0.2796875 0.05 0.209375
0 0.3890625 0.1890625 0.0140625 0.0265625
1 0.353125 0.2203125 0.0234375 0.0671875
0 0.353125 0.19375 0.009375 0.0125
1 0.31875 0.259375 0.0546875 0.1578125
0 0.3171875 0.1921875 0.0171875 0.021875
1 0.31875 0.2796875 0.0515625 0.1640625
0 0.321875 0.209375 0.021875 0.021875
1 0.353125 0.3921875 0.08125 0.35625
0 0.340625 0.2359375 0.0328125 0.040625
1 0.334375 0.4421875 0.078125 0.41875
0 0.328125 0.2609375 0.0390625 0.0546875
1 0.31875 0.4796875 0.159375 0.4875
0 0.296875 0.2671875 0.0484375 0.0625
1 0.271875 0.2796875 0.0421875 0.190625
0 0.271875 0.1953125 0.0171875 0.0203125
1 0.253125 0.2390625 0.0234375 0.1125
0 0.2546875 0.1890625 0.009375 0.0125
1 0.2484375 0.203125 0.021875 0.078125
0 0.2515625 0.1703125 0.00625 0.0078125
1 0.23125 0.3265625 0.0890625 0.2828125
0 0.225 0.2046875 0.0296875 0.0375
1 0.1578125 0.2890625 0.0765625 0.246875
0 0.140625 0.1875 0.0296875 0.0375
1 0.0921875 0.3859375 0.1171875 0.434375
0 0.06875 0.1890625 0.0328125 0.0390625
1 0.20625 0.396875 0.1125 0.303125
0 0.190625 0.2734375 0.0375 0.0546875
1 0.0203125 0.2328125 0.0375 0.11875
0 0.0078125 0.184375 0.0140625 0.0171875
1 0.034375 0.4609375 0.0671875 0.44375
0 0.009375 0.26875 0.0171875 0.053125
1 0.5828125 0.26875 0.0390625 0.1703125
0 0.5875 0.19375 0.015625 0.0171875