1 0.7390625 0.434375 0.2671875 0.746875
0 0.7109375 0.121875 0.0890625 0.109375
1 0.65 0.4359375 0.3484375 0.6359375
0 0.6453125 0.175 0.06875 0.1015625
1 0.5453125 0.4265625 0.2765625 0.596875
0 0.5234375 0.175 0.06875 0.090625
1 0.40625 0.4234375 0.3890625 0.590625
0 0.4109375 0.18125 0.06875 0.0921875
1 0.3125 0.4265625 0.3171875 0.6453125
0 0.3203125 0.171875 0.0765625 0.10625
1 0.234375 0.4484375 0.2171875 0.734375
0 0.19375 0.15 0.0953125 0.1109375
1 0.85625 0.315625 0.03125 0.30625
0 0.865625 0.1859375 0.0109375 0.0375
1 0.6 0.321875 0.1265625 0.353125
0 0.58125 0.16875 0.040625 0.0484375
1 0.45625 0.3515625 0.0953125 0.36875
0 0.4609375 0.1984375 0.05 0.059375
1 0.25625 0.334375 0.1203125 0.371875
0 0.2375 0.1734375 0.0265625 0.0390625
1 0.153125 0.3875 0.0546875 0.3515625
0 0.140625 0.240625 0.028125 0.05
1 0.48125 0.265625 0.0265625 0.121875
0 0.484375 0.215625 0.0109375 0.0140625