1 0.8 0.55625 0.1734375 0.5109375
0 0.840625 0.35625 0.071875 0.0578125
1 0.915625 0.5453125 0.1453125 0.4125
0 0.9296875 0.3765625 0.0546875 0.0578125
1 0.9578125 0.51875 0.0796875 0.2875
0 0.98125 0.4 0.0328125 0.04375
1 0.6296875 0.4625 0.03125 0.0875
0 0.63125 0.4265625 0.009375 0.0125
1 0.58125 0.471875 0.03125 0.03125
0 0.590625 0.4640625 0.0078125 0.0078125
1 0.5234375 0.45 0.021875 0.04375
0 0.5234375 0.43125 0.0046875 0.0046875
1 0.4984375 0.45 0.015625 0.04375
0 0.5 0.4328125 0.0046875 0.0046875
1 0.1625 0.6109375 0.3234375 0.4421875
0 0.13125 0.4703125 0.1890625 0.203125