1 0.9390625 0.565625 0.1171875 0.35
0 0.953125 0.440625 0.0578125 0.078125
1 0.8234375 0.575 0.16875 0.33125
0 0.81875 0.4578125 0.0640625 0.090625
1 0.6828125 0.58125 0.16875 0.3203125
0 0.6734375 0.4625 0.0515625 0.0828125
1 0.525 0.5765625 0.16875 0.3296875
0 0.528125 0.4515625 0.0734375 0.0890625
1 0.3671875 0.5625 0.1625 0.3578125
0 0.365625 0.440625 0.059375 0.0828125
1 0.2046875 0.575 0.1875 0.334375
0 0.209375 0.45625 0.0703125 0.084375
1 0.0640625 0.575 0.125 0.33125
0 0.0421875 0.4625 0.0671875 0.0859375
1 0.0734375 0.5046875 0.14375 0.3796875
0 0.06875 0.35 0.0546875 0.071875
1 0.2 0.4859375 0.146875 0.3984375
0 0.2078125 0.3296875 0.059375 0.075
1 0.3609375 0.46875 0.1515625 0.41875
0 0.35625 0.3046875 0.059375 0.0671875
1 0.49375 0.5015625 0.153125 0.3828125
0 0.471875 0.3546875 0.0515625 0.078125
1 0.64375 0.50625 0.18125 0.3875
0 0.6375 0.3484375 0.0515625 0.0703125
1 0.7921875 0.4921875 0.146875 0.4171875
0 0.7953125 0.3265625 0.0609375 0.0765625
1 0.925 0.4890625 0.14375 0.4265625
0 0.921875 0.3140625 0.04375 0.0625