1 0.1078125 0.48125 0.103125 0.2640625
0 0.1125 0.371875 0.03125 0.0390625
1 0.1453125 0.4640625 0.0859375 0.2296875
0 0.1421875 0.36875 0.0265625 0.0375
1 0.228125 0.4671875 0.08125 0.253125
0 0.2234375 0.3640625 0.0296875 0.040625
1 0.25 0.4546875 0.065625 0.2171875
0 0.25 0.3640625 0.0265625 0.034375
1 0.278125 0.5234375 0.13125 0.3703125
0 0.2828125 0.375 0.040625 0.0453125
1 0.3921875 0.5375 0.134375 0.3375
0 0.3828125 0.403125 0.0390625 0.05
1 0.3703125 0.565625 0.1953125 0.4171875
0 0.3484375 0.39375 0.0546875 0.065625
1 0.4203125 0.5046875 0.1109375 0.303125
0 0.4296875 0.3796875 0.0328125 0.0390625
1 0.4625 0.4953125 0.0703125 0.2046875
0 0.4625 0.4125 0.025 0.028125
1 0.5046875 0.4875 0.0953125 0.25
0 0.50625 0.384375 0.028125 0.0359375
1 0.509375 0.4453125 0.0671875 0.203125
0 0.509375 0.3609375 0.0265625 0.0296875
1 0.5421875 0.4546875 0.0703125 0.2046875
0 0.54375 0.3734375 0.025 0.0375
1 0.5640625 0.475 0.065625 0.2109375
0 0.5671875 0.3890625 0.03125 0.0328125
1 0.60625 0.5046875 0.096875 0.2796875
0 0.609375 0.3921875 0.034375 0.0484375
1 0.553125 0.51875 0.096875 0.2421875
0 0.5671875 0.43125 0.0234375 0.0359375
1 0.5875 0.553125 0.1265625 0.3265625
0 0.590625 0.4203125 0.0375 0.0515625
1 0.6921875 0.5734375 0.159375 0.3875
0 0.6734375 0.4171875 0.0453125 0.0671875
1 0.7625 0.528125 0.109375 0.3078125
0 0.746875 0.4 0.040625 0.0484375
1 0.8046875 0.50625 0.0890625 0.2515625
0 0.79375 0.403125 0.0265625 0.0296875
1 0.8078125 0.4296875 0.0515625 0.165625
0 0.80625 0.3640625 0.0203125 0.025
1 0.840625 0.459375 0.0578125 0.1921875
0 0.8390625 0.384375 0.0203125 0.03125
1 0.8765625 0.4890625 0.090625 0.24375
0 0.8765625 0.396875 0.025 0.0328125
1 0.9078125 0.459375 0.0765625 0.2265625
0 0.9078125 0.371875 0.025 0.028125
1 0.5671875 0.4 0.05 0.1265625
0 0.5625 0.35 0.0171875 0.0234375
1 0.6296875 0.475 0.059375 0.1953125
0 0.6375 0.3984375 0.025 0.0328125
1 0.7078125 0.390625 0.0484375 0.1140625
0 0.7078125 0.3484375 0.0140625 0.0203125
1 0.7265625 0.375 0.034375 0.0875
0 0.7296875 0.34375 0.0109375 0.0140625
1 0.7671875 0.38125 0.046875 0.0984375
0 0.7625 0.3453125 0.0140625 0.0140625