1 0.175 0.6453125 0.071875 0.175
0 0.1796875 0.5734375 0.028125 0.0265625
1 0.3921875 0.5890625 0.0375 0.08125
0 0.396875 0.55625 0.0109375 0.0109375
1 0.375 0.584375 0.025 0.0671875
0 0.3765625 0.55625 0.0078125 0.009375
1 0.4609375 0.5953125 0.04375 0.1046875
0 0.4625 0.5515625 0.0125 0.0140625
1 0.4828125 0.5859375 0.0328125 0.0796875
0 0.48125 0.553125 0.0109375 0.009375
1 0.4984375 0.5703125 0.0140625 0.046875
0 0.5 0.5515625 0.00625 0.0078125
1 0.434375 0.575 0.015625 0.0484375
0 0.4359375 0.5546875 0.0046875 0.0046875
1 0.4484375 0.5609375 0.0125 0.03125
0 0.4484375 0.55 0.0046875 0.0046875
1 0.421875 0.5796875 0.0171875 0.040625
0 0.4265625 0.5640625 0.0046875 0.0078125