1 0.159375 0.5109375 0.178125 0.4625
0 0.165625 0.3203125 0.0546875 0.0796875
1 0.2890625 0.53125 0.221875 0.5171875
0 0.25625 0.3140625 0.0625 0.075
1 0.4796875 0.521875 0.2421875 0.559375
0 0.4765625 0.284375 0.0625 0.0796875
1 0.3625 0.478125 0.1421875 0.4125
0 0.3515625 0.30625 0.0453125 0.0625
1 0.634375 0.5296875 0.146875 0.471875
0 0.640625 0.33125 0.05 0.06875
1 0.821875 0.528125 0.2171875 0.540625
0 0.8359375 0.2953125 0.0625 0.075
1 0.95 0.43125 0.0953125 0.3296875
0 0.975 0.2984375 0.0390625 0.04375
1 0.8296875 0.375 0.0953125 0.303125
0 0.8234375 0.2546875 0.0359375 0.0484375
1 0.771875 0.3796875 0.0859375 0.2296875
0 0.78125 0.29375 0.028125 0.0296875
1 0.6671875 0.4671875 0.1703125 0.4234375
0 0.671875 0.290625 0.046875 0.0640625
1 0.5953125 0.425 0.1 0.33125
0 0.596875 0.2859375 0.0390625 0.05
1 0.61875 0.353125 0.08125 0.23125
0 0.621875 0.259375 0.03125 0.0453125
1 0.51875 0.3453125 0.10625 0.2453125
0 0.521875 0.2515625 0.03125 0.0359375
1 0.409375 0.3625 0.08125 0.2109375
0 0.4125 0.2796875 0.0265625 0.0296875
1 0.346875 0.384375 0.11875 0.2953125
0 0.35625 0.2640625 0.040625 0.05
1 0.70625 0.4125 0.0859375 0.2875
0 0.7125 0.290625 0.028125 0.025