1 0.9375 0.7390625 0.0984375 0.2
0 0.9203125 0.659375 0.0265625 0.028125
1 0.925 0.746875 0.0703125 0.1671875
0 0.915625 0.6734375 0.0171875 0.0171875
1 0.8625 0.7296875 0.06875 0.16875
0 0.85 0.6609375 0.01875 0.025
1 0.6859375 0.7375 0.059375 0.1609375
0 0.690625 0.671875 0.0171875 0.0203125
1 0.6890625 0.7328125 0.0609375 0.15625
0 0.6921875 0.6703125 0.0203125 0.021875
1 0.74375 0.6796875 0.05 0.121875
0 0.7421875 0.63125 0.015625 0.0171875
1 0.4515625 0.7171875 0.0375 0.115625
0 0.4484375 0.671875 0.015625 0.01875
1 0.2375 0.76875 0.146875 0.2515625
0 0.25 0.6625 0.0328125 0.0328125
1 0.30625 0.7296875 0.065625 0.1828125
0 0.303125 0.6546875 0.021875 0.0296875
1 0.3296875 0.7046875 0.0375 0.134375
0 0.33125 0.6515625 0.015625 0.0203125
1 0.1375 0.7296875 0.0671875 0.19375
0 0.1421875 0.6515625 0.028125 0.0296875
1 0.209375 0.71875 0.0328125 0.13125
0 0.2109375 0.6671875 0.015625 0.01875
1 0.190625 0.7125 0.0296875 0.121875
0 0.1953125 0.6671875 0.0171875 0.015625
1 0.1765625 0.715625 0.0328125 0.121875
0 0.1796875 0.66875 0.015625 0.0171875
1 0.075 0.7046875 0.0375 0.103125
0 0.0734375 0.665625 0.015625 0.015625
1 0.0265625 0.70625 0.04375 0.1171875
0 0.0328125 0.659375 0.0171875 0.015625
1 0.015625 0.7078125 0.0265625 0.1125
0 0.01875 0.6609375 0.015625 0.0140625