1 0.1296875 0.575 0.0625 0.13125
0 0.1375 0.53125 0.01875 0.021875
1 0.209375 0.5859375 0.0953125 0.109375
0 0.2171875 0.5734375 0.0375 0.0375
1 0.390625 0.584375 0.0828125 0.1140625
0 0.390625 0.571875 0.0265625 0.0328125
1 0.521875 0.5921875 0.0734375 0.096875
0 0.525 0.56875 0.0234375 0.0296875
1 0.5484375 0.5734375 0.0171875 0.0515625
0 0.5484375 0.553125 0.0046875 0.0078125
1 0.5578125 0.5734375 0.0171875 0.065625
0 0.5578125 0.546875 0.009375 0.0078125
1 0.5765625 0.571875 0.0265625 0.071875
0 0.5765625 0.5421875 0.00625 0.00625
1 0.5859375 0.5734375 0.01875 0.0703125
0 0.5859375 0.546875 0.00625 0.0078125
1 0.5953125 0.571875 0.0234375 0.071875
0 0.596875 0.540625 0.009375 0.0078125
1 0.678125 0.571875 0.0296875 0.075
0 0.6796875 0.5390625 0.0078125 0.0078125
1 0.625 0.5921875 0.0640625 0.0953125
0 0.6203125 0.559375 0.0203125 0.0234375
1 0.6875 0.6 0.059375 0.0828125
0 0.6828125 0.5765625 0.0234375 0.0234375
1 0.75625 0.596875 0.0546875 0.0890625
0 0.753125 0.571875 0.0203125 0.021875
1 0.7953125 0.5984375 0.0453125 0.0828125
0 0.79375 0.5734375 0.0203125 0.01875
1 0.821875 0.596875 0.04375 0.0875
0 0.821875 0.5671875 0.0171875 0.0171875
1 0.8453125 0.6078125 0.028125 0.0671875
0 0.8453125 0.58125 0.0109375 0.0109375
1 0.871875 0.6046875 0.034375 0.071875
0 0.8703125 0.5796875 0.0140625 0.0125
1 0.890625 0.60625 0.0375 0.0703125
0 0.890625 0.58125 0.0125 0.0125
1 0.8953125 0.60625 0.021875 0.06875
0 0.896875 0.578125 0.0109375 0.009375
1 0.9140625 0.6046875 0.040625 0.071875
0 0.9109375 0.578125 0.0125 0.0109375
1 0.9390625 0.6015625 0.0203125 0.078125
0 0.9421875 0.5703125 0.0109375 0.009375
1 0.9578125 0.6015625 0.021875 0.0796875
0 0.9578125 0.56875 0.0109375 0.009375
1 0.9578125 0.6078125 0.034375 0.065625
0 0.95 0.58125 0.0140625 0.0109375
1 0.9703125 0.6 0.0359375 0.08125
0 0.978125 0.5671875 0.0171875 0.0125