1 0.971875 0.6671875 0.0515625 0.1171875
0 0.9875 0.6234375 0.0171875 0.0234375
1 0.9484375 0.778125 0.0875 0.1
0 0.96875 0.7421875 0.0203125 0.0234375
1 0.8 0.6796875 0.0671875 0.1390625
0 0.8140625 0.625 0.028125 0.0234375
1 0.6953125 0.66875 0.059375 0.078125
0 0.6953125 0.64375 0.0171875 0.0234375
1 0.625 0.671875 0.0796875 0.1015625
0 0.628125 0.6375 0.0171875 0.0203125
1 0.66875 0.6875 0.0765625 0.090625
0 0.66875 0.6578125 0.025 0.0234375
1 0.625 0.634375 0.075 0.0828125
0 0.621875 0.603125 0.0203125 0.0203125
1 0.571875 0.6546875 0.0921875 0.1046875
0 0.559375 0.6171875 0.0234375 0.025
1 0.5515625 0.625 0.0875 0.084375
0 0.5375 0.5953125 0.025 0.0203125
1 0.54375 0.6078125 0.075 0.084375
0 0.5421875 0.5796875 0.021875 0.0234375
1 0.496875 0.575 0.0671875 0.0875
0 0.4765625 0.54375 0.021875 0.0171875
1 0.44375 0.5578125 0.0921875 0.0875
0 0.425 0.528125 0.021875 0.0203125
1 0.45 0.590625 0.09375 0.0859375
0 0.428125 0.5578125 0.025 0.0171875
1 0.3859375 0.5453125 0.075 0.0875
0 0.3640625 0.515625 0.025 0.0203125
1 0.3921875 0.603125 0.1046875 0.125
0 0.3640625 0.559375 0.025 0.028125
1 0.4375 0.65 0.1296875 0.125
0 0.4171875 0.603125 0.03125 0.0296875
1 0.496875 0.7015625 0.1046875 0.128125
0 0.4765625 0.6609375 0.0328125 0.034375
1 0.54375 0.7140625 0.09375 0.11875
0 0.5359375 0.6796875 0.03125 0.0328125
1 0.3640625 0.721875 0.1296875 0.15625
0 0.3421875 0.6671875 0.0390625 0.040625
1 0.3078125 0.6578125 0.153125 0.140625
0 0.2703125 0.6109375 0.040625 0.040625
1 0.325 0.5625 0.1046875 0.115625
0 0.2984375 0.521875 0.0296875 0.0265625
1 0.2890625 0.534375 0.09375 0.0984375
0 0.2765625 0.5015625 0.025 0.028125
1 0.15625 0.53125 0.1171875 0.1359375
0 0.1265625 0.48125 0.0328125 0.0296875
1 0.1796875 0.559375 0.11875 0.121875
0 0.15625 0.515625 0.0375 0.0296875
1 0.1046875 0.5375 0.1203125 0.128125
0 0.0671875 0.4921875 0.0375 0.03125
1 0.08125 0.5359375 0.1609375 0.1390625
0 0.028125 0.4890625 0.0421875 0.040625
1 0.05 0.5 0.0953125 0.134375
0 0.0078125 0.4515625 0.0109375 0.0265625
1 0.18125 0.6765625 0.159375 0.159375
0 0.134375 0.6203125 0.0546875 0.0390625
1 0.1546875 0.721875 0.1828125 0.1734375
0 0.109375 0.6640625 0.059375 0.0515625
1 0.2421875 0.7546875 0.1828125 0.1484375
0 0.20625 0.7109375 0.0515625 0.0484375