1 0.590625 0.509375 0.0671875 0.128125
0 0.5890625 0.459375 0.0203125 0.021875
1 0.0375 0.621875 0.0671875 0.1296875
0 0.0328125 0.58125 0.04375 0.0421875
1 0.11875 0.6 0.0859375 0.134375
0 0.1203125 0.5609375 0.03125 0.0375
1 0.2015625 0.5875 0.0765625 0.115625
0 0.203125 0.5578125 0.034375 0.0390625
1 0.259375 0.621875 0.0765625 0.125
0 0.25625 0.5875 0.0359375 0.04375
1 0.15 0.6421875 0.0953125 0.1578125
0 0.1453125 0.584375 0.0390625 0.0421875
1 0.0609375 0.6625 0.0890625 0.15625
0 0.0609375 0.60625 0.0359375 0.0359375
1 0.31875 0.671875 0.115625 0.1859375
0 0.3265625 0.6 0.03125 0.040625
1 0.21875 0.6671875 0.1046875 0.18125
0 0.215625 0.609375 0.05 0.0546875
1 0.05625 0.7453125 0.1078125 0.165625
0 0.0640625 0.6984375 0.0546875 0.0640625
1 0.1875 0.721875 0.15625 0.2125
0 0.1859375 0.65 0.05625 0.059375
1 0.3140625 0.71875 0.13125 0.2171875
0 0.31875 0.65 0.0546875 0.0625
1 0.40625 0.746875 0.18125 0.1609375
0 0.4421875 0.709375 0.0546875 0.0671875
1 0.425 0.71875 0.1109375 0.2171875
0 0.428125 0.64375 0.0515625 0.0609375
1 0.5359375 0.7296875 0.1453125 0.1953125
0 0.5203125 0.6671875 0.05625 0.0640625
1 0.740625 0.7484375 0.15625 0.1578125
0 0.7375 0.7578125 0.0640625 0.0875
1 0.8453125 0.6984375 0.20625 0.259375
0 0.8890625 0.60625 0.05625 0.0515625
1 0.9328125 0.6359375 0.084375 0.1859375
0 0.9265625 0.5671875 0.03125 0.034375
1 0.8734375 0.6640625 0.1015625 0.196875
0 0.884375 0.596875 0.040625 0.0453125
1 0.678125 0.6953125 0.1203125 0.228125
0 0.6859375 0.609375 0.0359375 0.04375
1 0.9640625 0.55625 0.0515625 0.1140625
0 0.9640625 0.521875 0.03125 0.0328125
1 0.9234375 0.5671875 0.0640625 0.1296875
0 0.9265625 0.521875 0.0265625 0.03125
1 0.8765625 0.58125 0.0546875 0.13125
0 0.871875 0.5328125 0.03125 0.034375
1 0.8265625 0.5921875 0.05625 0.1328125
0 0.8296875 0.54375 0.0265625 0.0296875
1 0.8328125 0.553125 0.0515625 0.1078125
0 0.8265625 0.5171875 0.0203125 0.0265625
1 0.79375 0.55625 0.0515625 0.1171875
0 0.7921875 0.5109375 0.025 0.025
1 0.778125 0.5953125 0.05625 0.153125
0 0.7765625 0.5390625 0.0265625 0.03125
1 0.753125 0.5640625 0.0515625 0.140625
0 0.7546875 0.515625 0.0296875 0.0328125
1 0.7375 0.621875 0.08125 0.1671875
0 0.7375 0.5640625 0.03125 0.040625
1 0.7203125 0.59375 0.06875 0.1515625
0 0.7265625 0.540625 0.03125 0.0328125
1 0.69375 0.5703125 0.0640625 0.1359375
0 0.690625 0.51875 0.0265625 0.0265625
1 0.596875 0.646875 0.134375 0.1703125
0 0.6296875 0.584375 0.034375 0.0421875
1 0.6578125 0.5984375 0.0640625 0.1421875
0 0.6703125 0.5453125 0.0296875 0.03125
1 0.6359375 0.571875 0.05625 0.11875
0 0.6328125 0.5328125 0.03125 0.0359375
1 0.5890625 0.609375 0.065625 0.15
0 0.59375 0.55625 0.03125 0.034375
1 0.5890625 0.584375 0.0703125 0.1609375
0 0.590625 0.5265625 0.0265625 0.0265625
1 0.509375 0.6234375 0.1015625 0.1765625
0 0.5296875 0.5546875 0.0265625 0.0328125
1 0.51875 0.5875 0.075 0.1640625
0 0.525 0.521875 0.0265625 0.03125
1 0.4359375 0.6109375 0.1 0.1828125
0 0.4484375 0.5390625 0.03125 0.03125