1 0.9015625 0.5828125 0.1265625 0.384375
0 0.903125 0.4203125 0.0484375 0.0578125
1 0.8015625 0.58125 0.1015625 0.3515625
0 0.8 0.4375 0.0453125 0.046875
1 0.809375 0.55 0.128125 0.3578125
0 0.8125 0.3953125 0.0453125 0.0453125
1 0.7109375 0.5703125 0.103125 0.3609375
0 0.7125 0.4203125 0.0453125 0.0515625
1 0.6796875 0.5203125 0.103125 0.3265625
0 0.678125 0.38125 0.034375 0.0453125
1 0.6328125 0.553125 0.115625 0.3625
0 0.634375 0.4015625 0.0421875 0.05625
1 0.584375 0.4984375 0.08125 0.296875
0 0.5921875 0.371875 0.034375 0.0421875
1 0.5390625 0.5484375 0.115625 0.375
0 0.5453125 0.3921875 0.040625 0.0515625
1 0.484375 0.5125 0.09375 0.2984375
0 0.4890625 0.3890625 0.03125 0.040625
1 0.4484375 0.5515625 0.1078125 0.36875
0 0.4625 0.3921875 0.0359375 0.05
1 0.39375 0.5296875 0.1 0.3421875
0 0.3984375 0.3890625 0.040625 0.046875
1 0.303125 0.54375 0.0921875 0.340625
0 0.30625 0.4015625 0.0390625 0.0484375
1 0.265625 0.5390625 0.0953125 0.303125
0 0.2625 0.4109375 0.0328125 0.0453125
1 0.1890625 0.5453125 0.1203125 0.3453125
0 0.1796875 0.4 0.040625 0.05
1 0.13125 0.5265625 0.10625 0.3515625
0 0.140625 0.3765625 0.04375 0.0515625
1 0.078125 0.5578125 0.1296875 0.4078125
0 0.0828125 0.384375 0.0484375 0.053125