1 0.0515625 0.640625 0.1 0.3484375
0 0.04375 0.4890625 0.040625 0.04375
1 0.1359375 0.5796875 0.0796875 0.2578125
0 0.1359375 0.4796875 0.0296875 0.0390625
1 0.1515625 0.55625 0.0703125 0.1921875
0 0.15 0.4796875 0.01875 0.021875
1 0.2046875 0.659375 0.1234375 0.3328125
0 0.2015625 0.5234375 0.0375 0.0484375
1 0.2390625 0.559375 0.0796875 0.1875
0 0.2375 0.48125 0.028125 0.028125
1 0.3328125 0.6359375 0.1484375 0.3671875
0 0.3359375 0.4828125 0.0421875 0.0453125
1 0.4578125 0.609375 0.1015625 0.1890625
0 0.4359375 0.540625 0.0296875 0.0359375
1 0.5015625 0.5421875 0.0765625 0.209375
0 0.503125 0.45625 0.0203125 0.025
1 0.5875 0.54375 0.0734375 0.20625
0 0.59375 0.4578125 0.0234375 0.0265625
1 0.64375 0.6328125 0.1328125 0.3546875
0 0.6296875 0.4921875 0.0359375 0.05
1 0.8 0.34375 0.0671875 0.1625
0 0.8046875 0.2921875 0.0203125 0.025
1 0.8390625 0.559375 0.0953125 0.20625
0 0.84375 0.4703125 0.0203125 0.0265625
1 0.8546875 0.5546875 0.0671875 0.2109375
0 0.8609375 0.465625 0.028125 0.028125
1 0.8890625 0.5734375 0.0625 0.2375
0 0.8890625 0.4734375 0.028125 0.03125
1 0.9484375 0.5546875 0.071875 0.265625
0 0.95 0.4421875 0.0265625 0.034375
1 0.9765625 0.61875 0.040625 0.3
0 0.9875 0.4859375 0.01875 0.0375