1 0.696875 0.6859375 0.296875 0.371875
0 0.7109375 0.5375 0.084375 0.1
1 0.3 0.6234375 0.13125 0.303125
0 0.3265625 0.4984375 0.034375 0.0390625
1 0.371875 0.5390625 0.071875 0.1734375
0 0.378125 0.46875 0.021875 0.021875
1 0.4046875 0.4765625 0.05625 0.11875
0 0.4015625 0.43125 0.021875 0.01875
1 0.4671875 0.465625 0.0765625 0.125
0 0.4515625 0.4140625 0.0171875 0.0203125
1 0.4796875 0.4078125 0.071875 0.11875
0 0.475 0.3609375 0.0140625 0.0125
1 0.446875 0.3671875 0.0515625 0.1078125
0 0.45 0.321875 0.0140625 0.0125
1 0.6046875 0.6375 0.1265625 0.38125
0 0.6046875 0.475 0.046875 0.0515625
1 0.728125 0.5671875 0.1046875 0.2375
0 0.7171875 0.46875 0.0265625 0.0328125
1 0.6125 0.41875 0.0640625 0.13125
0 0.6171875 0.3625 0.021875 0.01875
1 0.6125 0.3578125 0.0515625 0.1078125
0 0.609375 0.3140625 0.0140625 0.0125
1 0.4359375 0.5703125 0.096875 0.209375
0 0.4359375 0.4890625 0.01875 0.0234375
1 0.459375 0.3359375 0.0546875 0.1140625
0 0.4671875 0.290625 0.0171875 0.0140625
1 0.6390625 0.5453125 0.08125 0.2109375
0 0.6375 0.459375 0.0265625 0.03125
1 0.6765625 0.4703125 0.0640625 0.1359375
0 0.6796875 0.4125 0.01875 0.0140625
1 0.6765625 0.521875 0.05 0.1546875
0 0.675 0.4640625 0.025 0.028125
1 0.6703125 0.4515625 0.0640625 0.1421875
0 0.671875 0.4 0.021875 0.01875
1 0.6671875 0.4234375 0.059375 0.1265625
0 0.6625 0.3734375 0.0171875 0.01875
1 0.659375 0.3921875 0.046875 0.10625
0 0.659375 0.353125 0.0171875 0.015625
1 0.625 0.346875 0.0375 0.1
0 0.625 0.3046875 0.0125 0.0125
1 0.9171875 0.609375 0.1578125 0.4078125
0 0.9421875 0.4578125 0.0296875 0.040625