1 0.6296875 0.7453125 0.034375 0.06875
0 0.621875 0.71875 0.0125 0.0140625
1 0.615625 0.740625 0.03125 0.078125
0 0.609375 0.7125 0.009375 0.0125
1 0.45625 0.734375 0.0296875 0.04375
0 0.459375 0.7203125 0.00625 0.0078125
1 0.484375 0.6953125 0.009375 0.03125
0 0.4859375 0.6828125 0.003125 0.003125
1 0.7171875 0.7 0.009375 0.025
0 0.7171875 0.6890625 0.003125 0.003125
1 0.02421875 0.72890625 0.0484375 0.0859375
0 0.040625 0.69375 0.009375 0.0109375
1 0.221875 0.71875 0.03125 0.0375
0 0.228125 0.703125 0.00625 0.0046875
1 0.2640625 0.7078125 0.0125 0.0234375
0 0.2671875 0.6984375 0.003125 0.003125
1 0.8 0.70625 0.0140625 0.0328125
0 0.796875 0.6921875 0.0046875 0.003125
1 0.340625 0.7140625 0.0140625 0.0375
0 0.34375 0.7 0.0046875 0.0046875
1 0.9796875 0.74375 0.0375 0.0734375
0 0.9765625 0.715625 0.0125 0.015625
1 0.9734375 0.7328125 0.0265625 0.05
0 0.9671875 0.7140625 0.0078125 0.009375
1 0.8703125 0.753125 0.0515625 0.0515625
0 0.859375 0.7453125 0.01875 0.01875