1 0.1265625 0.571875 0.18125 0.296875
0 0.1046875 0.45625 0.0453125 0.0578125
1 0.18125 0.60625 0.1515625 0.31875
0 0.178125 0.4796875 0.04375 0.059375
1 0.4640625 0.5171875 0.1015625 0.2109375
0 0.475 0.434375 0.034375 0.0375
1 0.534375 0.51875 0.0796875 0.2625
0 0.5234375 0.409375 0.03125 0.0421875
1 0.5703125 0.4859375 0.15 0.3609375
0 0.590625 0.340625 0.04375 0.0625
1 0.640625 0.53125 0.11875 0.271875
0 0.6515625 0.43125 0.0359375 0.046875
1 0.7359375 0.5515625 0.1265625 0.303125
0 0.7359375 0.4296875 0.0421875 0.053125
1 0.8015625 0.5234375 0.0921875 0.2484375
0 0.796875 0.4265625 0.0359375 0.0421875