1 0.4671875 0.6046875 0.0578125 0.140625
0 0.471875 0.55 0.01875 0.0171875
1 0.5375 0.5953125 0.0421875 0.121875
0 0.534375 0.54375 0.0125 0.0125
1 0.5609375 0.5859375 0.0375 0.11875
0 0.5625 0.5390625 0.0125 0.0171875
1 0.64375 0.63125 0.0546875 0.1703125
0 0.646875 0.5625 0.021875 0.01875
1 0.678125 0.653125 0.1015625 0.240625
0 0.690625 0.55 0.0265625 0.0265625
1 0.7984375 0.6484375 0.09375 0.2375
0 0.80625 0.5453125 0.025 0.0296875
1 0.9375 0.690625 0.11875 0.2765625
0 0.9421875 0.578125 0.05 0.0515625
1 0.8046875 0.6640625 0.31875 0.3296875
0 0.834375 0.6359375 0.1296875 0.1234375
1 0.440625 0.55625 0.0234375 0.059375
0 0.440625 0.5328125 0.00625 0.00625
1 0.4578125 0.5890625 0.0359375 0.10625
0 0.4625 0.546875 0.0125 0.01875
1 0.375 0.66875 0.1609375 0.31875
0 0.3796875 0.5625 0.046875 0.0609375
1 0.20625 0.6578125 0.0765625 0.21875
0 0.2234375 0.5640625 0.0296875 0.0296875
1 0.0859375 0.6703125 0.1296875 0.315625
0 0.075 0.5375 0.0390625 0.040625
1 0.2375 0.6578125 0.1859375 0.340625
0 0.265625 0.525 0.0546875 0.06875