1 0.8171875 0.596875 0.1125 0.2875
0 0.8078125 0.49375 0.0421875 0.0484375
1 0.759375 0.55625 0.096875 0.2671875
0 0.759375 0.459375 0.0359375 0.046875
1 0.70625 0.6 0.0984375 0.2890625
0 0.703125 0.4875 0.040625 0.0515625
1 0.6578125 0.534375 0.09375 0.2421875
0 0.65 0.4390625 0.0359375 0.046875
1 0.60625 0.584375 0.1125 0.2890625
0 0.60625 0.4828125 0.04375 0.05
1 0.553125 0.528125 0.0890625 0.275
0 0.5515625 0.4265625 0.040625 0.0484375
1 0.5078125 0.5859375 0.0828125 0.2703125
0 0.51875 0.484375 0.0390625 0.0515625
1 0.4796875 0.5265625 0.08125 0.2625
0 0.48125 0.4234375 0.034375 0.040625
1 0.4359375 0.5859375 0.096875 0.2765625
0 0.440625 0.4828125 0.034375 0.04375
1 0.3984375 0.5375 0.096875 0.2546875
0 0.3984375 0.4390625 0.0359375 0.04375
1 0.3390625 0.59375 0.128125 0.290625
0 0.3390625 0.4734375 0.0390625 0.0453125
1 0.3234375 0.5359375 0.0984375 0.2625
0 0.325 0.4375 0.0359375 0.05
1 0.240625 0.53125 0.10625 0.2609375
0 0.2390625 0.428125 0.0390625 0.0484375
1 0.2390625 0.6 0.1296875 0.2640625
0 0.246875 0.5 0.04375 0.05