1 0.0203125 0.5703125 0.0375 0.115625
0 0.025 0.5234375 0.0125 0.015625
1 0.1796875 0.575 0.0625 0.1265625
0 0.18125 0.5234375 0.0125 0.0125
1 0.2359375 0.5796875 0.0515625 0.121875
0 0.234375 0.53125 0.0125 0.015625
1 0.3046875 0.575 0.046875 0.134375
0 0.309375 0.51875 0.0140625 0.015625
1 0.340625 0.5828125 0.0421875 0.1234375
0 0.346875 0.534375 0.0171875 0.015625
1 0.3546875 0.5828125 0.0546875 0.1359375
0 0.371875 0.5296875 0.0171875 0.0234375
1 0.3890625 0.5890625 0.040625 0.1359375
0 0.390625 0.5328125 0.0171875 0.01875
1 0.4296875 0.584375 0.0421875 0.1671875
0 0.434375 0.515625 0.0171875 0.0203125
1 0.4546875 0.5953125 0.05 0.1515625
0 0.4625 0.534375 0.0171875 0.021875
1 0.5078125 0.5953125 0.1015625 0.171875
0 0.4875 0.53125 0.0171875 0.025
1 0.5171875 0.6078125 0.0625 0.18125
0 0.5125 0.53125 0.0203125 0.025
1 0.575 0.6109375 0.0515625 0.1890625
0 0.571875 0.53125 0.021875 0.025