1 0.2609375 0.859375 0.1890625 0.275
0 0.296875 0.7828125 0.0875 0.1125
1 0.2328125 0.8140625 0.13125 0.36875
0 0.2421875 0.6609375 0.0453125 0.0546875
1 0.384375 0.859375 0.175 0.275
0 0.4046875 0.76875 0.0703125 0.0796875
1 0.525 0.8640625 0.2484375 0.265625
0 0.5296875 0.859375 0.1 0.1265625
1 0.6765625 0.84375 0.253125 0.3078125
0 0.634375 0.7453125 0.0734375 0.08125
1 0.6578125 0.8265625 0.2328125 0.3421875
0 0.646875 0.7015625 0.059375 0.065625
1 0.559375 0.8296875 0.1671875 0.334375
0 0.546875 0.6921875 0.053125 0.05625
1 0.48125 0.7640625 0.1140625 0.271875
0 0.4921875 0.6515625 0.040625 0.0421875
1 0.446875 0.7078125 0.0671875 0.2015625
0 0.4640625 0.6203125 0.025 0.0296875