1 0.05625 0.7359375 0.109375 0.271875
0 0.028125 0.6328125 0.046875 0.0515625
1 0.065625 0.7046875 0.128125 0.3109375
0 0.046875 0.578125 0.0375 0.053125
1 0.15 0.6265625 0.08125 0.1578125
0 0.1421875 0.565625 0.0265625 0.0296875
1 0.2078125 0.71875 0.11875 0.30625
0 0.2015625 0.596875 0.05 0.0609375
1 0.2375 0.6859375 0.278125 0.371875
0 0.2171875 0.734375 0.115625 0.1234375
1 0.25625 0.703125 0.1140625 0.265625
0 0.253125 0.5953125 0.034375 0.0390625
1 0.2984375 0.66875 0.0703125 0.24375
0 0.3078125 0.56875 0.0390625 0.0390625
1 0.3796875 0.6984375 0.1015625 0.334375
0 0.3765625 0.55625 0.034375 0.0453125
1 0.45625 0.640625 0.065625 0.203125
0 0.4625 0.5578125 0.034375 0.0296875
1 0.428125 0.70625 0.184375 0.3296875
0 0.4296875 0.690625 0.08125 0.10625
1 0.50625 0.715625 0.0953125 0.265625
0 0.503125 0.6125 0.0421875 0.0484375
1 0.5984375 0.7296875 0.14375 0.284375
0 0.55625 0.6203125 0.0609375 0.05625
1 0.559375 0.7484375 0.225 0.246875
0 0.5359375 0.6859375 0.0734375 0.078125
1 0.565625 0.69375 0.090625 0.278125
0 0.5703125 0.5828125 0.0359375 0.0390625
1 0.61875 0.65625 0.0875 0.2625
0 0.6265625 0.5484375 0.0359375 0.0421875
1 0.6671875 0.6640625 0.1046875 0.271875
0 0.665625 0.5515625 0.0328125 0.034375
1 0.6609375 0.7203125 0.1265625 0.3015625
0 0.653125 0.6046875 0.0484375 0.0546875
1 0.740625 0.5734375 0.040625 0.0953125
0 0.7421875 0.5359375 0.015625 0.0171875
1 0.7734375 0.7203125 0.23125 0.3015625
0 0.725 0.640625 0.0703125 0.078125
1 0.8875 0.7296875 0.1328125 0.284375
0 0.8671875 0.615625 0.0453125 0.0484375
1 0.9484375 0.70625 0.0953125 0.3296875
0 0.9703125 0.590625 0.053125 0.0875
1 0.915625 0.7203125 0.0828125 0.303125
0 0.9171875 0.59375 0.0359375 0.0453125
1 0.921875 0.69375 0.11875 0.315625
0 0.9140625 0.5609375 0.0328125 0.0421875
1 0.7234375 0.6453125 0.0625 0.2
0 0.721875 0.5625 0.0203125 0.0234375
1 0.534375 0.6515625 0.0484375 0.18125
0 0.534375 0.5765625 0.021875 0.025
1 0.4625 0.665625 0.0734375 0.25
0 0.4625 0.5578125 0.028125 0.0296875
1 0.4625 0.671875 0.0671875 0.2359375
0 0.4484375 0.5734375 0.03125 0.03125
1 0.265625 0.7203125 0.1046875 0.3015625
0 0.2546875 0.59375 0.034375 0.0421875
1 0.0734375 0.6953125 0.125 0.3390625
0 0.090625 0.5515625 0.0359375 0.0421875