1 0.19375 0.875 0.065625 0.18125
0 0.196875 0.7984375 0.0171875 0.0234375
1 0.375 0.884375 0.0890625 0.221875
0 0.3859375 0.7953125 0.021875 0.0296875
1 0.3421875 0.840625 0.059375 0.15625
0 0.34375 0.7734375 0.01875 0.021875
1 0.3625 0.8375 0.04375 0.1703125
0 0.3671875 0.7671875 0.015625 0.021875
1 0.4203125 0.8265625 0.0390625 0.1515625
0 0.428125 0.7640625 0.0171875 0.021875
1 0.4625 0.8046875 0.04375 0.109375
0 0.4609375 0.7578125 0.0109375 0.0140625
1 0.459375 0.7828125 0.028125 0.0859375
0 0.459375 0.746875 0.0078125 0.0109375
1 0.4875 0.790625 0.0296875 0.0890625
0 0.4890625 0.753125 0.0109375 0.0125
1 0.490625 0.8078125 0.0484375 0.1125
0 0.490625 0.7609375 0.0125 0.015625
1 0.5109375 0.8015625 0.0359375 0.121875
0 0.5140625 0.7515625 0.0140625 0.01875
1 0.528125 0.78125 0.021875 0.08125
0 0.5265625 0.746875 0.0078125 0.0078125
1 0.54375 0.778125 0.015625 0.0828125
0 0.5453125 0.7421875 0.0078125 0.009375
1 0.5515625 0.790625 0.0140625 0.0890625
0 0.5546875 0.7546875 0.0078125 0.0109375
1 0.484375 0.75 0.0109375 0.0375
0 0.484375 0.734375 0.003125 0.0046875
1 0.478125 0.7515625 0.009375 0.0375
0 0.4796875 0.7359375 0.003125 0.003125
1 0.56875 0.7890625 0.021875 0.0796875
0 0.5671875 0.75625 0.0109375 0.0125
1 0.5765625 0.840625 0.0578125 0.1765625
0 0.575 0.7671875 0.0203125 0.025
1 0.6296875 0.8453125 0.04375 0.165625
0 0.6265625 0.7765625 0.015625 0.0171875
1 0.7234375 0.8375 0.046875 0.1640625
0 0.721875 0.7703125 0.0171875 0.01875
1 0.5984375 0.8875 0.0765625 0.2203125
0 0.5984375 0.796875 0.021875 0.0328125
1 0.6609375 0.8984375 0.109375 0.1984375
0 0.653125 0.8265625 0.0296875 0.04375
1 0.7953125 0.8953125 0.0921875 0.2046875
0 0.796875 0.815625 0.028125 0.0390625
1 0.521875 0.8796875 0.1 0.2359375
0 0.5328125 0.7859375 0.0296875 0.0328125
1 0.45 0.859375 0.0671875 0.1890625
0 0.45 0.7765625 0.0203125 0.0203125