1 0.975 0.746875 0.04375 0.1953125
0 0.9875 0.6703125 0.0203125 0.034375
1 0.9328125 0.7421875 0.0515625 0.175
0 0.925 0.671875 0.021875 0.028125
1 0.8984375 0.7453125 0.0625 0.1921875
0 0.8921875 0.66875 0.028125 0.03125
1 0.865625 0.7578125 0.078125 0.190625
0 0.85 0.6828125 0.0296875 0.0296875
1 0.8296875 0.759375 0.1375 0.209375
0 0.815625 0.6953125 0.046875 0.0578125
1 0.7609375 0.753125 0.0515625 0.1953125
0 0.765625 0.675 0.028125 0.034375
1 0.590625 0.7546875 0.159375 0.2203125
0 0.6171875 0.671875 0.0390625 0.04375
1 0.2421875 0.7671875 0.0953125 0.196875
0 0.2484375 0.696875 0.05 0.0484375
1 0.1484375 0.759375 0.1046875 0.2109375
0 0.175 0.6875 0.0421875 0.059375
1 0.140625 0.684375 0.0546875 0.140625
0 0.13125 0.6296875 0.0171875 0.0234375
1 0.209375 0.6796875 0.059375 0.153125
0 0.2078125 0.61875 0.0171875 0.015625
1 0.2796875 0.678125 0.0390625 0.13125
0 0.2859375 0.6234375 0.0171875 0.01875
1 0.315625 0.66875 0.0359375 0.1171875
0 0.3171875 0.6234375 0.0203125 0.0203125
1 0.3390625 0.6328125 0.025 0.065625
0 0.334375 0.6078125 0.009375 0.0109375
1 0.3671875 0.6734375 0.0359375 0.121875
0 0.3703125 0.628125 0.01875 0.0234375
1 0.3828125 0.6734375 0.0296875 0.1109375
0 0.384375 0.6296875 0.0125 0.01875
1 0.36875 0.6515625 0.0296875 0.0984375
0 0.36875 0.6109375 0.0125 0.015625
1 0.428125 0.7125 0.08125 0.1984375
0 0.428125 0.628125 0.0203125 0.028125
1 0.4765625 0.715625 0.0796875 0.178125
0 0.49375 0.6421875 0.025 0.0296875
1 0.4859375 0.66875 0.0453125 0.1234375
0 0.4734375 0.6234375 0.0125 0.0171875
1 0.584375 0.746875 0.0828125 0.2375
0 0.5890625 0.653125 0.0328125 0.0453125
1 0.5625 0.7296875 0.065625 0.228125
0 0.5625 0.6359375 0.0296875 0.0359375
1 0.54375 0.6296875 0.025 0.0703125
0 0.54375 0.6046875 0.0109375 0.0140625
1 0.625 0.6984375 0.053125 0.1625
0 0.628125 0.63125 0.015625 0.0203125
1 0.6765625 0.709375 0.053125 0.1703125
0 0.675 0.6375 0.01875 0.0203125
1 0.721875 0.709375 0.05 0.1578125
0 0.71875 0.646875 0.021875 0.021875
1 0.75625 0.7203125 0.0578125 0.178125
0 0.7546875 0.646875 0.021875 0.0265625
1 0.8125 0.7375 0.0828125 0.2140625
0 0.803125 0.646875 0.0265625 0.0296875
1 0.8265625 0.740625 0.059375 0.2140625
0 0.821875 0.646875 0.021875 0.0234375
1 0.6921875 0.6921875 0.040625 0.140625
0 0.69375 0.6328125 0.015625 0.015625
1 0.703125 0.6734375 0.0359375 0.1046875
0 0.7046875 0.63125 0.0125 0.015625
1 0.6578125 0.6546875 0.034375 0.0859375
0 0.6546875 0.61875 0.009375 0.0109375
1 0.6546875 0.6890625 0.040625 0.1484375
0 0.6515625 0.6265625 0.0171875 0.01875
1 0.6140625 0.6546875 0.0328125 0.1
0 0.615625 0.615625 0.0109375 0.0140625