1 0.14375 0.709375 0.084375 0.215625
0 0.1515625 0.6171875 0.0296875 0.0296875
1 0.178125 0.69375 0.09375 0.1984375
0 0.19375 0.6140625 0.028125 0.0328125
1 0.2609375 0.6875 0.0828125 0.18125
0 0.2640625 0.6125 0.021875 0.025
1 0.346875 0.66875 0.071875 0.178125
0 0.346875 0.596875 0.021875 0.0265625
1 0.2328125 0.6453125 0.028125 0.0765625
0 0.234375 0.6171875 0.0125 0.015625
1 0.0703125 0.696875 0.08125 0.2359375
0 0.0765625 0.59375 0.0265625 0.0265625
1 0.2359375 0.6390625 0.0296875 0.0859375
0 0.2390625 0.6046875 0.0125 0.0125
1 0.2859375 0.6359375 0.0265625 0.0875
0 0.290625 0.6015625 0.0109375 0.0125
1 0.20625 0.65 0.0375 0.1359375
0 0.2078125 0.59375 0.0171875 0.0171875