1 0.925 0.6671875 0.146875 0.24375
0 0.9375 0.5625 0.03125 0.034375
1 0.8328125 0.6828125 0.10625 0.1890625
0 0.8375 0.603125 0.0265625 0.028125
1 0.8 0.66875 0.0671875 0.196875
0 0.8140625 0.5890625 0.0203125 0.028125
1 0.7703125 0.6765625 0.0984375 0.2328125
0 0.8015625 0.578125 0.028125 0.0328125
1 0.6875 0.6703125 0.0984375 0.25625
0 0.7203125 0.5609375 0.03125 0.0359375
1 0.696875 0.6796875 0.075 0.2140625
0 0.7203125 0.5890625 0.021875 0.021875
1 0.6484375 0.66875 0.0765625 0.2125
0 0.66875 0.5765625 0.025 0.028125
1 0.628125 0.678125 0.1234375 0.24375
0 0.6421875 0.575 0.03125 0.0390625
1 0.5015625 0.6515625 0.1140625 0.2328125
0 0.5265625 0.5515625 0.0296875 0.0328125
1 0.509375 0.65 0.1109375 0.2140625
0 0.51875 0.584375 0.025 0.0265625
1 0.471875 0.6328125 0.075 0.1765625
0 0.4875 0.5578125 0.01875 0.025
1 0.36875 0.64375 0.06875 0.2234375
0 0.3796875 0.5484375 0.0234375 0.0265625
1 0.4015625 0.659375 0.0953125 0.2890625
0 0.4234375 0.5390625 0.034375 0.040625
1 0.3796875 0.68125 0.1234375 0.2859375
0 0.3953125 0.5609375 0.0375 0.0421875
1 0.3109375 0.6484375 0.0921875 0.2375
0 0.2984375 0.55 0.0265625 0.040625
1 0.3 0.6390625 0.096875 0.2390625
0 0.2859375 0.5390625 0.0265625 0.0296875
1 0.234375 0.646875 0.0953125 0.2671875
0 0.25 0.5328125 0.0328125 0.040625
1 0.1828125 0.6375 0.0703125 0.2125
0 0.1828125 0.546875 0.025 0.0296875
1 0.1515625 0.6390625 0.0734375 0.2109375
0 0.15625 0.55625 0.03125 0.0375
1 0.025 0.6265625 0.0484375 0.2375
0 0.0203125 0.53125 0.0328125 0.040625
1 0.0390625 0.628125 0.0546875 0.2296875
0 0.0453125 0.5328125 0.025 0.0359375
1 0.6453125 0.646875 0.0609375 0.2234375
0 0.6546875 0.553125 0.0234375 0.0328125