1 0.121875 0.2578125 0.109375 0.2328125
0 0.1328125 0.15 0.0359375 0.01875
1 0.046875 0.3015625 0.0890625 0.228125
0 0.0671875 0.2125 0.034375 0.040625
1 0.0859375 0.3359375 0.0796875 0.2234375
0 0.09375 0.2484375 0.028125 0.0328125
1 0.0640625 0.371875 0.1109375 0.25
0 0.08125 0.271875 0.0421875 0.046875
1 0.1234375 0.409375 0.0953125 0.225
0 0.121875 0.3234375 0.0390625 0.04375
1 0.025 0.5921875 0.046875 0.4125
0 0.0125 0.4125 0.021875 0.046875
1 0.0359375 0.58125 0.06875 0.39375
0 0.0171875 0.421875 0.03125 0.0515625
1 0.0484375 0.59375 0.0765625 0.3671875
0 0.0546875 0.434375 0.0421875 0.04375
1 0.115625 0.5921875 0.1078125 0.3921875
0 0.115625 0.4265625 0.0421875 0.0578125
1 0.140625 0.584375 0.1 0.3796875
0 0.140625 0.4234375 0.034375 0.046875
1 0.21875 0.6078125 0.0953125 0.3515625
0 0.2109375 0.4640625 0.046875 0.0484375
1 0.228125 0.5953125 0.103125 0.3703125
0 0.23125 0.4421875 0.040625 0.0546875
1 0.3296875 0.5859375 0.1203125 0.409375
0 0.3265625 0.4109375 0.0421875 0.0515625
1 0.2953125 0.48125 0.1046875 0.2953125
0 0.296875 0.375 0.046875 0.046875
1 0.2609375 0.421875 0.1046875 0.265625
0 0.25625 0.3078125 0.040625 0.040625
1 0.1859375 0.3671875 0.0875 0.284375
0 0.1796875 0.2578125 0.0421875 0.046875
1 0.23125 0.284375 0.0953125 0.2328125
0 0.2234375 0.19375 0.0359375 0.0359375
1 0.265625 0.3125 0.1 0.25625
0 0.2703125 0.2125 0.0390625 0.04375
1 0.3515625 0.2359375 0.090625 0.190625
0 0.3421875 0.1484375 0.0328125 0.0140625
1 0.3515625 0.2890625 0.1 0.2421875
0 0.35625 0.1875 0.034375 0.0421875
1 0.478125 0.2328125 0.1015625 0.184375
0 0.4734375 0.1484375 0.0265625 0.0140625
1 0.5 0.26875 0.1125 0.253125
0 0.515625 0.1671875 0.0328125 0.04375
1 0.5046875 0.334375 0.10625 0.2359375
0 0.5 0.2390625 0.034375 0.0390625
1 0.60625 0.2703125 0.13125 0.2578125
0 0.6109375 0.15 0.0359375 0.01875
1 0.615625 0.3328125 0.1 0.253125
0 0.60625 0.234375 0.0359375 0.040625
1 0.690625 0.3453125 0.1046875 0.2421875
0 0.6859375 0.25 0.040625 0.04375
1 0.775 0.2546875 0.0828125 0.21875
0 0.7734375 0.175 0.03125 0.046875
1 0.84375 0.2515625 0.09375 0.221875
0 0.8390625 0.1578125 0.0390625 0.0328125
1 0.8875 0.2640625 0.121875 0.246875
0 0.9 0.159375 0.0375 0.0421875
1 0.9453125 0.2125 0.0828125 0.14375
0 0.946875 0.146875 0.0296875 0.0125
1 0.95625 0.2484375 0.0796875 0.2140625
0 0.9625 0.1640625 0.03125 0.046875
1 0.940625 0.3296875 0.0953125 0.234375
0 0.94375 0.2390625 0.03125 0.0421875
1 0.865625 0.4015625 0.1 0.228125
0 0.86875 0.3078125 0.0359375 0.0421875
1 0.796875 0.340625 0.0859375 0.2796875
0 0.7984375 0.228125 0.0375 0.046875
1 0.9359375 0.4390625 0.0796875 0.2765625
0 0.9328125 0.328125 0.0375 0.04375
1 0.7921875 0.5890625 0.134375 0.3890625
0 0.7796875 0.428125 0.046875 0.05625
1 0.65625 0.69375 0.1359375 0.1984375
0 0.6453125 0.6390625 0.0421875 0.0515625
1 0.859375 0.590625 0.1265625 0.4046875
0 0.8453125 0.4265625 0.0421875 0.0515625
1 0.89375 0.5921875 0.1125 0.4046875
0 0.8796875 0.425 0.0390625 0.0515625
1 0.38125 0.5265625 0.521875 0.5890625
0 0.58125 0.3046875 0.0828125 0.1125
1 0.6 0.53125 0.521875 0.60625
0 0.3890625 0.2953125 0.090625 0.11875
1 0.7234375 0.5125 0.390625 0.6078125
0 0.74375 0.2671875 0.0828125 0.09375
1 0.9390625 0.5875 0.1140625 0.4125
0 0.978125 0.41875 0.0375 0.0578125