1 0.8828125 0.515625 0.1921875 0.6078125
0 0.884375 0.2734375 0.0640625 0.096875
1 0.7203125 0.5296875 0.190625 0.59375
0 0.7171875 0.2859375 0.0703125 0.09375
1 0.675 0.4703125 0.15 0.515625
0 0.6609375 0.2578125 0.0515625 0.0765625
1 0.5796875 0.5109375 0.1984375 0.525
0 0.5796875 0.2953125 0.06875 0.075
1 0.4765625 0.471875 0.159375 0.5140625
0 0.4921875 0.2546875 0.0546875 0.0765625
1 0.4515625 0.515625 0.1609375 0.578125
0 0.44375 0.271875 0.065625 0.0890625
1 0.309375 0.534375 0.1671875 0.578125
0 0.309375 0.2890625 0.0671875 0.0796875
1 0.1671875 0.46875 0.2171875 0.6875
0 0.1734375 0.178125 0.0703125 0.0890625
1 0.1140625 0.5359375 0.203125 0.6609375
0 0.1125 0.2578125 0.0765625 0.0984375