1 0.296875 0.415625 0.0546875 0.09375
0 0.3078125 0.378125 0.0140625 0.0140625
1 0.328125 0.403125 0.0546875 0.128125
0 0.3375 0.35 0.015625 0.0171875
1 0.3640625 0.3953125 0.046875 0.13125
0 0.35625 0.3421875 0.0140625 0.015625
1 0.3640625 0.371875 0.040625 0.08125
0 0.3640625 0.34375 0.015625 0.0171875
1 0.3796875 0.3875 0.040625 0.103125
0 0.3765625 0.3453125 0.0125 0.0171875
1 0.4171875 0.4015625 0.05625 0.1234375
0 0.41875 0.3515625 0.0125 0.01875
1 0.4109375 0.3921875 0.0234375 0.09375
0 0.4109375 0.353125 0.009375 0.009375
1 0.4 0.3796875 0.03125 0.0953125
0 0.403125 0.3421875 0.0125 0.0140625
1 0.3109375 0.3703125 0.0265625 0.0765625
0 0.309375 0.3375 0.0078125 0.0078125
1 0.290625 0.3671875 0.025 0.084375
0 0.290625 0.33125 0.009375 0.009375
1 0.2921875 0.415625 0.0296875 0.0875
0 0.2953125 0.38125 0.0109375 0.0125