1 0.0609375 0.4671875 0.121875 0.2953125
0 0.078125 0.34375 0.0296875 0.0359375
1 0.1796875 0.4578125 0.0640625 0.2234375
0 0.1734375 0.3703125 0.025 0.0296875
1 0.24375 0.5484375 0.1265625 0.384375
0 0.265625 0.3875 0.0453125 0.053125
1 0.38125 0.525 0.11875 0.3140625
0 0.4 0.3984375 0.03125 0.0421875
1 0.4640625 0.4546875 0.0828125 0.2046875
0 0.446875 0.3703125 0.0234375 0.03125
1 0.571875 0.50625 0.1203125 0.2875
0 0.5515625 0.3890625 0.0359375 0.04375
1 0.7015625 0.471875 0.1375 0.2140625
0 0.740625 0.384375 0.0359375 0.028125
1 0.8875 0.5015625 0.08125 0.2265625
0 0.8796875 0.4109375 0.028125 0.0328125
1 0.9265625 0.5265625 0.090625 0.2765625
0 0.921875 0.4109375 0.0265625 0.0359375