1 0.0375 0.546875 0.071875 0.371875
0 0.0171875 0.390625 0.03125 0.0421875
1 0.0828125 0.5921875 0.1625 0.375
0 0.1109375 0.4375 0.05 0.053125
1 0.20625 0.5875 0.153125 0.4515625
0 0.215625 0.396875 0.0515625 0.0625
1 0.146875 0.553125 0.13125 0.3015625
0 0.175 0.4234375 0.0375 0.040625
1 0.2484375 0.5453125 0.1140625 0.24375
0 0.2578125 0.4375 0.0171875 0.01875
1 0.3234375 0.53125 0.096875 0.2640625
0 0.33125 0.4171875 0.0296875 0.0359375
1 0.3734375 0.603125 0.140625 0.40625
0 0.39375 0.4234375 0.040625 0.05
1 0.48125 0.6078125 0.1203125 0.3796875
0 0.4796875 0.4484375 0.0484375 0.0515625
1 0.553125 0.575 0.115625 0.3140625
0 0.54375 0.4390625 0.0296875 0.0359375
1 0.6171875 0.540625 0.0484375 0.1234375
0 0.6265625 0.4890625 0.0171875 0.015625
1 0.675 0.5796875 0.13125 0.359375
0 0.684375 0.428125 0.0359375 0.0453125
1 0.7078125 0.5546875 0.0875 0.2421875
0 0.7125 0.4578125 0.0296875 0.0359375
1 0.7375 0.55 0.05 0.1390625
0 0.7421875 0.490625 0.015625 0.01875
1 0.79375 0.553125 0.0875 0.2
0 0.7984375 0.4671875 0.021875 0.0234375
1 0.7828125 0.5421875 0.0625 0.140625
0 0.778125 0.4859375 0.0140625 0.01875
1 0.8375 0.575 0.15625 0.2765625
0 0.8546875 0.4609375 0.034375 0.0421875
1 0.9421875 0.571875 0.1109375 0.365625
0 0.9484375 0.4125 0.0359375 0.0375