1 0.040625 0.6984375 0.0625 0.1359375
0 0.046875 0.64375 0.0203125 0.0203125
1 0 0.125 0 0
0 0.0796875 0.6546875 0.0328125 0.0328125
1 0.18125 0.721875 0.0828125 0.1765625
0 0.1890625 0.65 0.021875 0.0234375
1 0.278125 0.7234375 0.096875 0.1953125
0 0.275 0.6421875 0.028125 0.025
1 0.5890625 0.7515625 0.0875 0.240625
0 0.5875 0.65 0.0265625 0.0375
1 0.6109375 0.6796875 0.0390625 0.128125
0 0.603125 0.628125 0.0140625 0.021875
1 0.55625 0.6921875 0.0375 0.1328125
0 0.55625 0.6375 0.0171875 0.015625
1 0.5265625 0.6828125 0.0390625 0.115625
0 0.5296875 0.6375 0.0140625 0.0125
1 0.5671875 0.6734375 0.025 0.09375
0 0.565625 0.640625 0.0140625 0.015625
1 0.346875 0.6765625 0.0375 0.0953125
0 0.3453125 0.6375 0.009375 0.009375
1 0.3796875 0.690625 0.034375 0.06875
0 0.378125 0.665625 0.00625 0.00625
1 0.378125 0.6625 0.0265625 0.0515625
0 0.3828125 0.6453125 0.009375 0.0109375
1 0.6546875 0.675 0.034375 0.08125
0 0.6546875 0.6453125 0.009375 0.0125
1 0.74375 0.6703125 0.021875 0.0703125
0 0.75 0.64375 0.009375 0.0125
1 0.8171875 0.653125 0.021875 0.0421875
0 0.8171875 0.6375 0.00625 0.0046875
1 0.9265625 0.6875 0.0546875 0.115625
0 0.93125 0.64375 0.0140625 0.01875