1 0.128125 0.2734375 0.059375 0.075
0 0.128125 0.2734375 0.059375 0.075
1 0.3265625 0.3125 0.0828125 0.1515625
0 0.3265625 0.3125 0.0828125 0.1515625
1 0.5296875 0.3109375 0.0484375 0.0875
0 0.5296875 0.3109375 0.0484375 0.0875
1 0.025 0.4421875 0.05 0.1828125
0 0.0140625 0.3671875 0.01875 0.025
1 0.115625 0.484375 0.1671875 0.3125
0 0.096875 0.3546875 0.0328125 0.0375
1 0.125 0.44375 0.0546875 0.1859375
0 0.121875 0.365625 0.01875 0.021875
1 0.1640625 0.4515625 0.1015625 0.2078125
0 0.146875 0.3625 0.01875 0.0265625
1 0.2703125 0.4921875 0.13125 0.2453125
0 0.275 0.3875 0.03125 0.034375
1 0.3296875 0.421875 0.028125 0.0765625
0 0.3328125 0.390625 0.009375 0.009375
1 0.36875 0.43125 0.0203125 0.09375
0 0.36875 0.3953125 0.0125 0.0125
1 0.340625 0.465625 0.05625 0.2296875
0 0.328125 0.3671875 0.0265625 0.03125
1 0.40625 0.4078125 0.021875 0.05625
0 0.4078125 0.3859375 0.0046875 0.00625
1 0.51875 0.528125 0.2109375 0.3625
0 0.509375 0.3796875 0.040625 0.05625
1 0.621875 0.484375 0.16875 0.2921875
0 0.5984375 0.3609375 0.0296875 0.0375
1 0.85 0.4703125 0.065625 0.1875
0 0.846875 0.39375 0.0203125 0.025
1 0.875 0.4640625 0.0671875 0.171875
0 0.878125 0.39375 0.0234375 0.025
1 0.953125 0.4734375 0.08125 0.19375
0 0.94375 0.390625 0.025 0.0234375
1 0.9859375 0.471875 0.0234375 0.171875
0 0.99375 0.39375 0.0078125 0.01875