1 0.0609375 0.6625 0.115625 0.3265625
0 0.040625 0.725 0.075 0.1375
1 0.125 0.6625 0.1421875 0.3265625
0 0.1171875 0.7734375 0.1 0.1046875
1 0.1421875 0.6625 0.284375 0.3265625
0 0.1125 0.528125 0.09375 0.109375
1 0.41875 0.6625 0.2796875 0.3265625
0 0.4265625 0.625 0.1046875 0.1203125
1 0.6625 0.6625 0.23125 0.3265625
0 0.659375 0.6703125 0.096875 0.13125
1 0.8765625 0.6625 0.221875 0.3265625
0 0.875 0.7390625 0.1046875 0.125
1 0.953125 0.6625 0.0859375 0.3265625
0 0.9640625 0.6828125 0.065625 0.09375
1 0.096875 0.615625 0.1625 0.421875
0 0.1109375 0.459375 0.0765625 0.0734375
1 0.171875 0.6390625 0.234375 0.3734375
0 0.1546875 0.5125 0.08125 0.1
1 0.2890625 0.603125 0.259375 0.446875
0 0.3 0.3796875 0.06875 0.06875
1 0.5390625 0.6234375 0.209375 0.40625
0 0.534375 0.4703125 0.0890625 0.1203125
1 0.7125 0.6625 0.1671875 0.3265625
0 0.696875 0.5578125 0.075 0.0984375
1 0.9234375 0.6765625 0.1453125 0.2984375
0 0.9328125 0.5828125 0.0765625 0.1046875
1 0.928125 0.6171875 0.1375 0.4171875
0 0.95625 0.4546875 0.071875 0.0828125
1 0.7375 0.59375 0.2390625 0.4640625
0 0.759375 0.4234375 0.0765625 0.0890625
1 0.0484375 0.4859375 0.0921875 0.4
0 0.0375 0.3203125 0.0515625 0.0625
1 0.2796875 0.5734375 0.159375 0.484375
0 0.296875 0.38125 0.0625 0.0671875
1 0.4296875 0.5875 0.1390625 0.478125
0 0.4359375 0.403125 0.06875 0.078125
1 0.4140625 0.5609375 0.1765625 0.5234375
0 0.421875 0.34375 0.06875 0.084375
1 0.3375 0.3671875 0.1046875 0.3671875
0 0.3265625 0.2171875 0.0515625 0.0640625
1 0.1375 0.3015625 0.0640625 0.2578125
0 0.1390625 0.196875 0.0375 0.04375
1 0.06875 0.33125 0.1015625 0.321875
0 0.0640625 0.203125 0.046875 0.0546875
1 0.040625 0.409375 0.08125 0.346875
0 0.0359375 0.26875 0.0515625 0.0546875
1 0.09375 0.3796875 0.084375 0.346875
0 0.0875 0.2421875 0.046875 0.053125
1 0.3890625 0.3828125 0.06875 0.3109375
0 0.3796875 0.253125 0.0390625 0.0421875
1 0.4640625 0.403125 0.1390625 0.403125
0 0.453125 0.2390625 0.0515625 0.0625
1 0.4984375 0.3640625 0.1546875 0.3828125
0 0.5265625 0.1984375 0.0421875 0.0578125
1 0.5015625 0.4296875 0.134375 0.396875
0 0.496875 0.2734375 0.059375 0.06875
1 0.5671875 0.5875 0.175 0.478125
0 0.596875 0.428125 0.075 0.0859375
1 0.9203125 0.4671875 0.1546875 0.425
0 0.9296875 0.290625 0.0546875 0.059375
1 0.9453125 0.3875 0.09375 0.325
0 0.946875 0.253125 0.0421875 0.0515625
1 0 0.1703125 0 0
0 0.94375 0.203125 0.0421875 0.053125
1 0.846875 0.3578125 0.0765625 0.3265625
0 0.840625 0.2265625 0.0390625 0.0484375
1 0.1234375 0.4796875 0.08125 0.3515625
0 0.1125 0.340625 0.0546875 0.0671875
1 0.096875 0.3 0.059375 0.2484375
0 0.1015625 0.203125 0.0375 0.046875
1 0.1875 0.2859375 0.09375 0.225
0 0.1765625 0.18125 0.03125 0.015625
1 0.246875 0.2859375 0.0625 0.2265625
0 0.25625 0.1890625 0.03125 0.0375
1 0.3453125 0.28125 0.071875 0.215625
0 0.3328125 0.21875 0.0421875 0.053125
1 0.375 0.3125 0.096875 0.2859375
0 0.390625 0.2140625 0.0421875 0.053125
1 0.7625 0.5046875 0.1390625 0.3890625
0 0.746875 0.3375 0.05 0.0578125
1 0.65625 0.5734375 0.10625 0.403125
0 0.6671875 0.41875 0.0671875 0.0796875
1 0.5453125 0.6015625 0.23125 0.4484375
0 0.521875 0.4390625 0.0890625 0.109375
1 0.5609375 0.48125 0.11875 0.3421875
0 0.5796875 0.346875 0.046875 0.0640625
1 0.846875 0.59375 0.14375 0.4640625
0 0.8640625 0.41875 0.0625 0.0890625