1 0.1375 0.5796875 0.2125 0.584375
0 0.1484375 0.3546875 0.0828125 0.096875
1 0.3109375 0.6015625 0.2015625 0.540625
0 0.303125 0.38125 0.0796875 0.0953125
1 0.4359375 0.584375 0.1328125 0.5421875
0 0.4453125 0.378125 0.0625 0.0921875
1 0.5171875 0.5578125 0.2734375 0.5453125
0 0.5453125 0.3375 0.06875 0.0875
1 0.6296875 0.58125 0.29375 0.5828125
0 0.6671875 0.35625 0.1046875 0.1
1 0.74375 0.5734375 0.19375 0.596875
0 0.75625 0.34375 0.0765625 0.0953125
1 0.8671875 0.5890625 0.25 0.565625
0 0.8296875 0.3875 0.0828125 0.11875
1 0.9484375 0.478125 0.096875 0.5
0 0.9828125 0.2734375 0.0296875 0.0796875
1 0.9328125 0.4171875 0.1109375 0.35
0 0.94375 0.275 0.0328125 0.0359375
1 0.8328125 0.4453125 0.128125 0.35
0 0.83125 0.2984375 0.0484375 0.046875
1 0.6296875 0.40625 0.109375 0.3109375
0 0.64375 0.2796875 0.046875 0.05
1 0.48125 0.375 0.0625 0.16875
0 0.4734375 0.309375 0.01875 0.0265625
1 0.428125 0.3734375 0.0671875 0.18125
0 0.4296875 0.3 0.0234375 0.025
1 0.2140625 0.3453125 0.0421875 0.0765625
0 0.2125 0.315625 0.009375 0.0109375
1 0.2515625 0.35 0.028125 0.0859375
0 0.2515625 0.315625 0.0109375 0.0109375
1 0.271875 0.35 0.03125 0.0828125
0 0.271875 0.3171875 0.0109375 0.0140625
1 0.2984375 0.3453125 0.0359375 0.0890625
0 0.296875 0.3109375 0.0109375 0.015625
1 0.3359375 0.34375 0.0296875 0.0890625
0 0.3359375 0.3078125 0.0109375 0.0140625
1 0.3515625 0.34375 0.040625 0.1015625
0 0.353125 0.3015625 0.015625 0.0140625