1 0.01875 0.734375 0.03125 0.2015625
0 0.0078125 0.653125 0.0109375 0.0265625
1 0.1109375 0.70625 0.078125 0.1765625
0 0.121875 0.634375 0.0203125 0.025
1 0.1875 0.653125 0.0265625 0.059375
0 0.1875 0.63125 0.009375 0.0125
1 0.23125 0.6546875 0.025 0.05625
0 0.2296875 0.634375 0.009375 0.0109375
1 0.271875 0.65 0.034375 0.0640625
0 0.2734375 0.6265625 0.0078125 0.0109375
1 0.271875 0.653125 0.021875 0.0609375
0 0.278125 0.6296875 0.009375 0.0109375
1 0.309375 0.653125 0.025 0.05625
0 0.3109375 0.6328125 0.0078125 0.0109375
1 0.3734375 0.6484375 0.01875 0.03125
0 0.378125 0.6390625 0.00625 0.00625
1 0.428125 0.6375 0.009375 0.0265625
0 0.43125 0.628125 0.0046875 0.0046875
1 0.4421875 0.6375 0.0125 0.03125
0 0.4421875 0.6265625 0.0046875 0.0046875
1 0.509375 0.653125 0.025 0.078125
0 0.5078125 0.621875 0.009375 0.0109375
1 0.496875 0.634375 0.009375 0.025
0 0.496875 0.625 0.0015625 0.0046875
1 0.6671875 0.64375 0.0375 0.0828125
0 0.6609375 0.609375 0.0125 0.0140625
1 0.675 0.6515625 0.034375 0.0609375
0 0.6796875 0.634375 0.009375 0.0109375
1 0.7390625 0.6515625 0.040625 0.05625
0 0.746875 0.634375 0.009375 0.0078125
1 0.80625 0.653125 0.0375 0.0609375
0 0.80625 0.63125 0.0125 0.0125
1 0.8765625 0.6546875 0.0421875 0.0671875
0 0.8828125 0.628125 0.009375 0.0125
1 0.9140625 0.653125 0.0375 0.10625
0 0.91875 0.6078125 0.015625 0.015625
1 0.9359375 0.6453125 0.0296875 0.1015625
0 0.9359375 0.603125 0.015625 0.015625
1 0.946875 0.65625 0.0421875 0.1125
0 0.9515625 0.609375 0.0140625 0.0140625
1 0.975 0.6640625 0.04375 0.109375
0 0.9734375 0.6171875 0.0125 0.0125
1 0.1515625 0.65625 0.025 0.05625
0 0.1515625 0.634375 0.009375 0.0109375
1 0.0796875 0.6578125 0.034375 0.059375
0 0.071875 0.6359375 0.0125 0.0109375
1 0.05625 0.659375 0.03125 0.0609375
0 0.0515625 0.6359375 0.0125 0.0125
1 0.0375 0.659375 0.034375 0.0609375
0 0.03125 0.6359375 0.009375 0.0125