1 0.109375 0.5390625 0.046875 0.0875
0 0.1015625 0.503125 0.0125 0.0125
1 0.1421875 0.5359375 0.0328125 0.084375
0 0.1359375 0.5015625 0.0125 0.0140625
1 0.1453125 0.5390625 0.0328125 0.08125
0 0.1390625 0.503125 0.0109375 0.0125
1 0.1796875 0.525 0.0328125 0.0703125
0 0.18125 0.5 0.009375 0.009375
1 0.221875 0.5328125 0.028125 0.059375
0 0.221875 0.5125 0.0109375 0.009375
1 0.2390625 0.528125 0.028125 0.0765625
0 0.2390625 0.5015625 0.009375 0.0109375
1 0.2671875 0.534375 0.021875 0.0453125
0 0.265625 0.51875 0.009375 0.009375
1 0.3109375 0.603125 0.090625 0.28125
0 0.3046875 0.484375 0.0296875 0.0375
1 0.3828125 0.5578125 0.0390625 0.1140625
0 0.3859375 0.5109375 0.0125 0.0171875
1 0.409375 0.5796875 0.0765625 0.175
0 0.4234375 0.5078125 0.0203125 0.0234375
1 0.4609375 0.6109375 0.0953125 0.2625
0 0.465625 0.5 0.0234375 0.03125
1 0.4953125 0.5703125 0.0734375 0.1765625
0 0.484375 0.4984375 0.0171875 0.0234375
1 0.5421875 0.5625 0.075 0.1671875
0 0.534375 0.5 0.015625 0.0171875
1 0.5703125 0.615625 0.0890625 0.240625
0 0.578125 0.515625 0.028125 0.034375
1 0.6453125 0.5875 0.0875 0.2375
0 0.6359375 0.4890625 0.0234375 0.0359375
1 0.68125 0.5359375 0.0359375 0.096875
0 0.6796875 0.5 0.0140625 0.0171875
1 0.709375 0.5515625 0.0375 0.121875
0 0.70625 0.5015625 0.015625 0.01875
1 0.746875 0.546875 0.0421875 0.1421875
0 0.7453125 0.490625 0.015625 0.01875
1 0.75625 0.5578125 0.04375 0.1359375
0 0.7578125 0.5046875 0.01875 0.0171875
1 0.803125 0.590625 0.08125 0.203125
0 0.79375 0.5140625 0.021875 0.0265625
1 0.884375 0.5625 0.059375 0.14375
0 0.884375 0.50625 0.0171875 0.0203125
1 0.9234375 0.540625 0.03125 0.078125
0 0.9203125 0.5125 0.0109375 0.0140625
1 0.96875 0.54375 0.04375 0.096875
0 0.9703125 0.50625 0.0140625 0.015625
1 0.95625 0.5359375 0.021875 0.0921875
0 0.959375 0.503125 0.0078125 0.009375
1 0.975 0.5421875 0.028125 0.0890625
0 0.975 0.5078125 0.0171875 0.0171875
1 0.8484375 0.5390625 0.0265625 0.0796875
0 0.8484375 0.50625 0.0046875 0.0046875
1 0.825 0.540625 0.0296875 0.0984375
0 0.828125 0.503125 0.0125 0.015625
1 0.8046875 0.5515625 0.03125 0.13125
0 0.809375 0.5 0.0171875 0.0234375
1 0.61875 0.5734375 0.05 0.1625
0 0.6203125 0.5078125 0.01875 0.025
1 0.771875 0.540625 0.021875 0.0921875
0 0.771875 0.5078125 0.009375 0.0140625
1 0.8671875 0.546875 0.021875 0.1
0 0.86875 0.50625 0.0140625 0.015625
1 0.725 0.54375 0.0234375 0.1
0 0.725 0.503125 0.009375 0.015625