1 0.8875 0.6890625 0.0953125 0.253125
0 0.86875 0.5828125 0.028125 0.0359375
1 0.8140625 0.6953125 0.09375 0.228125
0 0.809375 0.5984375 0.0234375 0.0328125
1 0.7453125 0.6921875 0.075 0.221875
0 0.746875 0.6 0.025 0.03125
1 0.796875 0.671875 0.08125 0.2421875
0 0.79375 0.5703125 0.0265625 0.034375
1 0.7296875 0.678125 0.0578125 0.2265625
0 0.725 0.584375 0.0265625 0.03125
1 0.6796875 0.684375 0.059375 0.2265625
0 0.68125 0.590625 0.0234375 0.034375
1 0.63125 0.696875 0.0671875 0.2125
0 0.6265625 0.6078125 0.0234375 0.0296875
1 0.6546875 0.675 0.05 0.2171875
0 0.653125 0.584375 0.025 0.03125
1 0.6078125 0.68125 0.0546875 0.2109375
0 0.6109375 0.59375 0.025 0.0328125
1 0.5578125 0.696875 0.0640625 0.215625
0 0.5546875 0.609375 0.025 0.03125
1 0.5890625 0.671875 0.06875 0.2203125
0 0.590625 0.58125 0.025 0.0296875
1 0.54375 0.6859375 0.0953125 0.221875
0 0.5296875 0.5953125 0.025 0.0359375
1 0.553125 0.66875 0.071875 0.2203125
0 0.55 0.575 0.0265625 0.03125
1 0.4671875 0.690625 0.071875 0.2125
0 0.4640625 0.6046875 0.0234375 0.0328125
1 0.4953125 0.6734375 0.0625 0.225
0 0.4984375 0.5828125 0.021875 0.0296875
1 0.4015625 0.6875 0.0828125 0.2203125
0 0.40625 0.59375 0.025 0.0296875
1 0.4421875 0.6671875 0.059375 0.2234375
0 0.4390625 0.575 0.0234375 0.03125
1 0.340625 0.690625 0.0734375 0.2234375
0 0.3390625 0.5984375 0.0234375 0.03125
1 0.359375 0.665625 0.065625 0.2265625
0 0.3640625 0.571875 0.0234375 0.03125
1 0.396875 0.6578125 0.065625 0.2140625
0 0.3953125 0.5671875 0.0234375 0.028125
1 0.284375 0.6875 0.0609375 0.225
0 0.284375 0.59375 0.0265625 0.03125
1 0.3 0.671875 0.065625 0.2265625
0 0.3046875 0.5765625 0.025 0.0328125
1 0.2328125 0.6890625 0.0734375 0.2421875
0 0.2296875 0.5921875 0.021875 0.028125
1 0.2390625 0.6703125 0.0828125 0.246875
0 0.2484375 0.5671875 0.025 0.0328125
1 0.1796875 0.696875 0.0578125 0.2359375
0 0.18125 0.6015625 0.0265625 0.0328125
1 0.1265625 0.7015625 0.0828125 0.25625
0 0.1296875 0.59375 0.0265625 0.0359375
1 0.0640625 0.625 0.0265625 0.0703125
0 0.0640625 0.59375 0.0078125 0.00625
1 0.0296875 0.621875 0.0296875 0.0765625
0 0.0296875 0.590625 0.009375 0.0125
1 0.90625 0.58125 0.0109375 0.0203125
0 0.9046875 0.5734375 0.0015625 0.003125
1 0.896875 0.58125 0.0109375 0.021875
0 0.8984375 0.571875 0.003125 0.003125
1 0.890625 0.5796875 0.0078125 0.025
0 0.8890625 0.56875 0.003125 0.003125
1 0.8828125 0.5796875 0.009375 0.01875
0 0.8828125 0.571875 0.0015625 0.0015625
1 0.8515625 0.5796875 0.0078125 0.0234375
0 0.85 0.571875 0.003125 0.003125
1 0.771875 0.58125 0.009375 0.021875
0 0.771875 0.571875 0.0015625 0.0015625
1 0.7078125 0.575 0.009375 0.01875
0 0.70625 0.5671875 0.0015625 0.0015625
1 0.7015625 0.575 0.009375 0.01875
0 0.703125 0.5671875 0.0015625 0.0015625
1 0.4171875 0.56875 0.00625 0.015625
0 0.4171875 0.5625 0.0015625 0.0015625
1 0.4109375 0.5109375 0.003125 0.00625
0 0.4109375 0.5078125 0 0
1 0.3359375 0.5515625 0.0046875 0.0109375
0 0.3359375 0.546875 0.0015625 0.0015625
1 0.334375 0.5703125 0.00625 0.015625
0 0.334375 0.5640625 0.0015625 0.0015625
1 0.340625 0.53125 0.003125 0.0078125
0 0.3421875 0.528125 0.0015625 0
1 0.3015625 0.5109375 0.003125 0.0078125
0 0.3015625 0.5078125 0 0