1 0.159375 0.68125 0.0984375 0.1953125
0 0.1703125 0.621875 0.0234375 0.03125
1 0.240625 0.6828125 0.09375 0.1921875
0 0.246875 0.6171875 0.0234375 0.0359375
1 0.2796875 0.65625 0.0640625 0.215625
0 0.2828125 0.5921875 0.0171875 0.0203125
1 0.30625 0.665625 0.0671875 0.2265625
0 0.3046875 0.5984375 0.0171875 0.0234375
1 0.334375 0.6796875 0.0625 0.1953125
0 0.3328125 0.615625 0.0234375 0.028125
1 0.3421875 0.6078125 0.0640625 0.1890625
0 0.334375 0.5578125 0.0171875 0.0203125
1 0.3546875 0.6859375 0.0546875 0.1859375
0 0.3640625 0.609375 0.0171875 0.0203125
1 0.375 0.6640625 0.0484375 0.20625
0 0.3625 0.60625 0.0171875 0.0234375
1 0.421875 0.6484375 0.1078125 0.2390625
0 0.4015625 0.58125 0.0171875 0.0234375
1 0.4171875 0.6640625 0.0640625 0.2046875
0 0.421875 0.571875 0.01875 0.0203125
1 0.421875 0.6609375 0.0703125 0.2046875
0 0.421875 0.571875 0.0171875 0.0234375
1 0.4328125 0.678125 0.084375 0.2015625
0 0.4515625 0.6015625 0.0171875 0.0234375
1 0.471875 0.659375 0.059375 0.234375
0 0.4796875 0.5921875 0.0203125 0.025
1 0.496875 0.6359375 0.05625 0.2390625
0 0.5015625 0.5671875 0.0171875 0.0203125
1 0.5078125 0.6625 0.0484375 0.190625
0 0.5140625 0.58125 0.0171875 0.0171875
1 0.5296875 0.65 0.046875 0.190625
0 0.5265625 0.5734375 0.0171875 0.0234375
1 0.55 0.66875 0.059375 0.1828125
0 0.5421875 0.590625 0.0203125 0.0203125
1 0.56875 0.65625 0.046875 0.165625
0 0.5640625 0.5890625 0.0171875 0.0171875
1 0.5765625 0.640625 0.0640625 0.1921875
0 0.575 0.559375 0.0171875 0.0203125
1 0.5796875 0.6796875 0.078125 0.19375
0 0.5828125 0.6015625 0.0234375 0.0234375
1 0.5859375 0.6828125 0.0640625 0.190625
0 0.5828125 0.6015625 0.021875 0.025
1 0.6078125 0.65625 0.0515625 0.2015625
0 0.60625 0.5875 0.01875 0.0203125
1 0.6421875 0.6390625 0.06875 0.15625
0 0.6390625 0.6015625 0.0171875 0.0234375
1 0.6625 0.671875 0.059375 0.190625
0 0.659375 0.5984375 0.0203125 0.0234375
1 0.671875 0.675 0.0625 0.19375
0 0.6796875 0.59375 0.0171875 0.0234375
1 0.721875 0.6796875 0.059375 0.196875
0 0.721875 0.5984375 0.021875 0.028125
1 0.7609375 0.6859375 0.05625 0.1828125
0 0.7546875 0.6078125 0.0171875 0.0171875
1 0.7796875 0.665625 0.0640625 0.2265625
0 0.771875 0.5875 0.0234375 0.0265625
1 0.8515625 0.6875 0.146875 0.1828125
0 0.8046875 0.615625 0.0171875 0.0234375
1 0.8375 0.6703125 0.0375 0.1234375
0 0.828125 0.6203125 0.015625 0.015625
1 0.896875 0.6640625 0.0328125 0.0828125
0 0.8921875 0.628125 0.009375 0.0125
1 0.896875 0.65625 0.0421875 0.0875
0 0.8890625 0.621875 0.009375 0.0125