1 0.1984375 0.5140625 0.0890625 0.2703125
0 0.2125 0.4015625 0.0328125 0.0375
1 0.2296875 0.5109375 0.065625 0.265625
0 0.2328125 0.3984375 0.0265625 0.0375
1 0.296875 0.51875 0.090625 0.2625
0 0.3015625 0.4125 0.03125 0.040625
1 0.33125 0.5109375 0.08125 0.2609375
0 0.328125 0.4015625 0.028125 0.0359375
1 0.6640625 0.534375 0.1046875 0.3296875
0 0.665625 0.3953125 0.0421875 0.0484375
1 0.70625 0.521875 0.096875 0.334375
0 0.703125 0.3796875 0.0421875 0.046875
1 0.778125 0.525 0.0984375 0.3640625
0 0.778125 0.371875 0.0421875 0.053125
1 0.8703125 0.528125 0.090625 0.3515625
0 0.85625 0.3796875 0.04375 0.05
1 0.853125 0.5203125 0.078125 0.3453125
0 0.84375 0.36875 0.0296875 0.0390625