1 0.3359375 0.6015625 0.2171875 0.728125
0 0.334375 0.2984375 0.090625 0.1140625
1 0.8125 0.775 0.1234375 0.4453125
0 0.846875 0.6125 0.0515625 0.1171875
1 0.675 0.5 0.1890625 0.3921875
0 0.659375 0.3390625 0.046875 0.065625
1 0.5234375 0.5703125 0.1546875 0.2296875
0 0.5390625 0.4796875 0.0390625 0.0421875
1 0.734375 0.440625 0.065625 0.234375
0 0.7453125 0.3484375 0.0265625 0.0328125
1 0.6234375 0.4203125 0.0515625 0.184375
0 0.6296875 0.340625 0.0171875 0.01875
1 0.621875 0.41875 0.0546875 0.1875
0 0.6296875 0.34375 0.0203125 0.025
1 0.5359375 0.4296875 0.078125 0.1796875
0 0.534375 0.3578125 0.021875 0.03125
1 0.4484375 0.4484375 0.0921875 0.1921875
0 0.434375 0.3703125 0.0234375 0.03125
1 0.4 0.4734375 0.0421875 0.1609375
0 0.4015625 0.409375 0.0234375 0.0296875
1 0.359375 0.446875 0.0625 0.234375
0 0.3609375 0.3515625 0.025 0.0328125
1 0.396875 0.434375 0.053125 0.196875
0 0.390625 0.353125 0.025 0.028125
1 0.4140625 0.3828125 0.0328125 0.0828125
0 0.415625 0.35625 0.0171875 0.0234375
1 0.4640625 0.4078125 0.04375 0.1203125
0 0.4625 0.359375 0.0125 0.015625
1 0.5 0.4078125 0.0375 0.13125
0 0.50625 0.3546875 0.015625 0.01875
1 0.5640625 0.4203125 0.0375 0.153125
0 0.5640625 0.3546875 0.0171875 0.0203125