1 0.0515625 0.6640625 0.015625 0.0359375
0 0.053125 0.65 0.003125 0.0046875
1 0.221875 0.65625 0.01875 0.040625
0 0.2234375 0.640625 0.003125 0.0046875
1 0.26875 0.6515625 0.015625 0.0453125
0 0.2703125 0.634375 0.0046875 0.0046875
1 0.2890625 0.6515625 0.015625 0.0421875
0 0.2890625 0.6328125 0.0046875 0.0046875
1 0.3078125 0.65 0.021875 0.059375
0 0.30625 0.625 0.00625 0.0078125
1 0.3359375 0.646875 0.021875 0.0578125
0 0.334375 0.625 0.0046875 0.0078125
1 0.36875 0.6453125 0.025 0.0734375
0 0.3703125 0.615625 0.0078125 0.0109375
1 0.3796875 0.65 0.021875 0.0609375
0 0.3796875 0.6234375 0.00625 0.009375
1 0.41875 0.64375 0.0296875 0.0703125
0 0.4203125 0.615625 0.0078125 0.009375
1 0.446875 0.6421875 0.0265625 0.075
0 0.4546875 0.6109375 0.009375 0.0109375
1 0.465625 0.640625 0.025 0.071875
0 0.465625 0.6125 0.0078125 0.009375
1 0.4796875 0.6453125 0.03125 0.075
0 0.48125 0.615625 0.009375 0.0125
1 0.49375 0.6359375 0.0328125 0.096875
0 0.496875 0.596875 0.0109375 0.0125
1 0.525 0.6390625 0.0390625 0.090625
0 0.521875 0.6 0.009375 0.0109375
1 0.5390625 0.6421875 0.0375 0.103125
0 0.5375 0.6 0.0109375 0.015625
1 0.559375 0.6390625 0.0328125 0.0953125
0 0.559375 0.5984375 0.0109375 0.0109375
1 0.5859375 0.6359375 0.0375 0.1109375
0 0.584375 0.59375 0.0109375 0.0140625
1 0.6046875 0.628125 0.0453125 0.11875
0 0.60625 0.5796875 0.0109375 0.015625
1 0.6296875 0.6359375 0.0359375 0.0953125
0 0.625 0.6 0.0109375 0.0140625
1 0.7515625 0.6234375 0.046875 0.1171875
0 0.740625 0.575 0.0140625 0.0140625
1 0.7859375 0.6203125 0.059375 0.15625
0 0.790625 0.5546875 0.0203125 0.0203125