1 0.1046875 0.5640625 0.1578125 0.471875
0 0.1125 0.3625 0.065625 0.071875
1 0.35 0.5390625 0.0953125 0.3171875
0 0.3390625 0.4046875 0.0453125 0.0484375
1 0.3703125 0.515625 0.071875 0.2734375
0 0.36875 0.3984375 0.0328125 0.0359375
1 0.403125 0.4984375 0.0859375 0.265625
0 0.4046875 0.3890625 0.03125 0.0359375
1 0.4984375 0.540625 0.0953125 0.278125
0 0.496875 0.41875 0.034375 0.0390625
1 0.59375 0.5390625 0.115625 0.346875
0 0.5984375 0.3890625 0.0421875 0.040625
1 0.671875 0.5296875 0.0796875 0.2859375
0 0.6765625 0.409375 0.034375 0.040625
1 0.5265625 0.5203125 0.0859375 0.221875
0 0.53125 0.4328125 0.0296875 0.040625
1 0.6375 0.5109375 0.071875 0.2625
0 0.634375 0.40625 0.03125 0.0375
1 0.5734375 0.528125 0.0625 0.2578125
0 0.56875 0.4203125 0.03125 0.034375
1 0.228125 0.4890625 0.059375 0.1640625
0 0.228125 0.4234375 0.0203125 0.0265625
1 0.1796875 0.4796875 0.065625 0.1578125
0 0.178125 0.415625 0.0203125 0.0234375
1 0.0578125 0.5234375 0.09375 0.26875
0 0.046875 0.4109375 0.0375 0.0390625
1 0.29375 0.4546875 0.03125 0.1
0 0.2921875 0.4140625 0.0125 0.015625
1 0.265625 0.446875 0.0265625 0.0703125
0 0.265625 0.4203125 0.0078125 0.0078125
1 0.4375 0.446875 0.025 0.071875
0 0.4375 0.415625 0.0078125 0.0078125
1 0.45625 0.434375 0.0140625 0.0390625
0 0.45625 0.421875 0.0046875 0.00625
1 0.165625 0.4828125 0.0359375 0.1390625
0 0.165625 0.4234375 0.0125 0.015625
1 0.0171875 0.478125 0.0265625 0.121875
0 0.0125 0.425 0.0109375 0.0109375
1 0.15 0.471875 0.0296875 0.115625
0 0.1546875 0.4203125 0.0078125 0.0078125
1 0.215625 0.46875 0.021875 0.0984375
0 0.2109375 0.428125 0.0078125 0.0078125
1 0.2078125 0.45 0.0203125 0.075
0 0.20625 0.41875 0.0078125 0.0078125