1 0.671875 0.65625 0.10625 0.259375
0 0.6625 0.5453125 0.0296875 0.0328125
1 0.74375 0.634375 0.05625 0.2296875
0 0.740625 0.540625 0.028125 0.0375
1 0.7421875 0.6328125 0.059375 0.20625
0 0.7484375 0.5375 0.0234375 0.0234375
1 0.7375 0.6171875 0.0625 0.19375
0 0.740625 0.5390625 0.028125 0.034375
1 0.7765625 0.596875 0.0421875 0.128125
0 0.7734375 0.54375 0.0171875 0.01875
1 0.8796875 0.653125 0.0703125 0.29375
0 0.878125 0.5296875 0.0375 0.040625
1 0.8359375 0.625 0.065625 0.1859375
0 0.8375 0.546875 0.028125 0.028125