1 0.075 0.58125 0.1453125 0.35
0 0.0953125 0.4359375 0.04375 0.0578125
1 0.071875 0.4984375 0.109375 0.3625
0 0.0828125 0.346875 0.04375 0.0515625
1 0.1515625 0.4796875 0.0984375 0.35
0 0.146875 0.3328125 0.0390625 0.04375
1 0.18125 0.4984375 0.1015625 0.36875
0 0.190625 0.346875 0.0421875 0.053125
1 0.190625 0.5890625 0.14375 0.346875
0 0.209375 0.4484375 0.04375 0.053125
1 0.259375 0.509375 0.10625 0.346875
0 0.2515625 0.365625 0.0421875 0.0515625
1 0.33125 0.590625 0.1296875 0.3359375
0 0.3390625 0.453125 0.04375 0.05625
1 0.3390625 0.5 0.1125 0.3140625
0 0.3390625 0.3703125 0.0421875 0.046875
1 0.3609375 0.478125 0.08125 0.284375
0 0.365625 0.365625 0.028125 0.046875
1 0.4109375 0.49375 0.1046875 0.3203125
0 0.4078125 0.365625 0.0375 0.05
1 0.4734375 0.5875 0.1046875 0.3375
0 0.4734375 0.45 0.0421875 0.0609375
1 0.4890625 0.4921875 0.0890625 0.325
0 0.4890625 0.359375 0.034375 0.05
1 0.4625 0.4359375 0.1015625 0.2765625
0 0.4625 0.3234375 0.034375 0.046875
1 0.546875 0.4640625 0.078125 0.2734375
0 0.55 0.353125 0.0375 0.0453125
1 0.61875 0.5734375 0.165625 0.35
0 0.603125 0.4328125 0.0421875 0.053125
1 0.6125 0.4765625 0.09375 0.3
0 0.6125 0.3515625 0.0390625 0.04375
1 0.584375 0.4421875 0.08125 0.275
0 0.5859375 0.328125 0.034375 0.0375
1 0.7375 0.575 0.1390625 0.33125
0 0.725 0.4421875 0.04375 0.05625
1 0.859375 0.5765625 0.15625 0.3125
0 0.840625 0.4484375 0.0421875 0.05625
1 0.66875 0.48125 0.0828125 0.309375
0 0.66875 0.353125 0.03125 0.04375
1 0.7140625 0.4859375 0.078125 0.2875
0 0.7125 0.3640625 0.034375 0.040625
1 0.7765625 0.4890625 0.08125 0.28125
0 0.771875 0.3734375 0.0328125 0.046875
1 0.80625 0.4765625 0.0828125 0.28125
0 0.80625 0.3625 0.03125 0.04375
1 0.8625 0.4859375 0.0796875 0.2875
0 0.85625 0.3640625 0.028125 0.0375
1 0.90625 0.5015625 0.13125 0.309375
0 0.921875 0.3796875 0.046875 0.05625
1 0.9234375 0.5140625 0.14375 0.3359375
0 0.9234375 0.3765625 0.0484375 0.0515625