1 0.26875 0.5421875 0.1578125 0.3171875
0 0.2984375 0.409375 0.034375 0.04375
1 0.2796875 0.55625 0.1234375 0.296875
0 0.28125 0.434375 0.0328125 0.0390625
1 0.296875 0.5921875 0.1078125 0.3015625
0 0.3 0.4671875 0.0375 0.0453125
1 0.365625 0.5609375 0.084375 0.309375
0 0.3703125 0.4328125 0.03125 0.0421875
1 0.38125 0.603125 0.121875 0.3296875
0 0.3890625 0.471875 0.0390625 0.046875
1 0.4265625 0.55625 0.090625 0.3328125
0 0.425 0.41875 0.0359375 0.046875
1 0.446875 0.6265625 0.115625 0.3296875
0 0.4453125 0.4921875 0.0421875 0.05
1 0.5015625 0.553125 0.1328125 0.39375
0 0.484375 0.4 0.04375 0.046875
1 0.5859375 0.5875 0.15 0.4015625
0 0.5609375 0.421875 0.040625 0.0515625