1 0.265625 0.496875 0.16875 0.471875
0 0.275 0.2953125 0.065625 0.0625
1 0.4421875 0.4796875 0.190625 0.4875
0 0.4109375 0.2734375 0.0546875 0.0625
1 0.5 0.384375 0.103125 0.30625
0 0.509375 0.253125 0.0359375 0.0390625
1 0.5640625 0.409375 0.1828125 0.3796875
0 0.5578125 0.24375 0.04375 0.0453125
1 0.59375 0.3625 0.096875 0.3453125
0 0.596875 0.2125 0.034375 0.0375
1 0.6515625 0.38125 0.0828125 0.265625
0 0.653125 0.2671875 0.03125 0.034375
1 0.6859375 0.3390625 0.0765625 0.21875
0 0.690625 0.246875 0.0234375 0.0265625
1 0.7484375 0.4140625 0.1546875 0.403125
0 0.7375 0.24375 0.0484375 0.0546875
1 0.771875 0.3921875 0.1015625 0.3046875
0 0.7703125 0.2625 0.0375 0.0390625
1 0.8046875 0.3453125 0.0515625 0.2375
0 0.81875 0.2453125 0.0234375 0.0375