1 0.1578125 0.6640625 0.3125 0.3296875
0 0.1578125 0.7453125 0.175 0.165625
1 0.440625 0.6671875 0.321875 0.321875
0 0.4453125 0.6546875 0.1296875 0.140625
1 0.6453125 0.6765625 0.2671875 0.3015625
0 0.640625 0.7078125 0.0890625 0.1203125
1 0.6953125 0.671875 0.209375 0.3140625
0 0.6953125 0.5578125 0.071875 0.078125
1 0.028125 0.625 0.0515625 0.215625
0 0.0171875 0.5421875 0.0328125 0.040625
1 0.8609375 0.6875 0.1640625 0.28125
0 0.8609375 0.578125 0.0515625 0.05625
1 0.9328125 0.6796875 0.128125 0.296875
0 0.94375 0.5625 0.0640625 0.0546875
1 0.6015625 0.675 0.184375 0.30625
0 0.609375 0.55 0.05 0.0484375
1 0.09375 0.675 0.109375 0.30625
0 0.096875 0.55 0.0421875 0.0515625
1 0.1546875 0.6796875 0.1703125 0.2984375
0 0.15625 0.5765625 0.071875 0.0703125
1 0.209375 0.6875 0.08125 0.2828125
0 0.203125 0.5734375 0.0421875 0.0515625
1 0.2359375 0.703125 0.1546875 0.25
0 0.225 0.621875 0.075 0.078125
1 0.3125 0.69375 0.1171875 0.2703125
0 0.3125 0.584375 0.0421875 0.0484375
1 0.415625 0.6671875 0.1046875 0.321875
0 0.4140625 0.53125 0.05625 0.0671875
1 0.4703125 0.6640625 0.20625 0.3296875
0 0.4890625 0.53125 0.071875 0.0703125
1 0.3234375 0.65625 0.0984375 0.303125
0 0.3140625 0.5328125 0.040625 0.04375
1 0.234375 0.65 0.09375 0.3
0 0.234375 0.5203125 0.028125 0.0328125
1 0.5578125 0.6375 0.1046875 0.2703125
0 0.5625 0.5234375 0.0296875 0.0328125
1 0.1859375 0.6640625 0.36875 0.3296875
0 0.1546875 0.7421875 0.165625 0.171875
1 0.26875 0.5953125 0.071875 0.2046875
0 0.2671875 0.5078125 0.021875 0.0203125