1 0.046875 0.6125 0.0921875 0.3640625
0 0.0140625 0.4609375 0.028125 0.05
1 0.26875 0.6078125 0.109375 0.3140625
0 0.2625 0.4765625 0.03125 0.0328125
1 0.271875 0.5734375 0.0890625 0.259375
0 0.26875 0.4625 0.0296875 0.0375
1 0.40625 0.6125 0.1390625 0.328125
0 0.38125 0.4765625 0.0375 0.05
1 0.4265625 0.584375 0.0671875 0.2296875
0 0.421875 0.4890625 0.0265625 0.0359375
1 0.534375 0.575 0.090625 0.271875
0 0.5375 0.4609375 0.0296875 0.0390625
1 0.5203125 0.5546875 0.05 0.175
0 0.521875 0.4796875 0.01875 0.021875
1 0.6 0.55625 0.059375 0.1828125
0 0.59375 0.4828125 0.0171875 0.025
1 0.640625 0.603125 0.1 0.2734375
0 0.6421875 0.484375 0.0296875 0.0390625
1 0.678125 0.5484375 0.084375 0.203125
0 0.6703125 0.4625 0.0265625 0.0328125
1 0.6546875 0.6234375 0.13125 0.3578125
0 0.6703125 0.46875 0.04375 0.046875
1 0.7578125 0.5734375 0.071875 0.2109375
0 0.7625 0.4859375 0.025 0.0328125
1 0.8625 0.6265625 0.115625 0.325
0 0.8625 0.490625 0.0421875 0.040625
1 0.8703125 0.5703125 0.0859375 0.2375
0 0.8703125 0.471875 0.0296875 0.0359375