1 0.14375 0.4765625 0.2125 0.525
0 0.1125 0.2625 0.0640625 0.075
1 0.3421875 0.65625 0.540625 0.3421875
0 0.2640625 0.2984375 0.2109375 0.240625
1 0.4140625 0.4875 0.1765625 0.5109375
0 0.41875 0.303125 0.05 0.071875
1 0.4375 0.4421875 0.1484375 0.45
0 0.4203125 0.2953125 0.05625 0.0859375
1 0.5828125 0.4390625 0.128125 0.4515625
0 0.5734375 0.2515625 0.0484375 0.0625
1 0.6625 0.478125 0.1640625 0.509375
0 0.65625 0.259375 0.05625 0.071875
1 0.7484375 0.4203125 0.171875 0.496875
0 0.7421875 0.2125 0.0546875 0.071875
1 0.8375 0.46875 0.1765625 0.575
0 0.84375 0.2296875 0.075 0.09375
1 0.90625 0.4140625 0.146875 0.4171875
0 0.9046875 0.2390625 0.0421875 0.0515625
1 0.94375 0.49375 0.10625 0.5578125
0 0.9671875 0.265625 0.059375 0.09375