1 0.0171875 0.7609375 0.03125 0.125
0 0.01015625 0.7109375 0.0203125 0.021875
1 0.0109375 0.7453125 0.0203125 0.1265625
0 0.0046875 0.6953125 0.00625 0.021875
1 0.0265625 0.721875 0.0296875 0.0890625
0 0.0265625 0.6859375 0.009375 0.009375
1 0.0421875 0.7203125 0.025 0.0671875
0 0.0421875 0.6921875 0.0078125 0.0078125
1 0.0609375 0.709375 0.0296875 0.0703125
0 0.0625 0.6796875 0.0078125 0.009375
1 0.0734375 0.7109375 0.025 0.071875
0 0.0828125 0.6828125 0.0078125 0.0078125
1 0.0921875 0.7171875 0.021875 0.05625
0 0.0953125 0.6953125 0.0078125 0.00625
1 0.1296875 0.7359375 0.0453125 0.1
0 0.1328125 0.69375 0.015625 0.0140625
1 0.2109375 0.74375 0.0796875 0.1078125
0 0.234375 0.6984375 0.0125 0.0125
1 0.234375 0.7390625 0.0453125 0.0953125
0 0.2484375 0.6984375 0.0109375 0.0125
1 0.2625 0.7421875 0.04375 0.09375
0 0.25625 0.7046875 0.0125 0.0109375
1 0.3046875 0.7328125 0.0453125 0.0890625
0 0.30625 0.6953125 0.009375 0.0109375
1 0.353125 0.721875 0.034375 0.090625
0 0.3609375 0.6859375 0.009375 0.0125
1 0.375 0.7328125 0.046875 0.0890625
0 0.38125 0.6953125 0.0109375 0.0125
1 0.44375 0.7359375 0.0328125 0.0984375
0 0.45 0.6953125 0.0125 0.0125
1 0.46875 0.7328125 0.028125 0.1
0 0.46875 0.6921875 0.0109375 0.0125
1 0.478125 0.7265625 0.021875 0.090625
0 0.4765625 0.690625 0.0078125 0.009375
1 0.54375 0.7328125 0.0484375 0.109375
0 0.5390625 0.6890625 0.0125 0.0171875
1 0.584375 0.734375 0.0515625 0.096875
0 0.5796875 0.6953125 0.0109375 0.0125
1 0.653125 0.7359375 0.0453125 0.10625
0 0.64375 0.690625 0.0109375 0.0140625
1 0.7578125 0.7359375 0.0453125 0.0953125
0 0.7546875 0.6953125 0.0109375 0.0140625
1 0.853125 0.7296875 0.040625 0.0875
0 0.8546875 0.6921875 0.009375 0.009375
1 0.9 0.740625 0.0578125 0.109375
0 0.89375 0.6953125 0.015625 0.015625
1 0.94375 0.740625 0.05 0.1046875
0 0.9375 0.696875 0.0140625 0.0140625
1 0.9609375 0.7328125 0.0375 0.0859375
0 0.9609375 0.6984375 0.0125 0.0140625
1 0.9125 0.71875 0.0328125 0.071875
0 0.903125 0.6921875 0.0078125 0.009375
1 0.265625 0.7328125 0.0296875 0.0890625
0 0.2578125 0.6953125 0.0078125 0.0078125
1 0.4171875 0.696875 0.0140625 0.0390625
0 0.415625 0.684375 0.0046875 0.0046875