1 0.0703125 0.590625 0.125 0.321875
0 0.0578125 0.4546875 0.0453125 0.05
1 0.065625 0.5578125 0.1171875 0.328125
0 0.0703125 0.4203125 0.0453125 0.04375
1 0.15625 0.553125 0.1078125 0.3265625
0 0.1546875 0.415625 0.0375 0.040625
1 0.175 0.546875 0.0859375 0.30625
0 0.1734375 0.4234375 0.028125 0.0421875
1 0.23125 0.55625 0.08125 0.265625
0 0.2296875 0.44375 0.0296875 0.0375
1 0.2890625 0.5421875 0.0828125 0.2890625
0 0.2890625 0.425 0.0359375 0.046875
1 0.346875 0.559375 0.0703125 0.2515625
0 0.346875 0.459375 0.03125 0.0390625
1 0.40625 0.546875 0.0828125 0.265625
0 0.4015625 0.4359375 0.0296875 0.0390625
1 0.46875 0.54375 0.0828125 0.2671875
0 0.4625 0.4296875 0.034375 0.0390625
1 0.5140625 0.5375 0.06875 0.2453125
0 0.509375 0.4375 0.03125 0.0359375
1 0.5640625 0.5546875 0.06875 0.25
0 0.565625 0.453125 0.03125 0.0359375
1 0.6296875 0.55 0.0765625 0.2390625
0 0.634375 0.4546875 0.028125 0.0375
1 0.6703125 0.5453125 0.065625 0.2359375
0 0.6703125 0.4484375 0.028125 0.0359375
1 0.7046875 0.5546875 0.0828125 0.234375
0 0.7 0.4578125 0.0296875 0.0390625
1 0.7640625 0.5390625 0.0875 0.28125
0 0.765625 0.421875 0.0375 0.04375
1 0.84375 0.5484375 0.0640625 0.2453125
0 0.84375 0.45 0.028125 0.0359375
1 0.9125 0.55 0.0953125 0.296875
0 0.9140625 0.428125 0.0375 0.04375
1 0.875 0.53125 0.0828125 0.2515625
0 0.878125 0.4265625 0.034375 0.0359375
1 0.721875 0.5296875 0.08125 0.259375
0 0.7203125 0.4234375 0.03125 0.0390625
1 0.6390625 0.5359375 0.065625 0.2296875
0 0.64375 0.4421875 0.025 0.0328125
1 0.5984375 0.540625 0.0640625 0.2203125
0 0.5953125 0.4515625 0.0265625 0.0328125
1 0.5359375 0.5171875 0.06875 0.240625
0 0.5421875 0.415625 0.028125 0.03125
1 0.4328125 0.54375 0.071875 0.2375
0 0.43125 0.4453125 0.028125 0.0359375
1 0.334375 0.5421875 0.0890625 0.275
0 0.3265625 0.4296875 0.0359375 0.040625
1 0.115625 0.4640625 0.0296875 0.075
0 0.1140625 0.434375 0.00625 0.00625
1 0.0953125 0.48125 0.034375 0.0953125
0 0.096875 0.44375 0.0109375 0.0140625
1 0.03125 0.4828125 0.0328125 0.09375
0 0.034375 0.4453125 0.0125 0.015625