1 0.1390625 0.6265625 0.0953125 0.284375
0 0.1375 0.5046875 0.03125 0.0359375
1 0.2453125 0.596875 0.0828125 0.209375
0 0.2328125 0.50625 0.0265625 0.028125
1 0.2703125 0.5375 0.0296875 0.075
0 0.2703125 0.5078125 0.0078125 0.0109375
1 0.3625 0.6 0.0765625 0.2109375
0 0.3671875 0.509375 0.0234375 0.028125
1 0.3296875 0.5515625 0.0359375 0.08125
0 0.334375 0.521875 0.009375 0.009375
1 0.3484375 0.559375 0.040625 0.1359375
0 0.35 0.503125 0.015625 0.015625
1 0.384375 0.5625 0.053125 0.128125
0 0.378125 0.5109375 0.0140625 0.0171875
1 0.45625 0.5171875 0.00625 0.015625
0 0.45625 0.5109375 0.0015625 0.0015625
1 0.465625 0.5359375 0.0234375 0.065625
0 0.465625 0.509375 0.0078125 0.0078125
1 0.496875 0.55 0.0421875 0.1046875
0 0.4953125 0.5078125 0.0125 0.0140625
1 0.5140625 0.5421875 0.0328125 0.0859375
0 0.5125 0.5078125 0.009375 0.009375
1 0.5359375 0.5328125 0.028125 0.0671875
0 0.5390625 0.5046875 0.00625 0.0078125
1 0.5921875 0.5546875 0.0390625 0.0953125
0 0.5953125 0.515625 0.0109375 0.0109375
1 0.5875 0.53125 0.01875 0.053125
0 0.5890625 0.509375 0.0046875 0.00625
1 0.6015625 0.515625 0.0125 0.03125
0 0.6015625 0.5015625 0.003125 0.003125
1 0.615625 0.54375 0.025 0.0734375
0 0.615625 0.5140625 0.0078125 0.00625
1 0.625 0.534375 0.0171875 0.05
0 0.625 0.5125 0.00625 0.00625
1 0.634375 0.5328125 0.0171875 0.0578125
0 0.6328125 0.509375 0.00625 0.00625
1 0.646875 0.5328125 0.025 0.065625
0 0.65 0.50625 0.00625 0.00625
1 0.6625 0.54375 0.0328125 0.084375
0 0.6609375 0.50625 0.009375 0.009375
1 0.6828125 0.5375 0.0203125 0.0609375
0 0.6828125 0.5109375 0.00625 0.0078125
1 0.6703125 0.534375 0.0171875 0.059375
0 0.671875 0.5109375 0.00625 0.00625
1 0.6859375 0.534375 0.0234375 0.0640625
0 0.6859375 0.50625 0.0046875 0.00625
1 0.715625 0.5421875 0.0328125 0.08125
0 0.715625 0.5046875 0.0078125 0.009375
1 0.709375 0.5375 0.025 0.06875
0 0.7078125 0.5078125 0.00625 0.00625
1 0.7328125 0.5328125 0.021875 0.06875
0 0.7265625 0.50625 0.0078125 0.0078125
1 0.775 0.53125 0.01875 0.04375
0 0.775 0.5140625 0.00625 0.00625
1 0.7953125 0.525 0.0203125 0.0453125
0 0.79375 0.5078125 0.0046875 0.0046875
1 0.83125 0.53125 0.01875 0.0453125
0 0.834375 0.5140625 0.00625 0.0078125
1 0.859375 0.5375 0.025 0.05625
0 0.859375 0.5140625 0.0078125 0.0078125
1 0.8734375 0.553125 0.0296875 0.0796875
0 0.8765625 0.5203125 0.009375 0.0125
1 0.909375 0.5515625 0.0375 0.078125
0 0.9125 0.521875 0.009375 0.009375
1 0.94375 0.559375 0.0640625 0.0921875
0 0.9453125 0.5234375 0.0125 0.015625
1 0.965625 0.565625 0.0578125 0.1453125
0 0.9625 0.503125 0.0171875 0.0171875