1 0.13125 0.7078125 0.1265625 0.321875
0 0.153125 0.571875 0.0390625 0.046875
1 0.1859375 0.715625 0.1125 0.3328125
0 0.215625 0.58125 0.0390625 0.05
1 0.24375 0.6796875 0.09375 0.3140625
0 0.2421875 0.55 0.03125 0.04375
1 0.296875 0.7140625 0.140625 0.321875
0 0.2953125 0.5828125 0.0390625 0.05625
1 0.3234375 0.671875 0.1203125 0.321875
0 0.3359375 0.534375 0.03125 0.040625
1 0.3671875 0.7265625 0.1078125 0.29375
0 0.371875 0.6046875 0.0328125 0.0453125
1 0.4078125 0.671875 0.0828125 0.3078125
0 0.4015625 0.5375 0.0296875 0.0328125
1 0.4375 0.7140625 0.09375 0.2875
0 0.4328125 0.596875 0.034375 0.0453125
1 0.50625 0.66875 0.09375 0.303125
0 0.496875 0.5375 0.03125 0.0390625
1 0.5265625 0.7109375 0.096875 0.3171875
0 0.5421875 0.5765625 0.0328125 0.0421875
1 0.559375 0.6828125 0.084375 0.290625
0 0.5609375 0.559375 0.0296875 0.0390625
1 0.6015625 0.7078125 0.1046875 0.296875
0 0.609375 0.584375 0.034375 0.0453125
1 0.6296875 0.6796875 0.1078125 0.296875
0 0.6171875 0.5515625 0.0328125 0.040625
1 0.64375 0.6703125 0.065625 0.278125
0 0.646875 0.55 0.0296875 0.0375
1 0.703125 0.69375 0.06875 0.303125
0 0.6984375 0.5671875 0.03125 0.04375
1 0.7265625 0.653125 0.071875 0.26875
0 0.715625 0.54375 0.0296875 0.0359375
1 0.765625 0.69375 0.078125 0.3
0 0.7609375 0.56875 0.0359375 0.046875
1 0.846875 0.709375 0.0953125 0.31875
0 0.828125 0.571875 0.0359375 0.04375