1 0.2765625 0.4484375 0.325 0.4328125
0 0.2765625 0.3171875 0.0484375 0.0640625
1 0.384375 0.515625 0.1546875 0.4109375
0 0.3859375 0.34375 0.0484375 0.059375
1 0.4203125 0.5125 0.203125 0.4125
0 0.4765625 0.3375 0.0484375 0.059375
1 0.6 0.4984375 0.2328125 0.43125
0 0.55 0.3234375 0.046875 0.0640625
1 0.6703125 0.5046875 0.121875 0.415625
0 0.659375 0.3375 0.0484375 0.0640625
1 0.7375 0.503125 0.1578125 0.453125
0 0.7328125 0.3109375 0.046875 0.059375
1 0.8484375 0.5109375 0.1734375 0.540625
0 0.83125 0.284375 0.0546875 0.0734375
1 0.090625 0.621875 0.1765625 0.2953125
0 0.1046875 0.5046875 0.053125 0.0546875
1 0.2265625 0.634375 0.175 0.29375
0 0.25625 0.5265625 0.0515625 0.065625
1 0.3875 0.625 0.1796875 0.2859375
0 0.428125 0.5265625 0.0546875 0.0734375
1 0.5484375 0.596875 0.1921875 0.30625
0 0.53125 0.4875 0.053125 0.0734375
1 0.565625 0.6703125 0.171875 0.290625
0 0.5875 0.571875 0.0515625 0.0578125
1 0.70625 0.61875 0.178125 0.3359375
0 0.7046875 0.496875 0.053125 0.0671875
1 0.2078125 0.515625 0.14375 0.4296875
0 0.2046875 0.34375 0.046875 0.0640625