1 0.0421875 0.546875 0.084375 0.55
0 0.01015625 0.3 0.0203125 0.053125
1 0.075 0.4421875 0.1484375 0.4875
0 0.0703125 0.228125 0.0546875 0.0546875
1 0.1109375 0.340625 0.0625 0.2828125
0 0.115625 0.225 0.0328125 0.0375
1 0.15625 0.5015625 0.15625 0.534375
0 0.1546875 0.275 0.0765625 0.0765625
1 0.1640625 0.415625 0.1734375 0.4828125
0 0.16875 0.2109375 0.059375 0.065625
1 0.2 0.353125 0.078125 0.2828125
0 0.20625 0.246875 0.0359375 0.0421875
1 0.2390625 0.3640625 0.0796875 0.2890625
0 0.246875 0.24375 0.034375 0.0375
1 0.2828125 0.290625 0.0390625 0.09375
0 0.28125 0.25 0.0109375 0.0171875
1 0.296875 0.4484375 0.184375 0.5
0 0.3234375 0.234375 0.0546875 0.0671875
1 0.375 0.434375 0.128125 0.4375
0 0.365625 0.2515625 0.0515625 0.06875
1 0.45 0.478125 0.2046875 0.578125
0 0.4765625 0.2375 0.0734375 0.075
1 0.5734375 0.5015625 0.225 0.515625
0 0.5484375 0.30625 0.075 0.0875
1 0.6375 0.471875 0.165625 0.5046875
0 0.5984375 0.25625 0.0625 0.0703125
1 0.728125 0.4203125 0.1203125 0.4375
0 0.7234375 0.2359375 0.046875 0.0640625
1 0.7625 0.496875 0.1625 0.5109375
0 0.7328125 0.2890625 0.0640625 0.0765625
1 0.80625 0.365625 0.06875 0.2421875
0 0.8046875 0.2640625 0.0265625 0.034375
1 0.8765625 0.4390625 0.1375 0.4078125
0 0.8875 0.26875 0.04375 0.0640625
1 0.95 0.3859375 0.096875 0.36875
0 0.9484375 0.23125 0.0390625 0.05
1 0.9640625 0.4609375 0.0671875 0.571875
0 0.984375 0.20625 0.0265625 0.053125