1 0.75 0.6421875 0.2328125 0.54375
0 0.7578125 0.43125 0.0828125 0.1046875
1 0.68125 0.54375 0.2 0.409375
0 0.70625 0.384375 0.0640625 0.078125
1 0.7171875 0.4734375 0.1265625 0.325
0 0.7421875 0.34375 0.05 0.0625
1 0.665625 0.45 0.1453125 0.284375
0 0.6921875 0.3375 0.046875 0.0515625
1 0.43125 0.43125 0.14375 0.2484375
0 0.4140625 0.3375 0.0375 0.05
1 0.384375 0.4375 0.165625 0.2765625
0 0.35625 0.3421875 0.059375 0.0765625
1 0.3375 0.515625 0.221875 0.40625
0 0.30625 0.3734375 0.078125 0.1
1 0.26875 0.684375 0.2828125 0.6265625
0 0.23125 0.440625 0.1078125 0.1328125