1 0.096875 0.3453125 0.0609375 0.1375
0 0.0875 0.2890625 0.015625 0.0171875
1 0.1171875 0.3484375 0.034375 0.1265625
0 0.1171875 0.296875 0.015625 0.015625
1 0.1578125 0.3625 0.065625 0.140625
0 0.15625 0.30625 0.0203125 0.021875
1 0.225 0.35 0.040625 0.1265625
0 0.2234375 0.3 0.015625 0.0171875
1 0.19375 0.3578125 0.0875 0.1625
0 0.190625 0.2921875 0.0203125 0.0234375
1 0.18125 0.35625 0.04375 0.15625
0 0.1859375 0.29375 0.0203125 0.0234375
1 0.015625 0.346875 0.0296875 0.128125
0 0.0171875 0.296875 0.01875 0.0171875
1 0.046875 0.35625 0.0546875 0.134375
0 0.04375 0.3078125 0.0265625 0.03125
1 0.53125 0.3578125 0.0515625 0.146875
0 0.5421875 0.2984375 0.0171875 0.0171875
1 0.5421875 0.3578125 0.075 0.1296875
0 0.5421875 0.3 0.0171875 0.01875
1 0.615625 0.3640625 0.0765625 0.140625
0 0.6265625 0.30625 0.015625 0.0203125
1 0.6046875 0.3609375 0.0390625 0.125
0 0.603125 0.3140625 0.015625 0.0171875
1 0.6453125 0.365625 0.0390625 0.125
0 0.6421875 0.3140625 0.0171875 0.0171875
1 0.684375 0.3765625 0.096875 0.1453125
0 0.68125 0.315625 0.0171875 0.0171875
1 0.71875 0.375 0.0828125 0.140625
0 0.7125 0.315625 0.01875 0.0171875
1 0.8078125 0.3640625 0.0515625 0.15
0 0.8171875 0.303125 0.0171875 0.0171875
1 0.9765625 0.375 0.0421875 0.1453125
0 0.98125 0.3203125 0.025 0.0234375
1 0.35625 0.540625 0.2875 0.5046875
0 0.4484375 0.35 0.0640625 0.0859375