1 0.7328125 0.496875 0.1109375 0.3984375
0 0.734375 0.3328125 0.0546875 0.0625
1 0.6796875 0.475 0.115625 0.3859375
0 0.7 0.3125 0.0421875 0.046875
1 0.6265625 0.48125 0.1125 0.34375
0 0.6375 0.3328125 0.0390625 0.0421875
1 0.6421875 0.465625 0.090625 0.35
0 0.65 0.321875 0.040625 0.0515625
1 0.5640625 0.4609375 0.0875 0.35625
0 0.5671875 0.3140625 0.046875 0.05
1 0.4375 0.528125 0.1203125 0.4484375
0 0.44375 0.3375 0.053125 0.065625
1 0.3578125 0.4859375 0.121875 0.4140625
0 0.3890625 0.31875 0.0484375 0.065625
1 0.2890625 0.546875 0.165625 0.4625
0 0.2921875 0.3609375 0.0609375 0.078125
1 0.2234375 0.51875 0.1671875 0.4796875
0 0.2390625 0.3171875 0.0640625 0.06875
1 0.109375 0.5375 0.1484375 0.4796875
0 0.109375 0.3328125 0.0875 0.0828125
1 0.165625 0.425 0.0703125 0.2328125
0 0.1625 0.3296875 0.025 0.0265625
1 0.05625 0.4515625 0.08125 0.26875
0 0.0640625 0.3390625 0.0265625 0.0359375
1 0.0453125 0.428125 0.06875 0.271875
0 0.05 0.315625 0.0328125 0.0359375
1 0.0140625 0.3828125 0.0265625 0.225
0 0.009375 0.29375 0.015625 0.0328125