1 0.3328125 0.6546875 0.140625 0.3140625
0 0.346875 0.534375 0.0453125 0.053125
1 0.4671875 0.65625 0.15625 0.2984375
0 0.459375 0.54375 0.0421875 0.04375
1 0.5609375 0.65 0.1171875 0.284375
0 0.5671875 0.540625 0.0328125 0.0453125
1 0.684375 0.640625 0.15625 0.28125
0 0.659375 0.528125 0.040625 0.0515625
1 0.7890625 0.64375 0.1578125 0.2609375
0 0.7859375 0.5453125 0.034375 0.0375
1 0.8375 0.46875 0.2484375 0.453125
0 0.8328125 0.375 0.034375 0.0453125
1 0.7484375 0.5078125 0.128125 0.3046875
0 0.7578125 0.38125 0.0328125 0.0390625
1 0.6953125 0.49375 0.1140625 0.315625
0 0.68125 0.3640625 0.0359375 0.0375
1 0.490625 0.5015625 0.1296875 0.315625
0 0.4875 0.3703125 0.0375 0.040625
1 0.3046875 0.590625 0.1796875 0.35
0 0.275 0.44375 0.0359375 0.0421875
1 0.3609375 0.453125 0.1234375 0.4
0 0.38125 0.3484375 0.0375 0.0421875
1 0.225 0.46875 0.04375 0.0875
0 0.225 0.4421875 0.0078125 0.009375
1 0.215625 0.4671875 0.0390625 0.06875
0 0.2171875 0.4359375 0.0078125 0.0078125
1 0.1796875 0.409375 0.021875 0.0390625
0 0.18125 0.3953125 0.0046875 0.0046875
1 0.8953125 0.5375 0.1171875 0.2015625
0 0.865625 0.4546875 0.01875 0.01875