1 0.025 0.3921875 0.05 0.1234375
0 0.0125 0.3421875 0.015625 0.01875
1 0.0484375 0.4015625 0.059375 0.1171875
0 0.0453125 0.3546875 0.015625 0.01875
1 0.1359375 0.396875 0.0453125 0.11875
0 0.128125 0.3484375 0.0125 0.0171875
1 0.1859375 0.396875 0.0421875 0.1171875
0 0.1828125 0.3484375 0.0125 0.0171875
1 0.225 0.3875 0.046875 0.1328125
0 0.225 0.3328125 0.0171875 0.0171875
1 0.2625 0.3890625 0.0390625 0.1234375
0 0.265625 0.3375 0.0125 0.0140625
1 0.3078125 0.3828125 0.0296875 0.1171875
0 0.3140625 0.334375 0.0125 0.0140625
1 0.3125 0.4015625 0.028125 0.1046875
0 0.3140625 0.35625 0.0125 0.0125
1 0.3328125 0.3875 0.0296875 0.1046875
0 0.3296875 0.3421875 0.0125 0.0140625
1 0.334375 0.4015625 0.0546875 0.1171875
0 0.3375 0.3546875 0.015625 0.01875
1 0.353125 0.375 0.0296875 0.09375
0 0.3515625 0.3375 0.009375 0.0078125
1 0.3671875 0.3953125 0.03125 0.103125
0 0.3703125 0.35 0.0109375 0.0125
1 0.3875 0.4 0.028125 0.103125
0 0.3828125 0.35625 0.0109375 0.0109375
1 0.4265625 0.39375 0.0484375 0.1390625
0 0.425 0.3359375 0.015625 0.0203125
1 0.4625 0.396875 0.0328125 0.115625
0 0.4625 0.35 0.0140625 0.015625
1 0.5109375 0.3984375 0.0375 0.121875
0 0.509375 0.346875 0.0109375 0.0140625
1 0.51875 0.390625 0.028125 0.1046875
0 0.5203125 0.346875 0.0125 0.0140625
1 0.54375 0.3890625 0.0421875 0.11875
0 0.5453125 0.3390625 0.0125 0.0171875
1 0.540625 0.38125 0.025 0.1109375
0 0.5421875 0.334375 0.0125 0.0125
1 0.55625 0.378125 0.025 0.1
0 0.55625 0.340625 0.0125 0.0125
1 0.578125 0.384375 0.0328125 0.0984375
0 0.5796875 0.3421875 0.009375 0.0109375
1 0.590625 0.39375 0.0375 0.115625
0 0.5890625 0.3453125 0.0125 0.0125
1 0.615625 0.384375 0.03125 0.1078125
0 0.6140625 0.3390625 0.0109375 0.0125
1 0.6296875 0.396875 0.0484375 0.11875
0 0.63125 0.3484375 0.015625 0.0171875
1 0.734375 0.378125 0.021875 0.103125
0 0.7390625 0.3390625 0.0109375 0.0140625
1 0.7484375 0.39375 0.0390625 0.1296875
0 0.7515625 0.3375 0.0109375 0.0125
1 0.759375 0.3890625 0.0828125 0.1375
0 0.765625 0.3328125 0.0171875 0.0171875
1 0.7890625 0.38125 0.03125 0.103125
0 0.7921875 0.3421875 0.0140625 0.015625
1 0.8015625 0.3828125 0.0203125 0.09375
0 0.8015625 0.3421875 0.009375 0.0125
1 0.815625 0.38125 0.0328125 0.0953125
0 0.8125 0.3421875 0.0125 0.0140625
1 0.8453125 0.3875 0.0359375 0.1234375
0 0.853125 0.3375 0.0140625 0.015625
1 0.909375 0.3734375 0.03125 0.0953125
0 0.9125 0.334375 0.009375 0.0140625
1 0.9125 0.384375 0.0390625 0.09375
0 0.9265625 0.3453125 0.0109375 0.0125
1 0.9265625 0.4015625 0.0453125 0.1171875
0 0.93125 0.3546875 0.0140625 0.0140625
1 0.9859375 0.3921875 0.021875 0.115625
0 0.9953125 0.3421875 0.003125 0.0125
1 0.984375 0.4015625 0.025 0.1140625
0 0.9953125 0.353125 0.0046875 0.0109375