1 0.0125 0.5578125 0.025 0.2515625
0 0.00625 0.446875 0.0125 0.0296875
1 0.01640625 0.546875 0.0328125 0.178125
0 0.0109375 0.4765625 0.021875 0.025
1 0.0484375 0.5578125 0.0953125 0.2140625
0 0.046875 0.4734375 0.0296875 0.0359375
1 0.0578125 0.5203125 0.0421875 0.165625
0 0.05625 0.459375 0.021875 0.0265625
1 0.08125 0.5296875 0.0515625 0.1796875
0 0.08125 0.4609375 0.021875 0.028125
1 0.1015625 0.5296875 0.03125 0.1515625
0 0.1 0.475 0.01875 0.0265625
1 0.1359375 0.53125 0.0890625 0.2203125
0 0.1359375 0.44375 0.025 0.03125
1 0.1484375 0.5859375 0.1328125 0.35
0 0.165625 0.4546875 0.04375 0.0515625
1 0.2609375 0.5796875 0.1265625 0.371875
0 0.2609375 0.4421875 0.0421875 0.046875
1 0.34375 0.5796875 0.0671875 0.2328125
0 0.3390625 0.478125 0.0234375 0.0296875
1 0.3421875 0.56875 0.06875 0.2359375
0 0.340625 0.46875 0.028125 0.0296875
1 0.3828125 0.590625 0.0671875 0.225
0 0.38125 0.496875 0.0203125 0.028125
1 0.43125 0.5890625 0.0875 0.2421875
0 0.4296875 0.4890625 0.0296875 0.0359375
1 0.503125 0.5890625 0.08125 0.2515625
0 0.5 0.484375 0.025 0.034375
1 0.4625 0.5828125 0.053125 0.221875
0 0.459375 0.490625 0.0234375 0.03125
1 0.575 0.5953125 0.0765625 0.253125
0 0.571875 0.4921875 0.028125 0.0390625
1 0.64375 0.5890625 0.084375 0.2578125
0 0.6390625 0.48125 0.03125 0.0359375
1 0.7 0.59375 0.08125 0.2609375
0 0.6921875 0.4828125 0.028125 0.034375
1 0.7453125 0.5921875 0.0703125 0.2421875
0 0.7359375 0.4921875 0.0265625 0.03125
1 0.775 0.6046875 0.0921875 0.2390625
0 0.778125 0.503125 0.0265625 0.034375
1 0.8296875 0.6078125 0.071875 0.240625
0 0.828125 0.5078125 0.0265625 0.0375
1 0.8578125 0.603125 0.090625 0.271875
0 0.85 0.490625 0.0296875 0.0375
1 0.915625 0.584375 0.0734375 0.2671875
0 0.9125 0.4734375 0.025 0.034375
1 0.946875 0.60625 0.0765625 0.265625
0 0.95625 0.496875 0.03125 0.0375
1 0.98125 0.6078125 0.0328125 0.2625
0 0.9921875 0.4953125 0.0125 0.0328125
1 0.965625 0.6 0.065625 0.2515625
0 0.971875 0.4953125 0.0296875 0.0390625
1 0.81875 0.5828125 0.075 0.259375
0 0.8203125 0.4796875 0.0296875 0.0390625