1 0.04375 0.628125 0.08125 0.4625
0 0.015625 0.43125 0.028125 0.0609375
1 0.428125 0.49375 0.04375 0.146875
0 0.425 0.4375 0.0171875 0.021875
1 0.2515625 0.51875 0.1125 0.1796875
0 0.2640625 0.4421875 0.0203125 0.01875
1 0.225 0.490625 0.04375 0.1609375
0 0.23125 0.4234375 0.01875 0.01875
1 0.2140625 0.49375 0.0484375 0.146875
0 0.21875 0.4296875 0.015625 0.0140625
1 0.128125 0.49375 0.0375 0.1421875
0 0.13125 0.434375 0.0203125 0.0234375
1 0.1109375 0.490625 0.065625 0.1234375
0 0.1109375 0.440625 0.015625 0.015625
1 0.465625 0.490625 0.0703125 0.115625
0 0.4890625 0.4484375 0.0125 0.0140625
1 0.3765625 0.49375 0.04375 0.1125
0 0.3640625 0.45 0.0125 0.0125
1 0.321875 0.4890625 0.0515625 0.1265625
0 0.31875 0.4421875 0.015625 0.015625
1 0.7109375 0.5234375 0.06875 0.128125
0 0.725 0.4734375 0.0171875 0.021875
1 0.65625 0.496875 0.0421875 0.1125
0 0.6671875 0.4578125 0.0125 0.015625
1 0.6765625 0.49375 0.0390625 0.109375
0 0.6875 0.4484375 0.0140625 0.015625
1 0.796875 0.5328125 0.0953125 0.228125
0 0.8140625 0.4421875 0.028125 0.0328125
1 0.825 0.5328125 0.0515625 0.1734375
0 0.8265625 0.459375 0.015625 0.015625
1 0.878125 0.5484375 0.096875 0.21875
0 0.8890625 0.45625 0.0296875 0.0265625
1 0.9515625 0.503125 0.05 0.1078125
0 0.9640625 0.459375 0.015625 0.01875
1 0.8625 0.5 0.05625 0.11875
0 0.8703125 0.453125 0.0171875 0.01875
1 0.9015625 0.5 0.05 0.125
0 0.915625 0.45 0.021875 0.0234375
1 0.990625 0.496875 0.0125 0.071875
0 0.9953125 0.46875 0.0015625 0.0078125
1 0.6984375 0.50625 0.06875 0.1078125
0 0.7140625 0.4640625 0.015625 0.015625
1 0.640625 0.4796875 0.0234375 0.0609375
0 0.6390625 0.4578125 0.00625 0.0078125
1 0.6265625 0.484375 0.0234375 0.059375
0 0.625 0.465625 0.009375 0.0078125
1 0.6015625 0.4890625 0.0234375 0.05625
0 0.6015625 0.4671875 0.00625 0.00625
1 0.584375 0.484375 0.021875 0.0703125
0 0.5875 0.459375 0.00625 0.0078125
1 0.565625 0.4875 0.015625 0.0625
0 0.56875 0.465625 0.00625 0.0078125
1 0.546875 0.4859375 0.0171875 0.0640625
0 0.546875 0.4609375 0.00625 0.0078125
1 0.53125 0.484375 0.0171875 0.06875
0 0.534375 0.4578125 0.009375 0.0109375
1 0.5140625 0.4890625 0.028125 0.0609375
0 0.5078125 0.465625 0.009375 0.0109375
1 0.3484375 0.4875 0.0234375 0.071875
0 0.3515625 0.459375 0.009375 0.0109375
1 0.396875 0.4828125 0.021875 0.06875
0 0.4 0.45625 0.009375 0.0109375
1 0.1765625 0.484375 0.028125 0.0890625
0 0.175 0.4484375 0.009375 0.0109375
1 0.165625 0.4875 0.0203125 0.078125
0 0.16875 0.4546875 0.009375 0.0078125
1 0.14375 0.4875 0.025 0.09375
0 0.14375 0.4515625 0.0140625 0.0140625
1 0.0203125 0.49375 0.025 0.078125
0 0.01875 0.4609375 0.009375 0.0109375
1 0.0484375 0.4875 0.01875 0.071875
0 0.0484375 0.4578125 0.0078125 0.0109375