1 0.0234375 0.478125 0.046875 0.3015625
0 0.015625 0.3546875 0.03125 0.0484375
1 0.034375 0.484375 0.06875 0.278125
0 0.0421875 0.36875 0.028125 0.0421875
1 0.0625 0.546875 0.125 0.378125
0 0.0859375 0.384375 0.046875 0.05
1 0.071875 0.565625 0.1421875 0.446875
0 0.1046875 0.3859375 0.065625 0.071875
1 0.059375 0.390625 0.0203125 0.0546875
0 0.0640625 0.36875 0.0046875 0.00625
1 0.11875 0.4875 0.0734375 0.246875
0 0.1390625 0.384375 0.0265625 0.0375
1 0.14375 0.4796875 0.065625 0.2328125
0 0.1515625 0.38125 0.021875 0.0296875
1 0.1546875 0.521875 0.1125 0.28125
0 0.184375 0.40625 0.034375 0.04375
1 0.2171875 0.49375 0.0796875 0.221875
0 0.2375 0.4046875 0.03125 0.040625
1 0.2640625 0.5328125 0.0796875 0.246875
0 0.2671875 0.4328125 0.03125 0.040625
1 0.2828125 0.6046875 0.0953125 0.3359375
0 0.2953125 0.4625 0.0359375 0.0484375
1 0.2484375 0.675 0.234375 0.396875
0 0.325 0.5234375 0.059375 0.078125
1 0.384375 0.6796875 0.2515625 0.3875
0 0.415625 0.53125 0.053125 0.075
1 0.38125 0.628125 0.125 0.3421875
0 0.415625 0.484375 0.040625 0.053125
1 0.3453125 0.58125 0.1140625 0.265625
0 0.3734375 0.475 0.03125 0.0421875
1 0.3078125 0.5328125 0.075 0.20625
0 0.325 0.45 0.025 0.0328125
1 0.346875 0.496875 0.0484375 0.11875
0 0.3484375 0.4515625 0.0140625 0.0203125
1 0.3875 0.5484375 0.0765625 0.228125
0 0.3875 0.4546875 0.0328125 0.0375
1 0.4296875 0.5890625 0.090625 0.2578125
0 0.45625 0.484375 0.03125 0.0421875
1 0.44375 0.5765625 0.0875 0.2390625
0 0.45625 0.484375 0.03125 0.0421875
1 0.46875 0.5671875 0.08125 0.2
0 0.4734375 0.48125 0.025 0.034375
1 0.4703125 0.6875 0.128125 0.3703125
0 0.5078125 0.534375 0.04375 0.059375
1 0.4859375 0.55 0.0703125 0.165625
0 0.496875 0.484375 0.0234375 0.0296875
1 0.4921875 0.6046875 0.1203125 0.2640625
0 0.5171875 0.4984375 0.04375 0.04375
1 0.521875 0.66875 0.11875 0.3140625
0 0.5578125 0.5390625 0.0390625 0.05
1 0.5765625 0.7046875 0.1640625 0.3375
0 0.6328125 0.5703125 0.0421875 0.05625
1 0.58125 0.640625 0.1015625 0.2375
0 0.6140625 0.54375 0.0375 0.040625
1 0.571875 0.59375 0.0546875 0.221875
0 0.578125 0.5015625 0.025 0.034375
1 0.596875 0.571875 0.046875 0.1328125
0 0.5984375 0.5203125 0.015625 0.021875
1 0.6203125 0.553125 0.0375 0.10625
0 0.625 0.5125 0.0140625 0.0171875
1 0.6046875 0.6 0.0625 0.1703125
0 0.6234375 0.5296875 0.025 0.0265625
1 0.634375 0.5859375 0.05 0.15
0 0.6484375 0.5234375 0.0234375 0.025
1 0.6328125 0.6515625 0.078125 0.2265625
0 0.640625 0.56875 0.0296875 0.0359375
1 0.6640625 0.6453125 0.0859375 0.221875
0 0.6625 0.553125 0.025 0.03125
1 0.690625 0.58125 0.0390625 0.13125
0 0.6921875 0.528125 0.015625 0.01875
1 0.684375 0.634375 0.05625 0.2
0 0.690625 0.553125 0.025 0.034375
1 0.6953125 0.6765625 0.1046875 0.253125
0 0.728125 0.5703125 0.03125 0.034375
1 0.746875 0.653125 0.0703125 0.196875
0 0.7640625 0.575 0.03125 0.0359375
1 0.76875 0.5875 0.0359375 0.1125
0 0.771875 0.54375 0.0140625 0.0171875
1 0.7734375 0.64375 0.0703125 0.19375
0 0.7828125 0.5625 0.0234375 0.028125
1 0.8140625 0.628125 0.0515625 0.153125
0 0.8203125 0.5640625 0.01875 0.021875
1 0.784375 0.721875 0.14375 0.2953125
0 0.8375 0.5984375 0.0359375 0.04375
1 0.828125 0.728125 0.1078125 0.26875
0 0.85 0.6203125 0.03125 0.0359375
1 0.93125 0.7125 0.134375 0.234375
0 0.9546875 0.6203125 0.0265625 0.028125
1 0.8671875 0.6609375 0.1078125 0.2015625
0 0.865625 0.5796875 0.0234375 0.03125
1 0.865625 0.634375 0.0515625 0.15
0 0.875 0.5734375 0.015625 0.021875
1 0.9 0.653125 0.0640625 0.1359375
0 0.921875 0.6 0.0203125 0.0265625
1 0.90625 0.61875 0.0515625 0.084375
0 0.9203125 0.584375 0.0109375 0.0140625
1 0.959375 0.646875 0.053125 0.10625
0 0.965625 0.6046875 0.015625 0.0171875
1 0 0.125 0 0
0 0.99375 0.609375 0.0015625 0.003125
1 0.2046875 0.61875 0.1453125 0.3984375
0 0.23125 0.45 0.0453125 0.053125