1 0.13125 0.5203125 0.25 0.634375
0 0.0859375 0.246875 0.1109375 0.1203125
1 0.3125 0.5234375 0.171875 0.571875
0 0.3328125 0.29375 0.075 0.1
1 0.3953125 0.425 0.08125 0.353125
0 0.3921875 0.2765625 0.0421875 0.053125
1 0.471875 0.5421875 0.29375 0.590625
0 0.45625 0.315625 0.096875 0.1359375
1 0.559375 0.4671875 0.10625 0.3953125
0 0.5421875 0.303125 0.046875 0.0625
1 0.6015625 0.4515625 0.1046875 0.3296875
0 0.5921875 0.3109375 0.040625 0.046875
1 0.6515625 0.4734375 0.134375 0.4265625
0 0.6671875 0.296875 0.0515625 0.065625
1 0.721875 0.49375 0.1140625 0.4484375
0 0.73125 0.315625 0.0546875 0.0578125
1 0.83125 0.509375 0.1390625 0.5015625
0 0.84375 0.3 0.0640625 0.0828125
1 0.9078125 0.53125 0.171875 0.55625
0 0.95 0.3015625 0.08125 0.0921875
1 0.9453125 0.4984375 0.103125 0.359375
0 0.9453125 0.346875 0.0515625 0.0546875