1 0 0.1640625 0 0
0 0.95625 0.515625 0.0328125 0.0453125
1 0.9390625 0.5734375 0.05 0.1515625
0 0.9453125 0.5171875 0.03125 0.0328125
1 0.8859375 0.6390625 0.075 0.2671875
0 0.8796875 0.521875 0.03125 0.034375
1 0.8734375 0.59375 0.0546875 0.21875
0 0.86875 0.503125 0.0296875 0.0328125
1 0.8046875 0.6375 0.0640625 0.303125
0 0.803125 0.50625 0.028125 0.0328125
1 0.7875 0.5703125 0.0515625 0.1671875
0 0.784375 0.503125 0.021875 0.028125
1 0.740625 0.621875 0.0703125 0.24375
0 0.73125 0.5234375 0.034375 0.04375
1 0.7140625 0.475 0.034375 0.0796875
0 0.715625 0.4453125 0.009375 0.009375
1 0.684375 0.48125 0.03125 0.0765625
0 0.6828125 0.4484375 0.0078125 0.0078125
1 0.6359375 0.45625 0.0390625 0.090625
0 0.63125 0.4203125 0.0171875 0.0171875
1 0.6078125 0.4828125 0.046875 0.0796875
0 0.603125 0.4515625 0.009375 0.0125
1 0.590625 0.503125 0.046875 0.084375
0 0.590625 0.4671875 0.0125 0.0140625
1 0.6828125 0.6171875 0.075 0.25625
0 0.665625 0.5109375 0.0359375 0.0390625
1 0.646875 0.5796875 0.0421875 0.1703125
0 0.6484375 0.5078125 0.0171875 0.0203125
1 0.6234375 0.5953125 0.053125 0.1796875
0 0.61875 0.5203125 0.021875 0.0265625
1 0.596875 0.5671875 0.0421875 0.1328125
0 0.59375 0.5140625 0.015625 0.01875
1 0.5625 0.578125 0.0484375 0.1546875
0 0.5734375 0.51875 0.0171875 0.021875
1 0.421875 0.6546875 0.1015625 0.35625
0 0.41875 0.5265625 0.0390625 0.040625
1 0.4265625 0.496875 0.3953125 0.58125
0 0.3734375 0.2875 0.0875 0.0953125
1 0.2390625 0.6609375 0.1265625 0.3421875
0 0.234375 0.5265625 0.05 0.0625
1 0.146875 0.5953125 0.096875 0.23125
0 0.175 0.5046875 0.03125 0.0328125
1 0.0484375 0.696875 0.09375 0.2734375
0 0.0328125 0.596875 0.0625 0.075
1 0.025 0.5921875 0.046875 0.1828125
0 0.0078125 0.515625 0.0140625 0.028125
1 0.0625 0.596875 0.08125 0.1953125
0 0.0734375 0.5203125 0.03125 0.0296875
1 0.921875 0.590625 0.0578125 0.1625
0 0.9234375 0.5234375 0.0171875 0.0234375
1 0.7515625 0.578125 0.05625 0.18125
0 0.7421875 0.5015625 0.025 0.028125
1 0.725 0.5703125 0.0546875 0.16875
0 0.7265625 0.5015625 0.025 0.03125
1 0.5796875 0.5796875 0.046875 0.15
0 0.5734375 0.51875 0.015625 0.0203125
1 0.446875 0.6125 0.0625 0.2296875
0 0.440625 0.521875 0.0296875 0.040625
1 0.4734375 0.609375 0.05625 0.215625
0 0.4640625 0.5234375 0.0203125 0.0234375
1 0.34375 0.6453125 0.0828125 0.2671875
0 0.3375 0.5359375 0.0328125 0.0375
1 0.271875 0.6234375 0.0515625 0.2203125
0 0.271875 0.5265625 0.0203125 0.025
1 0.3171875 0.621875 0.05625 0.2203125
0 0.3171875 0.528125 0.021875 0.0265625
1 0.1 0.5953125 0.0640625 0.1921875
0 0.096875 0.521875 0.0203125 0.03125
1 0.2171875 0.6390625 0.10625 0.2546875
0 0.215625 0.5375 0.03125 0.046875