1 0.01875 0.515625 0.0375 0.1390625
0 0.015625 0.45625 0.015625 0.01875
1 0.05625 0.5140625 0.05625 0.146875
0 0.0671875 0.453125 0.015625 0.01875
1 0.1078125 0.5109375 0.0515625 0.1609375
0 0.1171875 0.44375 0.0171875 0.01875
1 0.1421875 0.5078125 0.0609375 0.1703125
0 0.140625 0.4375 0.015625 0.0234375
1 0.2015625 0.5109375 0.0546875 0.1640625
0 0.209375 0.4421875 0.015625 0.0234375
1 0.225 0.51875 0.034375 0.15
0 0.2234375 0.453125 0.015625 0.0171875
1 0.2453125 0.5078125 0.0546875 0.16875
0 0.2546875 0.4390625 0.0203125 0.0265625
1 0.2578125 0.5078125 0.059375 0.171875
0 0.26875 0.4359375 0.015625 0.0265625
1 0.3078125 0.5046875 0.05625 0.18125
0 0.309375 0.4296875 0.0171875 0.0265625
1 0.34375 0.5109375 0.0453125 0.16875
0 0.35 0.440625 0.0171875 0.0234375
1 0.3640625 0.5171875 0.05625 0.159375
0 0.3640625 0.4515625 0.01875 0.0234375
1 0.421875 0.5109375 0.0625 0.178125
0 0.4265625 0.4375 0.0171875 0.028125
1 0.4875 0.5078125 0.0828125 0.19375
0 0.4921875 0.4265625 0.0203125 0.0296875
1 0.5421875 0.5109375 0.0734375 0.19375
0 0.5421875 0.4296875 0.021875 0.0265625
1 0.6078125 0.5015625 0.0859375 0.221875
0 0.6125 0.409375 0.0234375 0.0359375
1 0.7109375 0.5015625 0.0796875 0.2234375
0 0.7078125 0.4078125 0.0234375 0.03125
1 0.10625 0.5171875 0.0515625 0.1484375
0 0.1171875 0.4546875 0.0125 0.015625