1 0.546875 0.75 0.3515625 0.159375
0 0.6765625 0.7546875 0.0796875 0.0828125
1 0.765625 0.6 0.0609375 0.1625
0 0.7765625 0.534375 0.01875 0.021875
1 0.74375 0.5890625 0.03125 0.109375
0 0.740625 0.5453125 0.015625 0.0140625
1 0.3078125 0.621875 0.065625 0.165625
0 0.3203125 0.5515625 0.015625 0.01875
1 0.4140625 0.615625 0.0640625 0.1546875
0 0.415625 0.55 0.01875 0.01875
1 0.40625 0.5953125 0.05 0.1296875
0 0.4140625 0.540625 0.0140625 0.0171875
1 0.459375 0.596875 0.05 0.1140625
0 0.4609375 0.5484375 0.015625 0.015625
1 0.4671875 0.5796875 0.0265625 0.0859375
0 0.46875 0.5453125 0.0109375 0.009375
1 0.490625 0.575 0.0265625 0.0828125
0 0.4890625 0.54375 0.0109375 0.0109375
1 0.50625 0.58125 0.0203125 0.071875
0 0.5078125 0.5515625 0.00625 0.0078125
1 0.590625 0.5671875 0.0203125 0.0453125
0 0.590625 0.546875 0.00625 0.00625
1 0.6515625 0.571875 0.0265625 0.059375
0 0.6515625 0.546875 0.00625 0.00625