1 0.0046875 0.5578125 0.0078125 0.0765625
0 0.003125 0.5265625 0.003125 0.009375
1 0.009375 0.553125 0.015625 0.0765625
0 0.0078125 0.521875 0.0078125 0.009375
1 0.0171875 0.5703125 0.028125 0.090625
0 0.01875 0.5328125 0.0140625 0.0140625
1 0.0421875 0.54375 0.0203125 0.0453125
0 0.040625 0.525 0.0046875 0.0046875
1 0.05625 0.5453125 0.025 0.05
0 0.0578125 0.525 0.00625 0.0078125
1 0.096875 0.54375 0.021875 0.05
0 0.0953125 0.5234375 0.0046875 0.0078125
1 0.1140625 0.565625 0.0296875 0.0984375
0 0.1125 0.5234375 0.0125 0.0140625
1 0.1296875 0.559375 0.025 0.0984375
0 0.128125 0.5203125 0.0109375 0.0125
1 0.15 0.5515625 0.0140625 0.059375
0 0.1515625 0.528125 0.0078125 0.009375
1 0.165625 0.55625 0.028125 0.1
0 0.1609375 0.5140625 0.0125 0.0125
1 0.1890625 0.5515625 0.0359375 0.10625
0 0.184375 0.509375 0.015625 0.015625
1 0.2609375 0.53125 0.0140625 0.03125
0 0.2609375 0.51875 0.0046875 0.0046875
1 0.2765625 0.53125 0.0078125 0.0296875
0 0.2765625 0.5203125 0.003125 0.003125
1 0.2359375 0.5703125 0.075 0.1140625
0 0.221875 0.5265625 0.025 0.025
1 0.2640625 0.575 0.0640625 0.10625
0 0.2484375 0.53125 0.01875 0.021875
1 0.2953125 0.5484375 0.025 0.0734375
0 0.296875 0.51875 0.0078125 0.009375
1 0.29375 0.571875 0.075 0.103125
0 0.3109375 0.5296875 0.0203125 0.021875
1 0.328125 0.546875 0.0296875 0.0796875
0 0.3265625 0.5140625 0.0109375 0.0125
1 0.290625 0.5296875 0.0140625 0.0359375
0 0.2953125 0.5171875 0.0078125 0.009375
1 0.4203125 0.503125 0.1046875 0.1625
0 0.3921875 0.4375 0.025 0.025
1 0.425 0.5140625 0.075 0.1484375
0 0.40625 0.4515625 0.021875 0.0203125
1 0.6421875 0.5234375 0.0140625 0.0375
0 0.64375 0.509375 0.0046875 0.00625
1 0.6765625 0.528125 0.0171875 0.059375
0 0.671875 0.5046875 0.0078125 0.009375
1 0.6875 0.5203125 0.009375 0.03125
0 0.6859375 0.50625 0.003125 0.0015625
1 0.703125 0.5265625 0.0125 0.0421875
0 0.703125 0.509375 0.0046875 0.0046875
1 0.728125 0.521875 0.021875 0.0515625
0 0.7296875 0.5015625 0.0046875 0.0046875
1 0.7984375 0.55 0.0265625 0.09375
0 0.8015625 0.5140625 0.0140625 0.0109375
1 0.85625 0.5515625 0.0421875 0.10625
0 0.8578125 0.5078125 0.0140625 0.015625
1 0.9 0.5640625 0.04375 0.1171875
0 0.896875 0.5140625 0.0171875 0.0140625
1 0.88125 0.5328125 0.021875 0.06875
0 0.8796875 0.5046875 0.0078125 0.009375
1 0 0.221875 0 0
0 0.9828125 0.4953125 0.0140625 0.0125
1 0.0421875 0.54375 0.0140625 0.0453125
0 0.0453125 0.521875 0.003125 0.003125