1 0.9109375 0.5453125 0.146875 0.471875
0 0.90625 0.35 0.0609375 0.0828125
1 0.7875 0.5328125 0.11875 0.453125
0 0.7875 0.3453125 0.05625 0.065625
1 0.6890625 0.5234375 0.128125 0.45625
0 0.6875 0.334375 0.0609375 0.0703125
1 0.6328125 0.5109375 0.13125 0.41875
0 0.6296875 0.340625 0.0453125 0.0578125
1 0.55625 0.5015625 0.1453125 0.409375
0 0.5625 0.33125 0.0421875 0.0609375
1 0.5 0.4 0.0734375 0.2359375
0 0.5 0.3140625 0.0390625 0.0453125
1 0.4625 0.4921875 0.1359375 0.45
0 0.4453125 0.3046875 0.053125 0.0703125
1 0.3375 0.5109375 0.1859375 0.459375
0 0.3703125 0.321875 0.053125 0.071875
1 0.2359375 0.4875 0.1703125 0.534375
0 0.24375 0.2625 0.0609375 0.071875
1 0.121875 0.5296875 0.1703125 0.54375
0 0.121875 0.296875 0.065625 0.0734375