1 0.9171875 0.6578125 0.15625 0.38125
0 0.9109375 0.50625 0.05625 0.0671875
1 0.8109375 0.6515625 0.1578125 0.3953125
0 0.8265625 0.4953125 0.053125 0.059375
1 0.696875 0.665625 0.1953125 0.3671875
0 0.665625 0.540625 0.065625 0.0828125
1 0.5 0.6328125 0.20625 0.43125
0 0.478125 0.46875 0.08125 0.084375
1 0.30625 0.659375 0.2453125 0.378125
0 0.3546875 0.5265625 0.0859375 0.0953125
1 0.1765625 0.6625 0.1859375 0.371875
0 0.2 0.5265625 0.075 0.09375
1 0.0609375 0.6375 0.1171875 0.4234375
0 0.025 0.5375 0.04375 0.090625
1 0.14375 0.671875 0.1515625 0.3546875
0 0.125 0.534375 0.0609375 0.0671875
1 0.06875 0.66875 0.13125 0.3625
0 0.0625 0.525 0.0609375 0.0703125
1 0.2390625 0.615625 0.184375 0.465625
0 0.259375 0.4265625 0.0609375 0.078125
1 0.6171875 0.6375 0.2625 0.4234375
0 0.6234375 0.46875 0.0578125 0.0734375
1 0.7578125 0.5796875 0.259375 0.5375
0 0.7109375 0.4015625 0.059375 0.0734375
1 0.8828125 0.5625 0.1890625 0.571875
0 0.8828125 0.3703125 0.053125 0.0734375
1 0.678125 0.378125 0.125 0.321875
0 0.65625 0.2734375 0.05 0.065625
1 0.59375 0.35 0.1125 0.25
0 0.590625 0.259375 0.04375 0.0546875
1 0.490625 0.4921875 0.19375 0.478125
0 0.459375 0.3 0.0609375 0.0765625
1 0.4078125 0.378125 0.146875 0.3109375
0 0.4078125 0.2828125 0.04375 0.059375
1 0.3015625 0.384375 0.090625 0.3046875
0 0.3140625 0.2640625 0.0453125 0.0546875
1 0.1 0.5734375 0.2 0.490625
0 0.1234375 0.41875 0.0578125 0.0765625
1 0.5078125 0.365625 0.1203125 0.3859375
0 0.5046875 0.2859375 0.0390625 0.053125