1 0.2109375 0.553125 0.1390625 0.4265625
0 0.2375 0.378125 0.05 0.06875
1 0.3125 0.5140625 0.1453125 0.40625
0 0.3140625 0.3453125 0.0484375 0.059375
1 0.39375 0.5546875 0.10625 0.4203125
0 0.396875 0.3796875 0.04375 0.0578125
1 0.446875 0.525 0.1140625 0.378125
0 0.4515625 0.365625 0.0421875 0.05
1 0.503125 0.559375 0.13125 0.3796875
0 0.5015625 0.4 0.046875 0.0546875
1 0.59375 0.5515625 0.103125 0.3734375
0 0.5875 0.4 0.0421875 0.05625
1 0.6921875 0.5296875 0.1421875 0.421875
0 0.68125 0.3546875 0.0453125 0.0609375
1 0.69375 0.46875 0.134375 0.321875
0 0.721875 0.3375 0.0328125 0.0453125
1 0.5953125 0.5 0.128125 0.3578125
0 0.6015625 0.353125 0.0453125 0.0546875
1 0.5859375 0.396875 0.1140625 0.3109375
0 0.590625 0.26875 0.034375 0.04375
1 0.5265625 0.4171875 0.1171875 0.3375
0 0.53125 0.2765625 0.0375 0.04375
1 0.4484375 0.4125 0.096875 0.3625
0 0.446875 0.259375 0.0375 0.0453125
1 0.3625 0.425 0.1125 0.3734375
0 0.3671875 0.26875 0.0421875 0.0546875