1 0.2046875 0.571875 0.2765625 0.5609375
0 0.16875 0.346875 0.0921875 0.1046875
1 0.321875 0.5609375 0.2234375 0.3875
0 0.2890625 0.4046875 0.0546875 0.0703125
1 0.3796875 0.490625 0.18125 0.2765625
0 0.3171875 0.3765625 0.046875 0.05625
1 0.4046875 0.4546875 0.165625 0.215625
0 0.3453125 0.3765625 0.0390625 0.0484375
1 0.415625 0.4375 0.14375 0.209375
0 0.3640625 0.35625 0.0328125 0.0421875
1 0.4015625 0.409375 0.125 0.1734375
0 0.3640625 0.34375 0.0359375 0.0390625
1 0.403125 0.3859375 0.1046875 0.1484375
0 0.3859375 0.33125 0.028125 0.03125
1 0.4234375 0.3765625 0.0609375 0.1125
0 0.415625 0.334375 0.0203125 0.0234375
1 0.403125 0.3484375 0.053125 0.1359375
0 0.4015625 0.296875 0.0203125 0.021875
1 0.421875 0.3375 0.034375 0.1171875
0 0.4203125 0.290625 0.015625 0.0203125
1 0.4578125 0.31875 0.0296875 0.0734375
0 0.4609375 0.2890625 0.009375 0.009375
1 0.478125 0.31875 0.0234375 0.08125
0 0.478125 0.284375 0.009375 0.0109375
1 0.4921875 0.33125 0.04375 0.1125
0 0.484375 0.2875 0.01875 0.0203125
1 0.4921875 0.35625 0.053125 0.15
0 0.5109375 0.278125 0.0171875 0.0203125
1 0.534375 0.403125 0.065625 0.31875
0 0.5234375 0.2703125 0.0359375 0.04375
1 0.5546875 0.459375 0.1203125 0.3875
0 0.5578125 0.2953125 0.04375 0.0515625
1 0.6203125 0.33125 0.0359375 0.1125
0 0.621875 0.2859375 0.0171875 0.021875
1 0.6546875 0.509375 0.16875 0.5328125
0 0.659375 0.290625 0.0703125 0.0921875
1 0.8203125 0.50625 0.3421875 0.715625
0 0.7921875 0.309375 0.1421875 0.1546875
1 0.45 0.34375 0.0421875 0.078125
0 0.4484375 0.315625 0.0171875 0.0171875