1 0.865625 0.6171875 0.1796875 0.3296875
0 0.871875 0.4796875 0.040625 0.0421875
1 0.5046875 0.65 0.2671875 0.353125
0 0.51875 0.5203125 0.059375 0.0796875
1 0.390625 0.5796875 0.1515625 0.290625
0 0.3921875 0.4578125 0.0375 0.04375
1 0.096875 0.571875 0.1171875 0.2546875
0 0.096875 0.4703125 0.03125 0.034375
1 0.221875 0.55 0.071875 0.1875
0 0.2140625 0.471875 0.021875 0.0234375
1 0.9828125 0.5234375 0.028125 0.0625
0 0.9890625 0.503125 0.0140625 0.015625
1 0.9890625 0.496875 0.015625 0.0734375
0 0.99375 0.46875 0.009375 0.0125
1 0.975 0.5 0.0265625 0.0640625
0 0.9765625 0.4734375 0.00625 0.00625
1 0.9359375 0.5140625 0.0265625 0.0890625
0 0.9375 0.48125 0.0140625 0.015625
1 0.8296875 0.515625 0.0375 0.0890625
0 0.828125 0.4796875 0.009375 0.0125
1 0.7125 0.51875 0.046875 0.1
0 0.7046875 0.475 0.0125 0.0125
1 0.684375 0.5171875 0.034375 0.090625
0 0.6828125 0.48125 0.0140625 0.015625
1 0.5828125 0.5375 0.0765625 0.1625
0 0.56875 0.46875 0.01875 0.0265625
1 0.36875 0.553125 0.0765625 0.2015625
0 0.3640625 0.471875 0.0265625 0.03125
1 0.4640625 0.55 0.075 0.1875
0 0.4578125 0.4765625 0.021875 0.021875
1 0.528125 0.5359375 0.071875 0.1765625
0 0.5265625 0.4640625 0.01875 0.021875
1 0.50625 0.53125 0.05625 0.1578125
0 0.5078125 0.4640625 0.0171875 0.01875
1 0.415625 0.55625 0.071875 0.1875
0 0.41875 0.4765625 0.021875 0.0265625
1 0.29375 0.4890625 0.046875 0.10625
0 0.2921875 0.4453125 0.0140625 0.0125
1 0.2703125 0.490625 0.0265625 0.078125
0 0.2734375 0.45625 0.009375 0.0109375
1 0.246875 0.484375 0.01875 0.0484375
0 0.2484375 0.4671875 0.00625 0.00625
1 0.596875 0.496875 0.01875 0.0625
0 0.596875 0.4703125 0.00625 0.00625
1 0.746875 0.50625 0.021875 0.0796875
0 0.75 0.471875 0.009375 0.0109375
1 0.784375 0.50625 0.0296875 0.0796875
0 0.784375 0.475 0.0125 0.0109375
1 0.8203125 0.509375 0.0296875 0.0734375
0 0.828125 0.4796875 0.009375 0.0109375
1 0.184375 0.4828125 0.025 0.075
0 0.1875 0.4546875 0.0125 0.0125
1 0.159375 0.48125 0.025 0.06875
0 0.1640625 0.453125 0.009375 0.0109375
1 0.1171875 0.4875 0.0375 0.0859375
0 0.1109375 0.45 0.009375 0.0109375
1 0.059375 0.4859375 0.0515625 0.075
0 0.0578125 0.4546875 0.009375 0.0109375