1 0.04375 0.7796875 0.0390625 0.096875
0 0.046875 0.74375 0.0140625 0.015625
1 0.084375 0.778125 0.0515625 0.0921875
0 0.0953125 0.7421875 0.009375 0.009375
1 0.1890625 0.78125 0.0421875 0.0953125
0 0.20625 0.7421875 0.009375 0.015625
1 0.21875 0.7765625 0.04375 0.0875
0 0.21875 0.740625 0.0125 0.0125
1 0.271875 0.7765625 0.021875 0.09375
0 0.2765625 0.734375 0.0125 0.0140625
1 0.1546875 0.703125 0.0171875 0.04375
0 0.15625 0.684375 0.00625 0.00625
1 0.4265625 0.790625 0.034375 0.0765625
0 0.4328125 0.7625 0.0171875 0.015625
1 0.3234375 0.7859375 0.0234375 0.0859375
0 0.328125 0.7515625 0.0140625 0.0140625
1 0.359375 0.79375 0.0328125 0.06875
0 0.359375 0.7671875 0.0125 0.0109375
1 0.5359375 0.7578125 0.0296875 0.0953125
0 0.5390625 0.7203125 0.0125 0.0140625
1 0.55625 0.771875 0.0296875 0.090625
0 0.5546875 0.7375 0.0140625 0.0171875
1 0.609375 0.7890625 0.03125 0.078125
0 0.60625 0.759375 0.0125 0.015625
1 0.6421875 0.796875 0.0375 0.0640625
0 0.6359375 0.7734375 0.0171875 0.0203125
1 0.65 0.7890625 0.028125 0.0796875
0 0.646875 0.7578125 0.009375 0.0125
1 0.690625 0.7796875 0.0375 0.0984375
0 0.6828125 0.7390625 0.0140625 0.0140625
1 0.6734375 0.7078125 0.0171875 0.04375
0 0.671875 0.6921875 0.00625 0.00625
1 0.7796875 0.7375 0.028125 0.0703125
0 0.7765625 0.7078125 0.0078125 0.009375
1 0.8140625 0.696875 0.0203125 0.046875
0 0.8125 0.6765625 0.00625 0.00625
1 0.7265625 0.6984375 0.0203125 0.046875
0 0.725 0.6796875 0.00625 0.00625
1 0.7140625 0.696875 0.021875 0.040625
0 0.7140625 0.68125 0.0078125 0.00625
1 0.7546875 0.7125 0.0125 0.05625
0 0.7546875 0.6953125 0.00625 0.009375
1 0.7765625 0.703125 0.0140625 0.040625
0 0.7796875 0.6890625 0.009375 0.00625
1 0.8609375 0.7640625 0.0390625 0.0828125
0 0.853125 0.7296875 0.009375 0.0109375
1 0.9078125 0.7140625 0.0234375 0.0546875
0 0.9046875 0.6921875 0.0078125 0.0078125
1 0.8125 0.76875 0.0515625 0.1015625
0 0.809375 0.725 0.0171875 0.0125
1 0.825 0.728125 0.028125 0.0703125
0 0.825 0.7 0.009375 0.009375
1 0.9546875 0.734375 0.0296875 0.0640625
0 0.9515625 0.70625 0.00625 0.009375
1 0.9828125 0.7265625 0.0296875 0.0640625
0 0.9796875 0.6984375 0.009375 0.009375
1 0.9203125 0.76875 0.046875 0.0875
0 0.9109375 0.7375 0.0125 0.0140625
1 0.9296875 0.7671875 0.0296875 0.084375
0 0.9265625 0.7328125 0.009375 0.0109375
1 0.9390625 0.7125 0.021875 0.0515625
0 0.9421875 0.69375 0.0078125 0.009375
1 0.85 0.703125 0.0171875 0.04375
0 0.846875 0.6921875 0.0046875 0.0078125
1 0.8546875 0.725 0.0234375 0.053125
0 0.8515625 0.703125 0.0125 0.009375
1 0.875 0.725 0.025 0.0640625
0 0.8734375 0.696875 0.0125 0.0140625
1 0.10625 0.7359375 0.0296875 0.0640625
0 0.1140625 0.709375 0.0125 0.009375
1 0.01875 0.753125 0.0296875 0.0765625
0 0.0296875 0.7203125 0.009375 0.0125
1 0.290625 0.7515625 0.034375 0.071875
0 0.296875 0.725 0.009375 0.0125
1 0.3421875 0.73125 0.0203125 0.0703125
0 0.3453125 0.7046875 0.009375 0.0109375
1 0.3671875 0.7328125 0.0203125 0.05625
0 0.3703125 0.709375 0.009375 0.0109375
1 0.3921875 0.740625 0.025 0.0609375
0 0.396875 0.715625 0.009375 0.009375
1 0.4296875 0.740625 0.025 0.0671875
0 0.43125 0.7140625 0.009375 0.0109375
1 0.4765625 0.78125 0.025 0.0921875
0 0.4796875 0.7421875 0.0125 0.0125
1 0.7140625 0.7546875 0.025 0.084375
0 0.7140625 0.7203125 0.0125 0.0171875
1 0.5859375 0.71875 0.0125 0.046875
0 0.5859375 0.7 0.00625 0.00625
1 0.615625 0.696875 0.009375 0.04375
0 0.6140625 0.684375 0.0046875 0.00625
1 0.6546875 0.709375 0.021875 0.0578125
0 0.653125 0.6875 0.009375 0.009375
1 0.6875 0.7 0.0171875 0.040625
0 0.6890625 0.6828125 0.00625 0.00625
1 0.521875 0.696875 0.009375 0.034375
0 0.5234375 0.684375 0.0046875 0.0046875
1 0.478125 0.6984375 0.0125 0.0359375
0 0.48125 0.6859375 0.0046875 0.00625
1 0.4546875 0.6953125 0.0125 0.0390625
0 0.459375 0.6796875 0.0046875 0.00625
1 0.4109375 0.690625 0.0125 0.0328125
0 0.4125 0.6765625 0.0046875 0.00625
1 0.3734375 0.7015625 0.0140625 0.040625
0 0.375 0.6859375 0.00625 0.00625
1 0.396875 0.6984375 0.0125 0.0390625
0 0.396875 0.684375 0.00625 0.00625
1 0.39375 0.70625 0.0171875 0.0390625
0 0.3953125 0.69375 0.009375 0.009375
1 0.5015625 0.728125 0.0171875 0.053125
0 0.503125 0.7078125 0.00625 0.0078125
1 0.078125 0.7203125 0.0296875 0.0546875
0 0.084375 0.7 0.009375 0.0078125
1 0.09375 0.7140625 0.025 0.0515625
0 0.09375 0.6953125 0.009375 0.009375
1 0.15625 0.75625 0.0265625 0.0703125
0 0.1625 0.725 0.009375 0.0109375
1 0.39375 0.80625 0.0296875 0.046875
0 0.3984375 0.8171875 0.0171875 0.0203125
1 0.7296875 0.8046875 0.0390625 0.0484375
0 0.7296875 0.80625 0.0171875 0.0171875
1 0.8171875 0.796875 0.0546875 0.0625
0 0.8125 0.7921875 0.0234375 0.0234375
1 0.3140625 0.8046875 0.034375 0.046875
0 0.3171875 0.81875 0.021875 0.0203125
1 0.4265625 0.6609375 0.0125 0.0234375
0 0.4296875 0.653125 0.0015625 0.003125
1 0.371875 0.6625 0.009375 0.0234375
0 0.3734375 0.6546875 0.0015625 0.003125
1 0.484375 0.6609375 0.0125 0.0234375
0 0.4859375 0.6515625 0.0015625 0.0015625
1 0.5046875 0.6609375 0.0078125 0.0234375
0 0.50625 0.653125 0.0015625 0.003125
1 0.5234375 0.659375 0.009375 0.0234375
0 0.521875 0.65 0.0015625 0.0015625
1 0.55 0.659375 0.0125 0.0234375
0 0.55 0.6515625 0.0015625 0.003125
1 0.609375 0.6640625 0.009375 0.025
0 0.609375 0.6546875 0.0015625 0.003125
1 0.6234375 0.6671875 0.009375 0.0234375
0 0.621875 0.6578125 0.0015625 0.003125
1 0.6328125 0.6609375 0.009375 0.0234375
0 0.6328125 0.6546875 0.0046875 0.003125
1 0.5921875 0.659375 0.0078125 0.0203125
0 0.5921875 0.6515625 0.0015625 0.003125
1 0.1890625 0.734375 0.034375 0.0640625
0 0.2015625 0.709375 0.009375 0.009375
1 0.2078125 0.7078125 0.015625 0.0484375
0 0.209375 0.6890625 0.0046875 0.0078125
1 0.2328125 0.70625 0.015625 0.040625
0 0.2375 0.6921875 0.00625 0.0078125
1 0.440625 0.759375 0.046875 0.0875
0 0.4421875 0.7265625 0.0125 0.0125
1 0.6390625 0.7671875 0.03125 0.0796875
0 0.64375 0.734375 0.0125 0.0125
1 0.7328125 0.753125 0.0265625 0.084375
0 0.728125 0.71875 0.0125 0.0125
1 0.7171875 0.7875 0.0515625 0.08125
0 0.7171875 0.7609375 0.0171875 0.0203125
1 0.5546875 0.715625 0.0203125 0.0546875
0 0.55625 0.69375 0.009375 0.009375
1 0.9125 0.728125 0.0171875 0.0484375
0 0.9140625 0.7125 0.009375 0.0109375
1 0.9265625 0.734375 0.01875 0.053125
0 0.9296875 0.7125 0.009375 0.009375
1 0.89375 0.796875 0.046875 0.0640625
0 0.8859375 0.7765625 0.021875 0.0203125
1 0.9390625 0.7984375 0.046875 0.0609375
0 0.934375 0.7890625 0.025 0.0265625
1 0.8046875 0.7890625 0.0421875 0.078125
0 0.7984375 0.7609375 0.015625 0.015625
1 0.8125 0.728125 0.021875 0.0671875
0 0.8140625 0.7015625 0.009375 0.009375
1 0.765625 0.7234375 0.021875 0.0546875
0 0.7671875 0.7015625 0.0046875 0.00625
1 0.740625 0.7265625 0.025 0.0609375
0 0.7375 0.7015625 0.009375 0.009375
1 0.7875 0.7171875 0.01875 0.0546875
0 0.7890625 0.6953125 0.0078125 0.00625
1 0.03125 0.7359375 0.025 0.0640625
0 0.0328125 0.709375 0.0140625 0.0125
1 0.096875 0.6953125 0.025 0.046875
0 0.1015625 0.678125 0.00625 0.009375
1 0.7921875 0.7359375 0.021875 0.0515625
0 0.7921875 0.7171875 0.0078125 0.009375
1 0.571875 0.7796875 0.0390625 0.0875
0 0.571875 0.7484375 0.0171875 0.015625
1 0.24375 0.74375 0.0171875 0.0546875
0 0.246875 0.7234375 0.00625 0.0078125
1 0.259375 0.74375 0.01875 0.0515625
0 0.2625 0.7234375 0.009375 0.009375
1 0.2515625 0.721875 0.0203125 0.0515625
0 0.2546875 0.7046875 0.009375 0.009375
1 0.7171875 0.709375 0.0171875 0.0484375
0 0.71875 0.690625 0.0078125 0.00625
1 0.6515625 0.71875 0.0203125 0.046875
0 0.646875 0.7 0.00625 0.0078125
1 0.634375 0.715625 0.0171875 0.053125
0 0.6375 0.6953125 0.009375 0.0078125
1 0.628125 0.7140625 0.0171875 0.0515625
0 0.6265625 0.6890625 0.0046875 0.0078125
1 0.153125 0.721875 0.021875 0.046875
0 0.15625 0.7046875 0.009375 0.0078125
1 0.2015625 0.7421875 0.021875 0.0484375
0 0.2078125 0.721875 0.0046875 0.00625
1 0.1765625 0.759375 0.03125 0.0640625
0 0.1859375 0.734375 0.009375 0.0125
1 0.00625 0.7046875 0.009375 0.0484375
0 0.0046875 0.6875 0.0078125 0.0078125
1 0.0859375 0.7046875 0.0171875 0.046875
0 0.090625 0.6859375 0.0046875 0.00625
1 0.21875 0.7375 0.025 0.0546875
0 0.2234375 0.7140625 0.0046875 0.00625
1 0.646875 0.7 0.0171875 0.04375
0 0.6484375 0.684375 0.00625 0.00625
1 0.69375 0.7296875 0.0203125 0.05625
0 0.69375 0.709375 0.009375 0.0109375
1 0.2390625 0.721875 0.0171875 0.04375
0 0.2421875 0.7046875 0.0078125 0.0078125