1 0.175 0.546875 0.1328125 0.396875
0 0.1796875 0.378125 0.046875 0.0546875
1 0.25 0.55625 0.1125 0.38125
0 0.259375 0.4015625 0.0421875 0.05
1 0.3375 0.5515625 0.109375 0.365625
0 0.33125 0.396875 0.0390625 0.0484375
1 0.3984375 0.5703125 0.121875 0.38125
0 0.4015625 0.4109375 0.046875 0.059375
1 0.4484375 0.540625 0.1296875 0.396875
0 0.45 0.3703125 0.0421875 0.0546875
1 0.5078125 0.553125 0.109375 0.3921875
0 0.509375 0.3875 0.0421875 0.0515625
1 0.5796875 0.571875 0.1390625 0.403125
0 0.571875 0.4078125 0.04375 0.0546875
1 0.603125 0.5484375 0.11875 0.39375
0 0.6078125 0.378125 0.040625 0.0515625
1 0.6796875 0.5640625 0.1453125 0.3921875
0 0.678125 0.4 0.0421875 0.05625
1 0.696875 0.5328125 0.1328125 0.3921875
0 0.6953125 0.3671875 0.0390625 0.053125
1 0.8140625 0.5625 0.121875 0.4109375
0 0.809375 0.3859375 0.05 0.0578125
1 0.8625 0.5359375 0.1578125 0.415625
0 0.8765625 0.3578125 0.04375 0.05