1 0.0515625 0.540625 0.096875 0.3265625
0 0.0125 0.4078125 0.0203125 0.0484375
1 0.0515625 0.521875 0.096875 0.2703125
0 0.028125 0.4109375 0.021875 0.0421875
1 0.06875 0.50625 0.071875 0.2046875
0 0.05625 0.421875 0.0171875 0.0296875
1 0.1296875 0.459375 0.0421875 0.134375
0 0.1296875 0.403125 0.0140625 0.021875
1 0.15 0.4484375 0.0296875 0.0890625
0 0.1515625 0.4125 0.0125 0.0125
1 0.184375 0.4296875 0.021875 0.065625
0 0.18125 0.40625 0.009375 0.009375
1 0.215625 0.440625 0.0265625 0.1015625
0 0.2125 0.403125 0.0140625 0.015625
1 0.2625 0.4609375 0.071875 0.1953125
0 0.26875 0.38125 0.01875 0.021875
1 0.3390625 0.44375 0.05 0.115625
0 0.3296875 0.396875 0.0140625 0.015625
1 0.315625 0.428125 0.021875 0.1015625
0 0.3171875 0.3859375 0.009375 0.0125
1 0.3640625 0.4375 0.0375 0.1046875
0 0.3625 0.3953125 0.0125 0.0125
1 0.4265625 0.771875 0.134375 0.14375
0 0.4125 0.7390625 0.0296875 0.0296875
1 0.7953125 0.4875 0.084375 0.2671875
0 0.7921875 0.378125 0.0265625 0.0328125
1 0.7296875 0.46875 0.08125 0.18125
0 0.7546875 0.39375 0.01875 0.025
1 0.6828125 0.440625 0.0515625 0.1484375
0 0.684375 0.3796875 0.0171875 0.015625
1 0.6375 0.4390625 0.05 0.128125
0 0.634375 0.3859375 0.0125 0.015625
1 0.84375 0.4578125 0.0390625 0.1390625
0 0.8515625 0.403125 0.0171875 0.01875
1 0.8796875 0.453125 0.0390625 0.0953125
0 0.88125 0.4140625 0.009375 0.009375
1 0.8703125 0.4484375 0.01875 0.078125
0 0.86875 0.41875 0.0125 0.0125
1 0.8390625 0.440625 0.021875 0.059375
0 0.84375 0.41875 0.009375 0.009375
1 0.515625 0.421875 0.04375 0.0859375
0 0.5171875 0.390625 0.0140625 0.015625
1 0.4796875 0.41875 0.0265625 0.0625
0 0.48125 0.3953125 0.00625 0.009375
1 0.421875 0.415625 0.025 0.0515625
0 0.421875 0.3953125 0.009375 0.009375