1 0.115625 0.58125 0.071875 0.21875
0 0.1171875 0.4890625 0.028125 0.03125
1 0.240625 0.603125 0.06875 0.2421875
0 0.246875 0.50625 0.028125 0.0359375
1 0.296875 0.6078125 0.0796875 0.2671875
0 0.3046875 0.4984375 0.0296875 0.04375
1 0.3078125 0.6078125 0.0890625 0.2875
0 0.3234375 0.490625 0.04375 0.04375
1 0.3625 0.609375 0.1 0.2796875
0 0.3765625 0.4953125 0.0375 0.04375
1 0.390625 0.6015625 0.1171875 0.26875
0 0.3921875 0.4890625 0.0296875 0.0375
1 0.415625 0.6 0.08125 0.2671875
0 0.4171875 0.490625 0.03125 0.0375
1 0.4671875 0.6203125 0.065625 0.2125
0 0.46875 0.534375 0.0296875 0.03125
1 0.478125 0.5796875 0.0859375 0.2515625
0 0.48125 0.471875 0.025 0.0296875
1 0.5390625 0.5890625 0.10625 0.2609375
0 0.5359375 0.478125 0.03125 0.0375
1 0.5875 0.5859375 0.084375 0.196875
0 0.571875 0.50625 0.025 0.028125
1 0.5875 0.578125 0.0859375 0.2125
0 0.6 0.490625 0.0265625 0.0296875