1 0.9140625 0.5640625 0.121875 0.2546875
0 0.9203125 0.4546875 0.0328125 0.03125
1 0.7890625 0.5890625 0.121875 0.2640625
0 0.7890625 0.4765625 0.028125 0.0328125
1 0.665625 0.54375 0.0578125 0.1671875
0 0.6640625 0.4734375 0.021875 0.0203125
1 0.7125 0.5375 0.046875 0.1
0 0.70625 0.4984375 0.0125 0.015625
1 0.7546875 0.5265625 0.028125 0.071875
0 0.7546875 0.496875 0.0109375 0.0109375
1 0.6125 0.596875 0.10625 0.365625
0 0.6046875 0.4421875 0.0390625 0.0515625
1 0.5671875 0.6296875 0.0828125 0.34375
0 0.5625 0.4828125 0.0359375 0.046875
1 0.5046875 0.609375 0.10625 0.3296875
0 0.5 0.471875 0.0359375 0.0484375
1 0.4390625 0.61875 0.0859375 0.34375
0 0.4453125 0.475 0.0359375 0.0515625
1 0.3640625 0.6265625 0.096875 0.3609375
0 0.3734375 0.4765625 0.04375 0.0515625
1 0.29375 0.6171875 0.0984375 0.384375
0 0.3078125 0.4546875 0.0359375 0.0515625
1 0.4078125 0.59375 0.0875 0.3546875
0 0.4125 0.44375 0.040625 0.0453125
1 0.234375 0.5625 0.05 0.184375
0 0.234375 0.4875 0.021875 0.0234375
1 0.1984375 0.5625 0.0828125 0.215625
0 0.18125 0.4703125 0.025 0.0265625
1 0.1375 0.5796875 0.0859375 0.2421875
0 0.1359375 0.4765625 0.03125 0.0328125
1 0.0828125 0.5734375 0.0640625 0.215625
0 0.0828125 0.4828125 0.0234375 0.0265625
1 0.0375 0.584375 0.071875 0.2578125
0 0.028125 0.4765625 0.03125 0.0375
1 0.046875 0.559375 0.0546875 0.2234375
0 0.05 0.4671875 0.0296875 0.0359375
1 0.1484375 0.559375 0.0546875 0.1984375
0 0.15 0.4734375 0.021875 0.0265625
1 0.825 0.546875 0.05 0.140625
0 0.8296875 0.490625 0.01875 0.0234375