1 0.0890625 0.6265625 0.0703125 0.190625
0 0.09375 0.546875 0.01875 0.0203125
1 0.1390625 0.63125 0.08125 0.1953125
0 0.13125 0.5515625 0.028125 0.028125
1 0.190625 0.621875 0.0734375 0.2171875
0 0.184375 0.5328125 0.021875 0.025
1 0.2796875 0.6296875 0.0640625 0.2453125
0 0.278125 0.525 0.0234375 0.034375
1 0.303125 0.60625 0.0890625 0.23125
0 0.2890625 0.5125 0.025 0.0359375
1 0.3875 0.6203125 0.0625 0.2578125
0 0.384375 0.5140625 0.0265625 0.0359375
1 0.4453125 0.625 0.0765625 0.2234375
0 0.43125 0.5296875 0.01875 0.021875
1 0.4546875 0.653125 0.0546875 0.19375
0 0.4609375 0.575 0.01875 0.028125
1 0.51875 0.6359375 0.0703125 0.2109375
0 0.5140625 0.5484375 0.025 0.0296875
1 0.60625 0.603125 0.084375 0.1828125
0 0.6109375 0.53125 0.01875 0.025
1 0.5640625 0.6125 0.0609375 0.146875
0 0.5625 0.5546875 0.0140625 0.01875
1 0.540625 0.6046875 0.04375 0.1421875
0 0.540625 0.5453125 0.0140625 0.021875
1 0.66875 0.5890625 0.0546875 0.1328125
0 0.6671875 0.5328125 0.0140625 0.0171875
1 0.7453125 0.5796875 0.0296875 0.09375
0 0.746875 0.5421875 0.009375 0.0125
1 0.7640625 0.5890625 0.034375 0.125
0 0.765625 0.5375 0.0140625 0.0171875
1 0.7828125 0.5890625 0.03125 0.0828125
0 0.7765625 0.5546875 0.0109375 0.0109375
1 0.84375 0.5875 0.0390625 0.1328125
0 0.8421875 0.53125 0.015625 0.01875
1 0.93125 0.5953125 0.040625 0.109375
0 0.9359375 0.5484375 0.0125 0.0140625
1 0.390625 0.621875 0.0671875 0.2
0 0.3765625 0.5390625 0.025 0.025