1 0.7359375 0.6703125 0.290625 0.3890625
0 0.7375 0.51875 0.0640625 0.0703125
1 0.49375 0.6546875 0.2453125 0.4203125
0 0.5203125 0.484375 0.065625 0.0734375
1 0.215625 0.596875 0.2265625 0.5359375
0 0.2515625 0.3890625 0.0734375 0.10625
1 0.13125 0.3984375 0.1765625 0.3484375
0 0.1984375 0.2515625 0.04375 0.0484375
1 0.03125 0.4921875 0.0609375 0.296875
0 0.0296875 0.3640625 0.028125 0.03125
1 0.0578125 0.521875 0.0875 0.31875
0 0.0578125 0.3734375 0.0328125 0.0359375
1 0.2171875 0.390625 0.1296875 0.3640625
0 0.23125 0.2375 0.040625 0.05
1 0.315625 0.528125 0.0875 0.2890625
0 0.315625 0.4046875 0.0328125 0.0359375
1 0.45625 0.58125 0.1375 0.3265625
0 0.4625 0.440625 0.0484375 0.0453125
1 0.76875 0.6265625 0.1765625 0.3609375
0 0.7546875 0.48125 0.0546875 0.0609375
1 0.6609375 0.5578125 0.1046875 0.2890625
0 0.665625 0.434375 0.0328125 0.0296875
1 0.796875 0.5625 0.1046875 0.2953125
0 0.796875 0.434375 0.040625 0.0359375
1 0.8734375 0.5671875 0.090625 0.2671875
0 0.8703125 0.459375 0.04375 0.0390625
1 0.9671875 0.5515625 0.0609375 0.2796875
0 0.984375 0.43125 0.0265625 0.0375
1 0.8921875 0.534375 0.0890625 0.28125
0 0.884375 0.409375 0.0328125 0.0296875
1 0.425 0.5203125 0.0625 0.1890625
0 0.4265625 0.4375 0.0203125 0.0203125
1 0.3859375 0.4828125 0.0546875 0.153125
0 0.384375 0.4171875 0.0171875 0.01875
1 0.571875 0.565625 0.0796875 0.2703125
0 0.5609375 0.446875 0.0296875 0.0296875
1 0.6078125 0.5359375 0.0546875 0.2265625
0 0.6125 0.440625 0.0234375 0.0296875
1 0.5296875 0.5390625 0.071875 0.2625
0 0.540625 0.4265625 0.0265625 0.034375
1 0.7546875 0.5328125 0.0921875 0.2671875
0 0.7609375 0.4171875 0.0296875 0.0296875
1 0.8328125 0.5296875 0.05625 0.2234375
0 0.8375 0.4328125 0.021875 0.0234375
1 0.9171875 0.5328125 0.078125 0.2421875
0 0.9203125 0.428125 0.0265625 0.028125
1 0.96875 0.521875 0.0578125 0.2
0 0.96875 0.4359375 0.021875 0.0265625
1 0.9296875 0.5265625 0.04375 0.190625
0 0.9375 0.4453125 0.0171875 0.01875
1 0.784375 0.3984375 0.071875 0.1078125
0 0.790625 0.35625 0.0171875 0.015625
1 0.7203125 0.4953125 0.05 0.184375
0 0.709375 0.41875 0.025 0.028125
1 0.646875 0.5203125 0.0484375 0.209375
0 0.6453125 0.428125 0.021875 0.0203125
1 0.56875 0.4953125 0.0453125 0.1703125
0 0.571875 0.421875 0.0203125 0.0203125
1 0.5890625 0.4953125 0.0375 0.16875
0 0.5890625 0.421875 0.0171875 0.01875
1 0.603125 0.4828125 0.0328125 0.1453125
0 0.603125 0.4203125 0.0125 0.0140625
1 0.43125 0.484375 0.0421875 0.1484375
0 0.4328125 0.421875 0.0203125 0.0234375
1 0.5 0.4734375 0.0421875 0.125
0 0.5078125 0.4234375 0.0203125 0.0234375
1 0.2859375 0.4515625 0.0546875 0.171875
0 0.2875 0.384375 0.0203125 0.0234375
1 0.359375 0.45625 0.0328125 0.1171875
0 0.3625 0.4046875 0.009375 0.0109375
1 0.7390625 0.4921875 0.040625 0.1578125
0 0.740625 0.4234375 0.0140625 0.015625
1 0.7328125 0.4640625 0.04375 0.1109375
0 0.73125 0.4171875 0.0140625 0.0140625
1 0.5109375 0.471875 0.0421875 0.1265625
0 0.5078125 0.421875 0.021875 0.0203125
1 0.446875 0.4484375 0.028125 0.0765625
0 0.4484375 0.4171875 0.0125 0.0125
1 0.4015625 0.440625 0.021875 0.065625
0 0.4046875 0.4125 0.009375 0.0078125
1 0.675 0.5546875 0.0953125 0.2953125
0 0.665625 0.4390625 0.0296875 0.0296875
1 0.3484375 0.4734375 0.0390625 0.1625
0 0.34375 0.403125 0.0171875 0.01875