1 0.8234375 0.525 0.1140625 0.3359375
0 0.8109375 0.3859375 0.040625 0.05
1 0.79375 0.5171875 0.0640625 0.3125
0 0.790625 0.3828125 0.0328125 0.040625
1 0.746875 0.5265625 0.08125 0.3015625
0 0.7484375 0.3984375 0.034375 0.0421875
1 0.715625 0.509375 0.08125 0.2921875
0 0.71875 0.3890625 0.034375 0.04375
1 0.70625 0.4984375 0.0734375 0.2640625
0 0.696875 0.3890625 0.0265625 0.0375
1 0.659375 0.5 0.0796875 0.2640625
0 0.6546875 0.39375 0.0296875 0.0390625
1 0.596875 0.496875 0.0796875 0.25
0 0.6 0.3921875 0.028125 0.0359375
1 0.5875 0.496875 0.0859375 0.21875
0 0.565625 0.409375 0.028125 0.034375
1 0.53125 0.496875 0.053125 0.2125
0 0.5328125 0.4109375 0.025 0.03125
1 0.4859375 0.4921875 0.0765625 0.225
0 0.490625 0.4 0.0265625 0.0328125
1 0.446875 0.5015625 0.0828125 0.234375
0 0.453125 0.4046875 0.028125 0.03125
1 0.39375 0.5 0.0828125 0.26875
0 0.3921875 0.3921875 0.03125 0.04375
1 0.334375 0.5109375 0.0765625 0.2625
0 0.3390625 0.3984375 0.0296875 0.0359375
1 0.28125 0.5 0.078125 0.2734375
0 0.28125 0.3875 0.03125 0.040625
1 0.28125 0.5203125 0.0921875 0.2921875
0 0.2640625 0.3984375 0.034375 0.040625
1 0.2234375 0.521875 0.096875 0.3421875
0 0.21875 0.3796875 0.040625 0.04375
1 0.18125 0.553125 0.1046875 0.3859375
0 0.16875 0.3953125 0.0484375 0.0546875
1 0.115625 0.5453125 0.1375 0.39375
0 0.103125 0.3765625 0.0453125 0.05
1 0.1125 0.5984375 0.1546875 0.4546875
0 0.109375 0.4125 0.0578125 0.0671875