1 0.14375 0.7328125 0.2859375 0.3
0 0.2046875 0.6375 0.0828125 0.10625
1 0.109375 0.684375 0.1671875 0.3984375
0 0.1171875 0.5328125 0.0578125 0.06875
1 0.084375 0.6140625 0.1625 0.359375
0 0.09375 0.475 0.0453125 0.0484375
1 0.0828125 0.4578125 0.0390625 0.09375
0 0.0921875 0.4171875 0.0125 0.0109375
1 0.1609375 0.465625 0.0421875 0.0875
0 0.1625 0.4296875 0.009375 0.009375
1 0.21875 0.4984375 0.0578125 0.1109375
0 0.2296875 0.4515625 0.0125 0.0140625
1 0.2125 0.4875 0.0359375 0.10625
0 0.215625 0.44375 0.015625 0.0171875
1 0.2484375 0.5046875 0.05 0.1140625
0 0.2578125 0.4578125 0.0125 0.0171875
1 0.284375 0.6296875 0.140625 0.3953125
0 0.296875 0.459375 0.040625 0.0578125
1 0.3453125 0.5859375 0.1015625 0.240625
0 0.3625 0.484375 0.025 0.0328125
1 0.4078125 0.6609375 0.1328125 0.3625
0 0.428125 0.5078125 0.0421875 0.05625
1 0.5 0.6796875 0.1203125 0.340625
0 0.528125 0.546875 0.0375 0.0515625
1 0.575 0.6984375 0.1546875 0.3625
0 0.5875 0.5578125 0.0453125 0.071875
1 0.75 0.715625 0.171875 0.334375
0 0.753125 0.584375 0.0453125 0.0609375
1 0.8171875 0.6625 0.0984375 0.3
0 0.8328125 0.5359375 0.040625 0.040625
1 0.859375 0.5828125 0.0578125 0.171875
0 0.8625 0.5078125 0.0171875 0.0203125
1 0.79375 0.5765625 0.0625 0.1421875
0 0.80625 0.5203125 0.0171875 0.028125
1 0.7921875 0.5546875 0.046875 0.1015625
0 0.7875 0.515625 0.01875 0.021875
1 0.7359375 0.5609375 0.0515625 0.1109375
0 0.740625 0.5140625 0.0140625 0.015625
1 0.696875 0.5890625 0.059375 0.1359375
0 0.7046875 0.5359375 0.01875 0.0265625
1 0.6046875 0.5546875 0.0515625 0.1328125
0 0.615625 0.5046875 0.01875 0.028125
1 0.4890625 0.5484375 0.0515625 0.1484375
0 0.49375 0.4875 0.0203125 0.025
1 0.5078125 0.58125 0.090625 0.190625
0 0.5234375 0.5015625 0.0296875 0.0328125
1 0.55 0.5828125 0.0671875 0.15625
0 0.5484375 0.5203125 0.021875 0.0265625
1 0.5546875 0.565625 0.0578125 0.1578125
0 0.55625 0.5015625 0.0203125 0.028125
1 0.6296875 0.646875 0.08125 0.296875
0 0.628125 0.51875 0.0296875 0.0390625
1 0.896875 0.5578125 0.0328125 0.084375
0 0.9015625 0.5234375 0.009375 0.0125
1 0.915625 0.5515625 0.0234375 0.0671875
0 0.915625 0.525 0.009375 0.0109375
1 0.95 0.5875 0.0453125 0.0796875
0 0.959375 0.55625 0.0109375 0.0109375
1 0.928125 0.5796875 0.05625 0.121875
0 0.93125 0.5296875 0.0125 0.0140625
1 0.95 0.56875 0.034375 0.1
0 0.946875 0.5265625 0.009375 0.0109375
1 0.9828125 0.5828125 0.0296875 0.0859375
0 0.9875 0.5453125 0.009375 0.0109375
1 0.059375 0.4375 0.0140625 0.0359375
0 0.0609375 0.421875 0.0046875 0.0046875
1 0.034375 0.4375 0.021875 0.040625
0 0.0375 0.421875 0.0046875 0.0046875
1 0.4375 0.56875 0.0671875 0.1796875
0 0.4453125 0.4953125 0.0203125 0.0296875