1 0.584375 0.3765625 0.0859375 0.23125
0 0.584375 0.284375 0.0234375 0.0328125
1 0.4609375 0.33125 0.0625 0.1046875
0 0.4671875 0.29375 0.0203125 0.025
1 0.39375 0.3109375 0.0375 0.1140625
0 0.39375 0.26875 0.015625 0.021875
1 0.4078125 0.309375 0.034375 0.1
0 0.4109375 0.26875 0.0109375 0.0125
1 0.2796875 0.33125 0.034375 0.125
0 0.2875 0.278125 0.0125 0.0125
1 0.2515625 0.3328125 0.046875 0.1375
0 0.25625 0.2765625 0.015625 0.015625
1 0.2015625 0.4234375 0.084375 0.31875
0 0.196875 0.2890625 0.034375 0.04375
1 0.16875 0.325 0.040625 0.134375
0 0.16875 0.2703125 0.0140625 0.015625
1 0.115625 0.5046875 0.1390625 0.4984375
0 0.1046875 0.2984375 0.065625 0.0796875
1 0.0765625 0.5140625 0.15 0.6546875
0 0.065625 0.2421875 0.0875 0.09375