1 0.30625 0.609375 0.0546875 0.215625
0 0.315625 0.5203125 0.021875 0.0296875
1 0.3375 0.6109375 0.034375 0.1546875
0 0.3375 0.546875 0.0203125 0.0203125
1 0.36875 0.61875 0.0625 0.2078125
0 0.3765625 0.5328125 0.0203125 0.028125
1 0.4125 0.621875 0.071875 0.2390625
0 0.41875 0.5171875 0.021875 0.0234375
1 0.4421875 0.6171875 0.0421875 0.178125
0 0.446875 0.5390625 0.0171875 0.0203125
1 0.4765625 0.6328125 0.078125 0.2359375
0 0.4734375 0.5296875 0.0265625 0.028125
1 0.528125 0.634375 0.0828125 0.253125
0 0.5328125 0.525 0.028125 0.03125
1 0.5578125 0.625 0.0625 0.203125
0 0.553125 0.54375 0.0203125 0.0234375
1 0.5875 0.6109375 0.05625 0.2
0 0.5890625 0.525 0.021875 0.025
1 0.625 0.625 0.0796875 0.2453125
0 0.6296875 0.521875 0.028125 0.0328125
1 0.665625 0.615625 0.05 0.184375
0 0.65 0.5375 0.021875 0.0203125
1 0.7 0.6234375 0.0703125 0.2203125
0 0.6953125 0.5296875 0.0234375 0.0265625
1 0.8125 0.60625 0.059375 0.2296875
0 0.80625 0.5125 0.025 0.0296875
1 0.5203125 0.6234375 0.0484375 0.1875
0 0.5109375 0.546875 0.01875 0.028125