1 0.5671875 0.5421875 0.1328125 0.46875
0 0.5640625 0.3453125 0.0484375 0.0625
1 0.4265625 0.5609375 0.1640625 0.471875
0 0.4203125 0.3640625 0.0609375 0.06875
1 0.3328125 0.5734375 0.2078125 0.5125
0 0.3296875 0.3578125 0.0671875 0.075
1 0.1390625 0.4640625 0.0671875 0.165625
0 0.1328125 0.39375 0.0171875 0.0234375
1 0.0375 0.475 0.071875 0.20625
0 0.01875 0.3953125 0.025 0.034375
1 0.059375 0.4578125 0.0671875 0.18125
0 0.059375 0.384375 0.0203125 0.025
1 0.1125 0.425 0.025 0.0625
0 0.1109375 0.3984375 0.00625 0.00625