1 0.03125 0.4328125 0.0609375 0.2875
0 0.0203125 0.309375 0.0265625 0.0328125
1 0.065625 0.41875 0.0671875 0.1859375
0 0.0703125 0.340625 0.021875 0.0265625
1 0.11875 0.4 0.0578125 0.1734375
0 0.115625 0.325 0.01875 0.0234375
1 0.3828125 0.3703125 0.015625 0.0421875
0 0.3875 0.3515625 0.0046875 0.0046875
1 0.4484375 0.371875 0.021875 0.071875
0 0.44375 0.340625 0.0078125 0.0078125
1 0.509375 0.36875 0.01875 0.0625
0 0.509375 0.34375 0.009375 0.009375
1 0.58125 0.3703125 0.03125 0.096875
0 0.584375 0.33125 0.009375 0.0109375
1 0.6609375 0.3828125 0.028125 0.1015625
0 0.659375 0.340625 0.0140625 0.0140625
1 0.71875 0.3875 0.034375 0.1171875
0 0.71875 0.3390625 0.0125 0.015625
1 0.746875 0.3796875 0.040625 0.13125
0 0.746875 0.325 0.0140625 0.01875
1 0.7765625 0.375 0.04375 0.1203125
0 0.7671875 0.3265625 0.015625 0.0171875
1 0.809375 0.390625 0.04375 0.1296875
0 0.8125 0.3359375 0.015625 0.0171875
1 0.88125 0.378125 0.0453125 0.128125
0 0.8828125 0.321875 0.0171875 0.0140625
1 0.9125 0.3625 0.021875 0.0640625
0 0.9125 0.334375 0.00625 0.00625
1 0.9375 0.3640625 0.0171875 0.05625
0 0.9390625 0.3390625 0.00625 0.0078125
1 0.9890625 0.3671875 0.01875 0.0546875
0 0.9953125 0.3421875 0.00625 0.0078125
1 0.490625 0.3765625 0.0375 0.078125
0 0.48125 0.3421875 0.0078125 0.0078125
1 0.51875 0.375 0.028125 0.06875
0 0.521875 0.3453125 0.0078125 0.0078125
1 0.571875 0.371875 0.028125 0.0875
0 0.578125 0.3359375 0.0078125 0.0078125