1 0.984375 0.5 0.025 0.0625
0 0.9859375 0.478125 0.0171875 0.015625
1 0.9703125 0.5078125 0.0546875 0.071875
0 0.971875 0.48125 0.0125 0.015625
1 0.9046875 0.496875 0.0484375 0.0578125
0 0.9125 0.4765625 0.0125 0.0109375
1 0.86875 0.4703125 0.025 0.05
0 0.8671875 0.4515625 0.00625 0.00625
1 0.8765625 0.496875 0.0390625 0.0625
0 0.88125 0.475 0.009375 0.0125
1 0.865625 0.50625 0.0625 0.075
0 0.871875 0.478125 0.015625 0.015625
1 0.8328125 0.4984375 0.028125 0.0625
0 0.83125 0.4765625 0.0125 0.0125
1 0.828125 0.65 0.315625 0.41875
0 0.7109375 0.471875 0.04375 0.05
1 0.553125 0.4921875 0.090625 0.146875
0 0.5578125 0.434375 0.015625 0.01875
1 0.475 0.4859375 0.0875 0.1625
0 0.4859375 0.4171875 0.01875 0.01875
1 0.4265625 0.475 0.04375 0.05625
0 0.4234375 0.45625 0.009375 0.009375
1 0.403125 0.4734375 0.034375 0.053125
0 0.403125 0.45625 0.00625 0.00625
1 0.36875 0.4734375 0.05 0.053125
0 0.35625 0.453125 0.00625 0.009375
1 0.2921875 0.45625 0.015625 0.0578125
0 0.29375 0.434375 0.00625 0.009375
1 0.25625 0.446875 0.0140625 0.053125
0 0.2546875 0.425 0.00625 0.00625
1 0.26875 0.4515625 0.015625 0.05
0 0.2703125 0.43125 0.00625 0.00625
1 0.225 0.4484375 0.0140625 0.0484375
0 0.2265625 0.43125 0.00625 0.00625
1 0.134375 0.453125 0.021875 0.0609375
0 0.13125 0.428125 0.00625 0.00625
1 0.128125 0.45625 0.015625 0.0625
0 0.1265625 0.434375 0.009375 0.009375
1 0.11875 0.4625 0.028125 0.0703125
0 0.1234375 0.434375 0.0109375 0.009375
1 0.090625 0.4578125 0.0265625 0.0703125
0 0.0890625 0.428125 0.0109375 0.0109375
1 0.0625 0.45625 0.0265625 0.06875
0 0.0640625 0.4296875 0.009375 0.0109375
1 0.046875 0.4515625 0.0265625 0.06875
0 0.0546875 0.4265625 0.009375 0.0109375
1 0.05 0.453125 0.028125 0.06875
0 0.05625 0.4265625 0.009375 0.0125