1 0.0453125 0.45625 0.0765625 0.1625
0 0.0328125 0.3875 0.0203125 0.01875
1 0.1140625 0.4375 0.01875 0.071875
0 0.1125 0.4078125 0.0109375 0.0125
1 0.096875 0.4328125 0.021875 0.0734375
0 0.096875 0.4015625 0.0125 0.0109375
1 0.2390625 0.475 0.06875 0.1703125
0 0.259375 0.40625 0.025 0.028125
1 0.2921875 0.46875 0.0453125 0.15
0 0.2953125 0.4078125 0.0171875 0.021875
1 0.296875 0.4453125 0.0453125 0.1375
0 0.3015625 0.390625 0.0203125 0.0234375
1 0.2875 0.5234375 0.09375 0.1390625
0 0.321875 0.4765625 0.021875 0.025
1 0.3640625 0.459375 0.0546875 0.16875
0 0.3640625 0.390625 0.025 0.0265625
1 0.428125 0.4484375 0.0390625 0.1125
0 0.4296875 0.403125 0.0125 0.0171875
1 0.2546875 0.634375 0.2328125 0.1875
0 0.3140625 0.565625 0.0390625 0.046875
1 0.4171875 0.590625 0.115625 0.1515625
0 0.4109375 0.5375 0.03125 0.0390625
1 0.4390625 0.5015625 0.0796875 0.0703125
0 0.453125 0.4796875 0.0171875 0.0203125
1 0.5328125 0.69375 0.2546875 0.1921875
0 0.6 0.628125 0.0546875 0.05625
1 0.6453125 0.4828125 0.0625 0.20625
0 0.64375 0.396875 0.0296875 0.0328125
1 0.7046875 0.509375 0.0890625 0.278125
0 0.6828125 0.3953125 0.0375 0.04375
1 0.7671875 0.5 0.0625 0.215625
0 0.7703125 0.4109375 0.03125 0.0328125
1 0.896875 0.5171875 0.115625 0.2921875
0 0.8953125 0.3953125 0.0328125 0.046875
1 0.9 0.7203125 0.19375 0.2
0 0.925 0.66875 0.071875 0.0828125
1 0.3671875 0.5578125 0.09375 0.096875
0 0.375 0.5265625 0.0265625 0.03125
1 0.3390625 0.5328125 0.0578125 0.090625
0 0.328125 0.503125 0.0171875 0.0234375