1 0.121875 0.5671875 0.24375 0.134375
0 0.0625 0.5203125 0.0328125 0.0375
1 0.1453125 0.5234375 0.196875 0.128125
0 0.08125 0.4796875 0.0328125 0.0359375
1 0.1640625 0.5171875 0.1578125 0.1078125
0 0.121875 0.48125 0.025 0.0296875
1 0.2765625 0.528125 0.1015625 0.1078125
0 0.2890625 0.4921875 0.025 0.0328125
1 0.3203125 0.6078125 0.1765625 0.1515625
0 0.28125 0.55625 0.0359375 0.040625
1 0.34375 0.5765625 0.15 0.1515625
0 0.3578125 0.5234375 0.0375 0.040625
1 0.36875 0.4390625 0.05625 0.1390625
0 0.36875 0.3828125 0.015625 0.01875
1 0.4 0.4375 0.0515625 0.1625
0 0.3921875 0.3703125 0.0203125 0.0203125
1 0.4390625 0.515625 0.11875 0.10625
0 0.409375 0.478125 0.0234375 0.0296875
1 0.475 0.5375 0.1140625 0.1203125
0 0.45625 0.4921875 0.0265625 0.0265625
1 0.48125 0.5140625 0.071875 0.125
0 0.4828125 0.471875 0.01875 0.0234375
1 0.5265625 0.5984375 0.1015625 0.1484375
0 0.525 0.5453125 0.03125 0.0390625
1 0.55 0.5890625 0.1765625 0.11875
0 0.6 0.5796875 0.0296875 0.0359375
1 0.56875 0.50625 0.0875 0.1015625
0 0.5828125 0.4703125 0.0203125 0.0265625
1 0.6203125 0.54375 0.1 0.1109375
0 0.61875 0.5015625 0.025 0.025
1 0.6453125 0.5140625 0.0921875 0.1109375
0 0.6484375 0.478125 0.025 0.034375
1 0.6640625 0.625 0.08125 0.09375
0 0.646875 0.5953125 0.0296875 0.03125
1 0.7203125 0.5953125 0.146875 0.1609375
0 0.74375 0.5375 0.034375 0.040625
1 0.79375 0.6625 0.3515625 0.20625
0 0.9078125 0.5875 0.046875 0.0515625
1 0.8234375 0.628125 0.0765625 0.121875
0 0.84375 0.5859375 0.034375 0.0359375
1 0.5140625 0.5375 0.06875 0.1140625
0 0.5203125 0.5 0.025 0.0296875