1 0.8265625 0.6703125 0.1609375 0.3171875
0 0.828125 0.5625 0.0890625 0.0921875
1 0.778125 0.5921875 0.21875 0.4734375
0 0.728125 0.4125 0.0765625 0.096875
1 0.6640625 0.6359375 0.140625 0.3875
0 0.6515625 0.4875 0.06875 0.0796875
1 0.60625 0.56875 0.1796875 0.521875
0 0.59375 0.3578125 0.06875 0.0921875
1 0.50625 0.5734375 0.1390625 0.4890625
0 0.525 0.3765625 0.05625 0.0828125
1 0.3515625 0.5921875 0.35625 0.475
0 0.4875 0.41875 0.0828125 0.109375
1 0.340625 0.6234375 0.1859375 0.4125
0 0.33125 0.459375 0.065625 0.078125
1 0.3765625 0.58125 0.140625 0.4609375
0 0.3640625 0.3875 0.0515625 0.065625
1 0.16875 0.5859375 0.2015625 0.4875
0 0.1984375 0.3859375 0.0640625 0.0796875
1 0.28125 0.584375 0.146875 0.4921875
0 0.2890625 0.38125 0.05625 0.06875
1 0.4 0.478125 0.1171875 0.3453125
0 0.415625 0.34375 0.0328125 0.040625
1 0.78125 0.45 0.06875 0.2453125
0 0.7828125 0.346875 0.025 0.03125
1 0.678125 0.409375 0.0625 0.171875
0 0.68125 0.3390625 0.0140625 0.021875
1 0.621875 0.4546875 0.0515625 0.1828125
0 0.628125 0.3828125 0.0234375 0.03125
1 0.6453125 0.3796875 0.03125 0.0859375
0 0.65 0.3484375 0.0140625 0.015625
1 0.0390625 0.4421875 0.0640625 0.16875
0 0.0390625 0.371875 0.0203125 0.0265625