1 0.9 0.5640625 0.19375 0.53125
0 0.8734375 0.3765625 0.1125 0.1484375
1 0.7375 0.5 0.259375 0.3015625
0 0.6796875 0.3984375 0.071875 0.090625
1 0.35625 0.603125 0.7109375 0.453125
0 0.5453125 0.44375 0.1203125 0.146875
1 0.234375 0.5765625 0.4171875 0.5046875
0 0.35625 0.3859375 0.096875 0.1125
1 0.2375 0.4859375 0.209375 0.3421875
0 0.25625 0.3640625 0.0625 0.0890625
1 0.5421875 0.4296875 0.14375 0.221875
0 0.534375 0.35625 0.05 0.059375
1 0.4140625 0.3703125 0.1296875 0.165625
0 0.3984375 0.3171875 0.04375 0.046875
1 0.15 0.3546875 0.1703125 0.209375
0 0.1984375 0.28125 0.0421875 0.04375