1 0.85625 0.48125 0.04375 0.14375
0 0.8609375 0.4203125 0.0171875 0.0203125
1 0.9203125 0.484375 0.053125 0.1640625
0 0.9234375 0.4171875 0.0234375 0.0234375
1 0.771875 0.628125 0.325 0.4015625
0 0.753125 0.3671875 0.109375 0.1453125
1 0.571875 0.6375 0.246875 0.38125
0 0.59375 0.4078125 0.1125 0.1265625
1 0.59375 0.5765625 0.1640625 0.5046875
0 0.578125 0.359375 0.0515625 0.0640625
1 0.465625 0.5875 0.1421875 0.484375
0 0.4578125 0.384375 0.059375 0.0796875
1 0.2625 0.596875 0.1765625 0.4625
0 0.2578125 0.4 0.059375 0.0640625
1 0.1296875 0.59375 0.1640625 0.4703125
0 0.1484375 0.4125 0.059375 0.0796875