1 0.2375 0.4578125 0.015625 0.040625
0 0.2390625 0.4421875 0.0046875 0.0046875
1 0.284375 0.459375 0.01875 0.0453125
0 0.284375 0.440625 0.0046875 0.0046875
1 0.296875 0.4640625 0.0203125 0.0640625
0 0.3 0.4390625 0.0078125 0.0078125
1 0.30625 0.4671875 0.0265625 0.040625
0 0.3109375 0.4515625 0.0078125 0.0078125
1 0.3234375 0.4625 0.009375 0.025
0 0.325 0.453125 0.003125 0.003125
1 0.353125 0.46875 0.028125 0.04375
0 0.3515625 0.4515625 0.0078125 0.0078125
1 0.359375 0.4671875 0.021875 0.040625
0 0.359375 0.453125 0.0078125 0.009375
1 0.16875 0.490625 0.05625 0.0890625
0 0.171875 0.45625 0.0171875 0.01875
1 0.11875 0.49375 0.0421875 0.0828125
0 0.1171875 0.4625 0.0171875 0.015625
1 0.2796875 0.5421875 0.0984375 0.1359375
0 0.3046875 0.490625 0.025 0.03125
1 0.1859375 0.621875 0.2796875 0.1765625
0 0.3015625 0.5609375 0.0421875 0.0375
1 0.5484375 0.4796875 0.040625 0.0703125
0 0.546875 0.453125 0.0140625 0.0140625
1 0.6109375 0.478125 0.05 0.075
0 0.6 0.45 0.0140625 0.0140625
1 0.528125 0.459375 0.03125 0.0453125
0 0.525 0.440625 0.0078125 0.0078125
1 0.5765625 0.4421875 0.0203125 0.0546875
0 0.5796875 0.41875 0.00625 0.00625
1 0.6015625 0.4390625 0.021875 0.040625
0 0.6078125 0.425 0.00625 0.0078125
1 0.6328125 0.4484375 0.021875 0.0625
0 0.634375 0.421875 0.00625 0.00625
1 0.646875 0.4453125 0.0390625 0.0703125
0 0.653125 0.415625 0.00625 0.0078125
1 0.6703125 0.4453125 0.0203125 0.0640625
0 0.6703125 0.41875 0.0046875 0.0046875
1 0.6859375 0.4453125 0.0203125 0.05625
0 0.6875 0.4203125 0.00625 0.00625
1 0.7890625 0.6421875 0.24375 0.3234375
0 0.840625 0.5203125 0.053125 0.0671875
1 0.265625 0.48125 0.0328125 0.078125
0 0.2640625 0.45625 0.009375 0.009375
1 0.465625 0.45 0.0171875 0.04375
0 0.4671875 0.43125 0.00625 0.00625
1 0.496875 0.446875 0.025 0.0640625
0 0.496875 0.421875 0.0078125 0.009375
1 0.5125 0.4453125 0.01875 0.0453125
0 0.5140625 0.4265625 0.0046875 0.00625
1 0.5484375 0.440625 0.0140625 0.03125
0 0.546875 0.428125 0.0046875 0.003125