1 0.425 0.434375 0.0109375 0.0265625
0 0.425 0.425 0.003125 0.0046875
1 0.5390625 0.4546875 0.0375 0.05
0 0.53125 0.4375 0.0109375 0.0125
1 0.5265625 0.459375 0.05 0.0515625
0 0.5140625 0.44375 0.0125 0.0140625
1 0.5 0.459375 0.0296875 0.040625
0 0.49375 0.446875 0.0125 0.0125
1 0.4796875 0.4609375 0.03125 0.046875
0 0.475 0.44375 0.0125 0.0109375
1 0.2140625 0.509375 0.103125 0.15
0 0.19375 0.453125 0.03125 0.034375
1 0.140625 0.5046875 0.0953125 0.14375
0 0.11875 0.4515625 0.025 0.03125
1 0.11875 0.51875 0.1359375 0.165625
0 0.0984375 0.459375 0.0453125 0.040625
1 0.05625 0.5203125 0.1109375 0.1546875
0 0.0453125 0.4640625 0.0421875 0.04375
1 0.89375 0.45 0.021875 0.0578125
0 0.8984375 0.428125 0.0078125 0.0078125
1 0.9359375 0.453125 0.0171875 0.05625
0 0.9390625 0.43125 0.0078125 0.0078125
1 0.9515625 0.453125 0.021875 0.05625
0 0.9546875 0.43125 0.0078125 0.0078125