1 0.7203125 0.5515625 0.0890625 0.2140625
0 0.7390625 0.4640625 0.028125 0.03125
1 0.7765625 0.5625 0.0765625 0.2125
0 0.7890625 0.4734375 0.03125 0.0296875
1 0.8328125 0.55 0.0609375 0.2125
0 0.825 0.4640625 0.03125 0.0359375
1 0.878125 0.5515625 0.1078125 0.265625
0 0.8890625 0.4421875 0.034375 0.0375
1 0 0.125 0 0
0 0.9671875 0.45 0.028125 0.040625
1 0.784375 0.5171875 0.065625 0.1921875
0 0.771875 0.440625 0.0265625 0.03125
1 0.8265625 0.5125 0.0578125 0.19375
0 0.8203125 0.434375 0.0234375 0.028125