1 0.0609375 0.6078125 0.0625 0.25
0 0.0609375 0.5125 0.0359375 0.0390625
1 0.071875 0.6859375 0.1390625 0.2859375
0 0.0765625 0.6078125 0.0875 0.09375
1 0.1109375 0.646875 0.05625 0.2
0 0.1078125 0.5765625 0.034375 0.0328125
1 0.1625 0.66875 0.096875 0.3046875
0 0.175 0.54375 0.0484375 0.05
1 0.2390625 0.65625 0.078125 0.24375
0 0.2375 0.559375 0.0390625 0.04375
1 0.2125 0.6640625 0.421875 0.33125
0 0.2953125 0.5015625 0.1578125 0.1875
1 0.409375 0.6625 0.19375 0.3328125
0 0.409375 0.5390625 0.065625 0.0796875
1 0.478125 0.66875 0.1 0.2609375
0 0.4703125 0.565625 0.0296875 0.0328125
1 0.521875 0.6453125 0.0828125 0.2125
0 0.525 0.55625 0.03125 0.0328125
1 0.5859375 0.628125 0.0890625 0.2296875
0 0.578125 0.534375 0.0328125 0.0390625
1 0.653125 0.6421875 0.075 0.21875
0 0.640625 0.5546875 0.028125 0.0328125