1 0.0484375 0.79375 0.0953125 0.1390625
0 0.0453125 0.7609375 0.046875 0.0515625
1 0.1546875 0.7921875 0.0765625 0.1453125
0 0.153125 0.753125 0.0546875 0.0609375
1 0.2515625 0.7890625 0.0828125 0.1484375
0 0.2375 0.746875 0.0375 0.053125
1 0.3515625 0.7875 0.071875 0.153125
0 0.3640625 0.7390625 0.0328125 0.0421875
1 0.825 0.7953125 0.1 0.1390625
0 0.8171875 0.76875 0.040625 0.05625
1 0.8484375 0.790625 0.0875 0.1453125
0 0.8421875 0.7578125 0.0421875 0.0546875
1 0.8390625 0.7640625 0.1 0.1984375
0 0.8421875 0.73125 0.0296875 0.040625
1 0.725 0.7859375 0.0828125 0.15625
0 0.7234375 0.73125 0.0328125 0.040625
1 0.659375 0.79375 0.0796875 0.140625
0 0.65625 0.7515625 0.0375 0.046875
1 0.4125 0.7703125 0.0796875 0.1859375
0 0.4234375 0.6984375 0.0296875 0.03125
1 0.496875 0.775 0.0875 0.1765625
0 0.4984375 0.7078125 0.03125 0.0375
1 0.6796875 0.78125 0.0578125 0.165625
0 0.6703125 0.7140625 0.0296875 0.0296875
1 0.640625 0.79375 0.075 0.1390625
0 0.6421875 0.7453125 0.0296875 0.0375
1 0.5765625 0.7953125 0.1 0.1375
0 0.5703125 0.7578125 0.040625 0.0484375
1 0.4375 0.790625 0.078125 0.146875
0 0.434375 0.7546875 0.0375 0.040625
1 0.5296875 0.7828125 0.0671875 0.1609375
0 0.5234375 0.7203125 0.025 0.03125
1 0.465625 0.76875 0.0546875 0.1921875
0 0.459375 0.6875 0.021875 0.0234375
1 0.5390625 0.765625 0.053125 0.19375
0 0.534375 0.68125 0.0203125 0.0203125
1 0.596875 0.7796875 0.0578125 0.1578125
0 0.59375 0.715625 0.0203125 0.0234375
1 0.609375 0.728125 0.046875 0.121875
0 0.6140625 0.678125 0.0171875 0.0203125
1 0.6375 0.7328125 0.040625 0.11875
0 0.6390625 0.6890625 0.015625 0.01875
1 0.6671875 0.7421875 0.046875 0.134375
0 0.665625 0.6921875 0.0203125 0.028125
1 0.54375 0.715625 0.04375 0.1453125
0 0.5421875 0.653125 0.015625 0.01875
1 0.5625 0.7125 0.04375 0.11875
0 0.559375 0.6625 0.0140625 0.01875
1 0.5671875 0.6921875 0.040625 0.1125
0 0.5625 0.6453125 0.0140625 0.015625
1 0.50625 0.6796875 0.0375 0.1
0 0.5078125 0.6390625 0.0125 0.01875
1 0.525 0.68125 0.034375 0.103125
0 0.525 0.640625 0.0109375 0.01875
1 0.5421875 0.675 0.0296875 0.109375
0 0.540625 0.6296875 0.0109375 0.0140625
1 0.5234375 0.66875 0.0265625 0.1109375
0 0.525 0.625 0.0125 0.015625
1 0.5390625 0.653125 0.0203125 0.0890625
0 0.540625 0.615625 0.009375 0.0109375
1 0.3875 0.725 0.0484375 0.1265625
0 0.384375 0.6765625 0.0203125 0.0234375
1 0.3734375 0.7328125 0.0484375 0.1140625
0 0.371875 0.690625 0.021875 0.025
1 0.4375 0.725 0.040625 0.1171875
0 0.4359375 0.6796875 0.0171875 0.0203125
1 0.4828125 0.7203125 0.0328125 0.1203125
0 0.4828125 0.678125 0.01875 0.025
1 0.36875 0.6890625 0.0515625 0.13125
0 0.36875 0.63125 0.0125 0.0125
1 0.4015625 0.696875 0.0421875 0.1125
0 0.403125 0.6515625 0.0171875 0.0171875
1 0.44375 0.6921875 0.04375 0.1234375
0 0.4453125 0.640625 0.0125 0.015625
1 0.4546875 0.709375 0.0484375 0.1234375
0 0.4515625 0.659375 0.0125 0.01875
1 0.4609375 0.709375 0.040625 0.1328125
0 0.4546875 0.65625 0.0171875 0.01875
1 0.4125 0.684375 0.040625 0.1359375
0 0.415625 0.6265625 0.0171875 0.015625
1 0.3828125 0.6640625 0.021875 0.08125
0 0.3828125 0.6328125 0.0125 0.015625
1 0.4859375 0.6546875 0.021875 0.0796875
0 0.4828125 0.6234375 0.0078125 0.0125
1 0.4484375 0.646875 0.0203125 0.0765625
0 0.4484375 0.6171875 0.0109375 0.0140625