1 0.8390625 0.5046875 0.171875 0.4078125
0 0.8453125 0.33125 0.05 0.0578125
1 0.734375 0.5296875 0.1234375 0.31875
0 0.7046875 0.396875 0.04375 0.05
1 0.5015625 0.515625 0.1609375 0.4046875
0 0.5 0.3484375 0.0453125 0.0640625
1 0.48125 0.596875 0.1484375 0.3984375
0 0.490625 0.43125 0.0625 0.0703125
1 0.2203125 0.5140625 0.1578125 0.465625
0 0.2390625 0.3234375 0.059375 0.0796875
1 0.2640625 0.5609375 0.159375 0.3625
0 0.29375 0.4140625 0.05 0.0484375
1 0.4 0.596875 0.09375 0.35
0 0.3796875 0.4515625 0.04375 0.0578125
1 0.340625 0.55 0.0890625 0.4
0 0.33125 0.3828125 0.0421875 0.059375
1 0.3875 0.5703125 0.1421875 0.4453125
0 0.359375 0.384375 0.0625 0.078125