1 0.34375 0.6140625 0.221875 0.7671875
0 0.3640625 0.29375 0.0796875 0.121875
1 0.384375 0.484375 0.2734375 0.546875
0 0.4359375 0.271875 0.078125 0.1078125
1 0.609375 0.4859375 0.2921875 0.5390625
0 0.5921875 0.284375 0.084375 0.1265625
1 0.6078125 0.6078125 0.234375 0.7796875
0 0.5984375 0.284375 0.0953125 0.1296875
1 0.8671875 0.396875 0.0109375 0.0484375
0 0.8703125 0.3765625 0.00625 0.0046875
1 0.8421875 0.3953125 0.0171875 0.046875
0 0.8421875 0.378125 0.00625 0.00625
1 0.7609375 0.3953125 0.025 0.05
0 0.7625 0.375 0.0046875 0.00625
1 0.7484375 0.384375 0.0125 0.0296875
0 0.7484375 0.375 0.0015625 0.0046875
1 0.228125 0.3984375 0.015625 0.0296875
0 0.228125 0.3875 0.003125 0.0046875