1 0.459375 0.56875 0.3890625 0.6203125
0 0.446875 0.23125 0.11875 0.146875
1 0.2140625 0.521875 0.3734375 0.7125
0 0.2390625 0.2296875 0.103125 0.096875
1 0.15625 0.571875 0.209375 0.6125
0 0.1484375 0.3265625 0.06875 0.078125
1 0.0984375 0.528125 0.19375 0.5265625
0 0.10625 0.3171875 0.05 0.06875
1 0.0296875 0.49375 0.05625 0.24375
0 0.03125 0.3890625 0.028125 0.034375
1 0.65625 0.4984375 0.253125 0.540625
0 0.609375 0.2859375 0.075 0.084375
1 0.69375 0.43125 0.140625 0.390625
0 0.6671875 0.2734375 0.0484375 0.05
1 0.7109375 0.4234375 0.109375 0.2875
0 0.69375 0.30625 0.0265625 0.0359375
1 0.8640625 0.515625 0.2671875 0.725
0 0.8640625 0.2125 0.09375 0.115625
1 0.95 0.4296875 0.09375 0.35625
0 0.9390625 0.284375 0.046875 0.059375
1 0.571875 0.4484375 0.121875 0.365625
0 0.5578125 0.296875 0.0421875 0.05
1 0.3859375 0.45 0.1390625 0.35
0 0.3609375 0.3078125 0.046875 0.0578125