1 0.06875 0.5296875 0.1109375 0.2609375
0 0.065625 0.4234375 0.03125 0.0359375
1 0.3453125 0.6265625 0.175 0.378125
0 0.38125 0.471875 0.05625 0.0578125
1 0.453125 0.6109375 0.0984375 0.4
0 0.4453125 0.45 0.0453125 0.059375
1 0.546875 0.61875 0.121875 0.3890625
0 0.5328125 0.4625 0.040625 0.0578125
1 0.59375 0.553125 0.0671875 0.278125
0 0.5921875 0.4421875 0.0328125 0.04375
1 0.6453125 0.6125 0.13125 0.3921875
0 0.6421875 0.4515625 0.040625 0.0640625
1 0.4796875 0.553125 0.0671875 0.2796875
0 0.48125 0.4390625 0.034375 0.04375