1 0.1640625 0.63125 0.328125 0.2953125
0 0.171875 0.4265625 0.1390625 0.1671875
1 0.378125 0.584375 0.1890625 0.390625
0 0.365625 0.45625 0.084375 0.1015625
1 0.44375 0.5984375 0.209375 0.3625
0 0.4125 0.45625 0.05625 0.065625
1 0.5171875 0.596875 0.140625 0.3640625
0 0.5 0.45 0.040625 0.0515625
1 0.559375 0.5375 0.084375 0.25625
0 0.54375 0.428125 0.0265625 0.034375
1 0.6015625 0.534375 0.046875 0.1703125
0 0.5953125 0.46875 0.0234375 0.03125
1 0.615625 0.5328125 0.0390625 0.178125
0 0.6171875 0.45625 0.0171875 0.0203125