1 0.934375 0.53125 0.1203125 0.2484375
0 0.9359375 0.434375 0.03125 0.0421875
1 0.9625 0.4640625 0.0484375 0.1515625
0 0.9625 0.4046875 0.0171875 0.0203125
1 0.9078125 0.4984375 0.0609375 0.1765625
0 0.909375 0.4296875 0.0234375 0.0296875
1 0.8734375 0.5296875 0.0796875 0.2203125
0 0.8734375 0.440625 0.0296875 0.0328125
1 0.859375 0.528125 0.0625 0.1875
0 0.8703125 0.45 0.0234375 0.0265625
1 0.80625 0.5390625 0.096875 0.2609375
0 0.796875 0.434375 0.03125 0.0375
1 0.759375 0.5609375 0.1140625 0.3203125
0 0.75625 0.425 0.04375 0.0484375
1 0.734375 0.5046875 0.0453125 0.178125
0 0.7421875 0.4359375 0.021875 0.028125
1 0.7125 0.5125 0.046875 0.184375
0 0.709375 0.4390625 0.028125 0.0296875
1 0.684375 0.4953125 0.0484375 0.184375
0 0.684375 0.41875 0.0203125 0.025
1 0.675 0.5265625 0.06875 0.20625
0 0.6671875 0.4390625 0.021875 0.028125
1 0.6484375 0.534375 0.0859375 0.28125
0 0.6453125 0.4234375 0.0328125 0.046875
1 0.634375 0.4921875 0.053125 0.1828125
0 0.6484375 0.4203125 0.021875 0.021875
1 0.6015625 0.534375 0.053125 0.225
0 0.5984375 0.4421875 0.0265625 0.034375
1 0.6 0.50625 0.0546875 0.2015625
0 0.596875 0.425 0.0296875 0.0328125
1 0.55625 0.5140625 0.0734375 0.1671875
0 0.565625 0.4484375 0.0203125 0.0265625
1 0.5 0.5375 0.0765625 0.221875
0 0.490625 0.4484375 0.0328125 0.03125
1 0.4765625 0.58125 0.1046875 0.3921875
0 0.46875 0.4171875 0.046875 0.0515625
1 0.4390625 0.5578125 0.1421875 0.3375
0 0.4296875 0.4171875 0.040625 0.046875
1 0.309375 0.4859375 0.0359375 0.1078125
0 0.3125 0.44375 0.0140625 0.015625
1 0.2828125 0.48125 0.0359375 0.1125
0 0.2859375 0.4359375 0.0140625 0.0140625
1 0.2625 0.4828125 0.034375 0.1125
0 0.2609375 0.4359375 0.0140625 0.0140625
1 0.2171875 0.465625 0.0265625 0.0828125
0 0.2171875 0.434375 0.0109375 0.0109375
1 0.346875 0.484375 0.0328125 0.1125
0 0.3484375 0.4390625 0.0140625 0.015625
1 0.375 0.484375 0.034375 0.1140625
0 0.378125 0.4390625 0.0140625 0.015625
1 0.396875 0.4515625 0.028125 0.075
0 0.4015625 0.425 0.0125 0.0140625
1 0.0859375 0.4703125 0.0296875 0.04375
0 0.084375 0.45625 0.0078125 0.0109375
1 0.034375 0.459375 0.0203125 0.0515625
0 0.0359375 0.440625 0.009375 0.009375
1 0.0140625 0.4625 0.01875 0.05625
0 0.0109375 0.4421875 0.0078125 0.009375