1 0.046875 0.6359375 0.084375 0.178125
0 0.0640625 0.5609375 0.0203125 0.0234375
1 0.1125 0.6234375 0.10625 0.2015625
0 0.10625 0.54375 0.021875 0.025
1 0.19375 0.6265625 0.1234375 0.228125
0 0.215625 0.5328125 0.03125 0.028125
1 0.3453125 0.6390625 0.1421875 0.2203125
0 0.3671875 0.55 0.0265625 0.028125
1 0.4078125 0.65 0.1609375 0.2890625
0 0.4125 0.5484375 0.0359375 0.04375
1 0.5 0.640625 0.09375 0.2828125
0 0.4953125 0.525 0.034375 0.040625
1 0.575 0.6125 0.1296875 0.3484375
0 0.5578125 0.478125 0.0453125 0.046875
1 0.6421875 0.60625 0.1671875 0.3890625
0 0.6578125 0.446875 0.05 0.0625
1 0.7234375 0.675 0.1078125 0.26875
0 0.721875 0.5703125 0.04375 0.046875
1 0.8015625 0.6796875 0.0890625 0.2515625
0 0.80625 0.584375 0.0421875 0.0453125
1 0.8625 0.6859375 0.0953125 0.2546875
0 0.853125 0.5890625 0.0453125 0.0484375
1 0.91875 0.625 0.153125 0.4046875
0 0.8859375 0.465625 0.0515625 0.0515625
1 0.8546875 0.58125 0.1078125 0.3234375
0 0.85 0.4625 0.040625 0.0484375
1 0.7734375 0.528125 0.0828125 0.2
0 0.778125 0.459375 0.0296875 0.0375
1 0.725 0.603125 0.1109375 0.35625
0 0.7203125 0.4640625 0.04375 0.0578125
1 0.3765625 0.6125 0.103125 0.2734375
0 0.3953125 0.503125 0.0375 0.0421875
1 0.4515625 0.60625 0.1109375 0.3046875
0 0.45 0.48125 0.034375 0.0421875