1 0.6484375 0.4875 0.028125 0.125
0 0.6484375 0.4875 0.028125 0.125
1 0.840625 0.559375 0.05625 0.1609375
0 0.8453125 0.4921875 0.0234375 0.0234375
1 0.8234375 0.5515625 0.0546875 0.1203125
0 0.8328125 0.5 0.0171875 0.0171875
1 0.7171875 0.5609375 0.05625 0.171875
0 0.71875 0.4890625 0.0203125 0.0203125
1 0.746875 0.54375 0.03125 0.046875
0 0.746875 0.528125 0.009375 0.009375
1 0.6875 0.5640625 0.034375 0.084375
0 0.6890625 0.5328125 0.0125 0.0140625
1 0.678125 0.5328125 0.028125 0.08125
0 0.68125 0.5 0.0078125 0.009375
1 0.665625 0.528125 0.0203125 0.071875
0 0.665625 0.5 0.0078125 0.009375
1 0.66875 0.528125 0.0296875 0.0671875
0 0.665625 0.5 0.00625 0.0078125
1 0.64375 0.5296875 0.0265625 0.071875
0 0.640625 0.5 0.009375 0.009375
1 0.625 0.53125 0.03125 0.071875
0 0.6265625 0.5 0.009375 0.0078125
1 0.6203125 0.528125 0.0265625 0.06875
0 0.621875 0.5 0.0078125 0.0078125
1 0.590625 0.53125 0.040625 0.0875
0 0.5921875 0.49375 0.0109375 0.0109375
1 0.5921875 0.53125 0.025 0.0796875
0 0.5953125 0.496875 0.0078125 0.009375
1 0.578125 0.5328125 0.025 0.0828125
0 0.578125 0.496875 0.0078125 0.0078125
1 0.56875 0.53125 0.0296875 0.0859375
0 0.5671875 0.4953125 0.009375 0.009375
1 0.5375 0.5296875 0.025 0.08125
0 0.5359375 0.496875 0.0078125 0.009375
1 0.5171875 0.5296875 0.03125 0.084375
0 0.5171875 0.49375 0.0109375 0.009375
1 0.51875 0.528125 0.0265625 0.0765625
0 0.5140625 0.496875 0.0078125 0.0109375
1 0.5125 0.528125 0.025 0.078125
0 0.5125 0.4953125 0.0078125 0.009375
1 0.5046875 0.53125 0.0203125 0.0765625
0 0.50625 0.4984375 0.0078125 0.009375
1 0.4984375 0.5296875 0.0203125 0.0703125
0 0.496875 0.5 0.00625 0.00625
1 0.4890625 0.528125 0.0203125 0.075
0 0.4921875 0.4953125 0.0078125 0.0078125
1 0.484375 0.528125 0.03125 0.0859375
0 0.4875 0.4921875 0.009375 0.0109375
1 0.4609375 0.525 0.028125 0.08125
0 0.4609375 0.490625 0.0078125 0.0078125
1 0.440625 0.525 0.0296875 0.08125
0 0.440625 0.490625 0.0078125 0.009375
1 0.428125 0.525 0.034375 0.0890625
0 0.4328125 0.4875 0.009375 0.0109375
1 0.4140625 0.528125 0.0328125 0.0828125
0 0.4140625 0.4921875 0.0078125 0.0109375
1 0.3703125 0.54375 0.078125 0.2515625
0 0.3765625 0.4390625 0.0265625 0.0359375
1 0.3203125 0.5640625 0.10625 0.3234375
0 0.3203125 0.428125 0.03125 0.04375
1 0.234375 0.5484375 0.0859375 0.2375
0 0.2421875 0.45 0.0265625 0.034375
1 0.16875 0.578125 0.0984375 0.3046875
0 0.1703125 0.4515625 0.0359375 0.0453125
1 0.1109375 0.5625 0.0828125 0.259375
0 0.11875 0.45625 0.0296875 0.0375
1 0.0796875 0.553125 0.0609375 0.175
0 0.0828125 0.48125 0.0203125 0.025
1 0.2640625 0.521875 0.0234375 0.0765625
0 0.2625 0.4921875 0.0078125 0.0078125
1 0.0328125 0.509375 0.01875 0.0515625
0 0.03125 0.490625 0.00625 0.00625
1 0.0609375 0.5125 0.01875 0.0484375
0 0.0625 0.4921875 0.0046875 0.0046875
1 0.0421875 0.509375 0.0125 0.046875
0 0.0421875 0.49375 0.0046875 0.00625
1 0.046875 0.5109375 0.0140625 0.0421875
0 0.046875 0.4921875 0.0046875 0.00625
1 0.0125 0.509375 0.0140625 0.0484375
0 0.0125 0.4890625 0.00625 0.00625
1 0.0046875 0.5109375 0.0078125 0.053125
0 0.003125 0.4890625 0.003125 0.0078125
1 0.065625 0.5171875 0.021875 0.078125
0 0.0734375 0.484375 0.0109375 0.009375