1 0.7671875 0.640625 0.065625 0.1265625
0 0.7796875 0.5921875 0.0203125 0.021875
1 0.584375 0.6515625 0.1359375 0.328125
0 0.5578125 0.5546875 0.0421875 0.03125
1 0.521875 0.709375 0.0953125 0.3421875
0 0.51875 0.5640625 0.040625 0.0375
1 0.5 0.753125 0.084375 0.3859375
0 0.5015625 0.5890625 0.0546875 0.0421875
1 0.446875 0.7 0.0875 0.2671875
0 0.4640625 0.5859375 0.0375 0.0328125
1 0.4296875 0.65 0.053125 0.2265625
0 0.421875 0.5515625 0.025 0.021875
1 0.415625 0.6734375 0.0828125 0.246875
0 0.403125 0.5671875 0.0375 0.0296875
1 0.353125 0.7296875 0.096875 0.328125
0 0.3328125 0.5859375 0.040625 0.0328125
1 0.3296875 0.6890625 0.065625 0.25
0 0.334375 0.5859375 0.0390625 0.0328125
1 0.3359375 0.6265625 0.065625 0.1765625
0 0.3421875 0.5515625 0.0328125 0.021875
1 0.2671875 0.6953125 0.06875 0.2921875
0 0.26875 0.56875 0.03125 0.03125
1 0.2515625 0.696875 0.1015625 0.403125
0 0.2578125 0.525 0.053125 0.05
1 0.18125 0.6765625 0.0875 0.3171875
0 0.19375 0.540625 0.0421875 0.0390625
1 0.10625 0.6703125 0.0921875 0.2546875
0 0.0890625 0.5703125 0.028125 0.0328125
1 0.071875 0.6921875 0.0953125 0.3328125
0 0.0796875 0.5484375 0.05 0.040625