1 0.0609375 0.6359375 0.1171875 0.284375
0 0.046875 0.53125 0.0640625 0.071875
1 0.14375 0.640625 0.159375 0.2734375
0 0.1328125 0.55625 0.071875 0.071875
1 0.078125 0.6390625 0.1515625 0.278125
0 0.0640625 0.628125 0.0703125 0.071875
1 0.078125 0.6390625 0.15 0.278125
0 0.05 0.7265625 0.0984375 0.10625
1 0.1734375 0.6390625 0.1953125 0.278125
0 0.159375 0.659375 0.0953125 0.09375
1 0.1765625 0.6125 0.1125 0.3296875
0 0.178125 0.4921875 0.06875 0.075
1 0.29375 0.5890625 0.1890625 0.378125
0 0.3109375 0.54375 0.059375 0.0703125
1 0.3078125 0.578125 0.134375 0.4
0 0.31875 0.4140625 0.05 0.059375
1 0.4140625 0.5640625 0.125 0.40625
0 0.421875 0.3921875 0.0484375 0.0609375
1 0.4859375 0.6390625 0.234375 0.278125
0 0.53125 0.58125 0.05625 0.06875
1 0.70625 0.6390625 0.234375 0.278125
0 0.7 0.6359375 0.0890625 0.0890625
1 0.6625 0.6140625 0.2265625 0.328125
0 0.7015625 0.54375 0.0625 0.0671875
1 0.85 0.64375 0.175 0.2671875
0 0.8546875 0.55 0.059375 0.0765625
1 0.94375 0.6375 0.10625 0.2796875
0 0.96875 0.55 0.0546875 0.084375
1 0.9234375 0.6015625 0.146875 0.353125
0 0.96875 0.48125 0.05625 0.06875
1 0.4828125 0.6390625 0.1796875 0.278125
0 0.4828125 0.70625 0.084375 0.0765625
1 0.5 0.621875 0.1546875 0.3125
0 0.49375 0.5 0.0640625 0.065625
1 0.521875 0.6125 0.128125 0.33125
0 0.5328125 0.478125 0.04375 0.0609375
1 0.64375 0.590625 0.2015625 0.375
0 0.65625 0.4875 0.059375 0.059375
1 0.6234375 0.5828125 0.1875 0.390625
0 0.65625 0.4890625 0.05625 0.0609375
1 0.8921875 0.4484375 0.1796875 0.3375
0 0.909375 0.31875 0.0515625 0.05625
1 0.95625 0.6125 0.08125 0.33125
0 0.96875 0.484375 0.05625 0.06875
1 0.3625 0.43125 0.1046875 0.2875
0 0.36875 0.31875 0.0421875 0.05625