1 0.0703125 0.58125 0.140625 0.3578125
0 0.0734375 0.4328125 0.040625 0.05
1 0.11875 0.425 0.1234375 0.33125
0 0.115625 0.2828125 0.0359375 0.0421875
1 0.2109375 0.6359375 0.15 0.28125
0 0.2203125 0.5234375 0.0390625 0.0484375
1 0.3734375 0.340625 0.125 0.2421875
0 0.365625 0.2234375 0.0234375 0.0109375
1 0.428125 0.5953125 0.15 0.3625
0 0.425 0.440625 0.04375 0.046875
1 0.6390625 0.5875 0.11875 0.35625
0 0.634375 0.4390625 0.034375 0.046875
1 0.75 0.478125 0.1578125 0.3140625
0 0.7734375 0.346875 0.0375 0.04375
1 0.834375 0.5265625 0.1375 0.384375
0 0.8359375 0.365625 0.04375 0.0484375
1 0.8296875 0.6015625 0.134375 0.3515625
0 0.8375 0.453125 0.0390625 0.040625
1 0.9421875 0.4625 0.109375 0.30625
0 0.934375 0.340625 0.040625 0.05