1 0.9875 0.7140625 0.0203125 0.096875
0 0.99375 0.671875 0.0078125 0.009375
1 0.975 0.7171875 0.0296875 0.0890625
0 0.975 0.6796875 0.0109375 0.0109375
1 0.9625 0.7125 0.021875 0.0984375
0 0.9640625 0.6734375 0.009375 0.0125
1 0.946875 0.715625 0.028125 0.1
0 0.9515625 0.6734375 0.0125 0.0125
1 0.9375 0.7359375 0.021875 0.053125
0 0.9359375 0.715625 0.00625 0.0078125
1 0.86875 0.7359375 0.0265625 0.059375
0 0.865625 0.715625 0.00625 0.00625
1 0.84375 0.7484375 0.01875 0.05
0 0.84375 0.73125 0.009375 0.009375
1 0.80625 0.7171875 0.0390625 0.1
0 0.809375 0.675 0.0109375 0.0109375
1 0.790625 0.71875 0.025 0.09375
0 0.790625 0.68125 0.0125 0.0109375
1 0.765625 0.71875 0.05 0.0953125
0 0.7625 0.678125 0.0109375 0.0109375
1 0.73125 0.7203125 0.034375 0.090625
0 0.7328125 0.6828125 0.0125 0.0125
1 0.6953125 0.7109375 0.0421875 0.1109375
0 0.6953125 0.66875 0.0140625 0.0171875
1 0.6609375 0.7109375 0.0484375 0.1265625
0 0.6625 0.659375 0.0140625 0.0171875
1 0.58125 0.740625 0.0265625 0.05625
0 0.5859375 0.7203125 0.00625 0.0078125
1 0.5515625 0.75 0.0140625 0.0375
0 0.5515625 0.7359375 0.0046875 0.0046875
1 0.334375 0.746875 0.021875 0.0515625
0 0.3328125 0.725 0.00625 0.00625
1 0.2671875 0.75 0.021875 0.053125
0 0.2703125 0.728125 0.00625 0.00625
1 0.246875 0.746875 0.0265625 0.059375
0 0.2484375 0.721875 0.00625 0.00625
1 0.2234375 0.746875 0.028125 0.05625
0 0.2203125 0.725 0.0046875 0.00625
1 0.153125 0.7421875 0.028125 0.0734375
0 0.153125 0.7109375 0.009375 0.009375
1 0.0453125 0.740625 0.0171875 0.053125
0 0.046875 0.7171875 0.0046875 0.003125
1 0.059375 0.74375 0.0140625 0.0484375
0 0.059375 0.7234375 0.0046875 0.003125
1 0.071875 0.75 0.025 0.0625
0 0.075 0.725 0.009375 0.009375