1 0.20625 0.7734375 0.146875 0.38125
0 0.1890625 0.6171875 0.04375 0.05625
1 0.3984375 0.78125 0.1359375 0.4
0 0.3953125 0.6109375 0.04375 0.0515625
1 0.4140625 0.7796875 0.15625 0.3125
0 0.4125 0.6484375 0.0359375 0.040625
1 0.5421875 0.8046875 0.096875 0.2796875
0 0.54375 0.6953125 0.03125 0.0515625
1 0.634375 0.803125 0.1359375 0.35625
0 0.6171875 0.6546875 0.0375 0.0546875
1 0.715625 0.6546875 0.046875 0.109375
0 0.7140625 0.6125 0.0140625 0.0171875
1 0.496875 0.6578125 0.04375 0.1296875
0 0.4953125 0.6046875 0.0140625 0.0171875
1 0.5203125 0.6265625 0.0234375 0.075
0 0.521875 0.5953125 0.00625 0.0078125
1 0.5625 0.6375 0.028125 0.115625
0 0.565625 0.590625 0.0140625 0.0171875
1 0.578125 0.64375 0.0390625 0.1078125
0 0.5859375 0.6 0.0140625 0.0125
1 0.534375 0.6296875 0.0171875 0.0625
0 0.534375 0.603125 0.00625 0.0078125
1 0.5421875 0.6296875 0.01875 0.065625
0 0.54375 0.603125 0.0078125 0.0078125
1 0.6140625 0.6328125 0.03125 0.0828125
0 0.6109375 0.596875 0.0078125 0.009375
1 0.5890625 0.6328125 0.0203125 0.0640625
0 0.590625 0.603125 0.0046875 0.0046875
1 0.65625 0.625 0.0203125 0.05
0 0.6578125 0.603125 0.0046875 0.0046875
1 0.68125 0.6171875 0.0140625 0.05
0 0.68125 0.5953125 0.003125 0.0046875
1 0.6703125 0.6171875 0.0234375 0.0421875
0 0.6703125 0.6171875 0.0234375 0.0421875
1 0.6890625 0.6046875 0.0109375 0.0296875
0 0.6875 0.59375 0.003125 0.0046875
1 0.64375 0.690625 0.0609375 0.1796875
0 0.6375 0.615625 0.0234375 0.025