1 0.0546875 0.5546875 0.0609375 0.1953125
0 0.0578125 0.471875 0.021875 0.0234375
1 0.0765625 0.571875 0.0671875 0.1890625
0 0.078125 0.49375 0.0234375 0.025
1 0.0921875 0.553125 0.05 0.159375
0 0.0921875 0.4890625 0.0203125 0.025
1 0.1296875 0.56875 0.053125 0.1828125
0 0.1328125 0.4921875 0.0234375 0.025
1 0.1453125 0.55 0.059375 0.175
0 0.1515625 0.478125 0.021875 0.0203125
1 0.2 0.5578125 0.103125 0.2359375
0 0.2046875 0.459375 0.028125 0.03125
1 0.2671875 0.5546875 0.0625 0.2296875
0 0.265625 0.4609375 0.03125 0.0328125
1 0.35625 0.5765625 0.140625 0.2875
0 0.346875 0.45625 0.0390625 0.040625
1 0.3546875 0.5546875 0.0828125 0.2078125
0 0.3546875 0.46875 0.028125 0.0296875
1 0.3796875 0.5484375 0.053125 0.1765625
0 0.38125 0.4765625 0.0234375 0.025
1 0.403125 0.540625 0.059375 0.1796875
0 0.3984375 0.465625 0.021875 0.028125
1 0.484375 0.65625 0.18125 0.378125
0 0.50625 0.5 0.0515625 0.0609375
1 0.4859375 0.6140625 0.1 0.3796875
0 0.50625 0.45625 0.0453125 0.0515625
1 0.5484375 0.6078125 0.10625 0.3546875
0 0.553125 0.45625 0.040625 0.0484375
1 0.628125 0.6046875 0.1046875 0.3078125
0 0.6234375 0.4765625 0.04375 0.0453125
1 0.6 0.565625 0.075 0.24375
0 0.6015625 0.4640625 0.028125 0.034375
1 0.6828125 0.646875 0.1421875 0.3484375
0 0.6890625 0.50625 0.0484375 0.0578125
1 0.7890625 0.6140625 0.1453125 0.3984375
0 0.8015625 0.459375 0.05 0.053125
1 0.71875 0.5546875 0.103125 0.2453125
0 0.709375 0.45625 0.03125 0.0375
1 0.8703125 0.5546875 0.121875 0.2390625
0 0.8703125 0.4609375 0.034375 0.0359375
1 0.9265625 0.4734375 0.053125 0.0953125
0 0.921875 0.4359375 0.0125 0.0140625
1 0.9421875 0.6328125 0.109375 0.3859375
0 0.9875 0.4625 0.01875 0.040625
1 0.7515625 0.49375 0.05625 0.1421875
0 0.740625 0.4390625 0.021875 0.0234375
1 0.6484375 0.5109375 0.04375 0.146875
0 0.65 0.453125 0.021875 0.028125
1 0.4671875 0.546875 0.0546875 0.1671875
0 0.471875 0.478125 0.021875 0.025
1 0.4390625 0.5328125 0.0640625 0.19375
0 0.4421875 0.45 0.021875 0.025