1 0.4 0.49375 0.0109375 0.0421875
0 0.4 0.478125 0.0046875 0.0046875
1 0.4140625 0.4953125 0.0125 0.04375
0 0.415625 0.4765625 0.00625 0.00625
1 0.421875 0.49375 0.015625 0.040625
0 0.4234375 0.478125 0.0046875 0.0046875
1 0.4421875 0.49375 0.0203125 0.046875
0 0.4421875 0.475 0.00625 0.00625
1 0.4515625 0.496875 0.0140625 0.0421875
0 0.4515625 0.4796875 0.0046875 0.00625
1 0.4671875 0.490625 0.0140625 0.0453125
0 0.4671875 0.4734375 0.00625 0.00625
1 0.484375 0.49375 0.0140625 0.046875
0 0.4875 0.475 0.0046875 0.0046875
1 0.49375 0.4953125 0.0171875 0.0453125
0 0.4921875 0.4765625 0.00625 0.0046875
1 0.509375 0.4921875 0.0171875 0.05
0 0.509375 0.4703125 0.0046875 0.00625
1 0.5171875 0.49375 0.0140625 0.0453125
0 0.515625 0.4765625 0.0046875 0.00625
1 0.5265625 0.4953125 0.015625 0.0453125
0 0.525 0.478125 0.0046875 0.0046875
1 0.54375 0.4953125 0.0203125 0.0453125
0 0.54375 0.4765625 0.0046875 0.00625
1 0.5640625 0.49375 0.0140625 0.046875
0 0.5625 0.4765625 0.00625 0.00625
1 0.56875 0.4953125 0.0125 0.0453125
0 0.5703125 0.48125 0.0046875 0.00625
1 0.5859375 0.49375 0.0140625 0.046875
0 0.5859375 0.475 0.003125 0.003125
1 0.5390625 0.496875 0.015625 0.04375
0 0.5359375 0.478125 0.0046875 0.0046875
1 0.53125 0.49375 0.015625 0.05
0 0.528125 0.475 0.00625 0.0078125
1 0.4984375 0.4953125 0.0125 0.04375
0 0.4984375 0.478125 0.003125 0.0046875
1 0.478125 0.49375 0.0140625 0.0453125
0 0.4796875 0.475 0.0046875 0.00625
1 0.4359375 0.49375 0.0140625 0.0453125
0 0.4375 0.4765625 0.0046875 0.00625
1 0.428125 0.49375 0.0125 0.04375
0 0.428125 0.4765625 0.00625 0.00625