1 0.8984375 0.559375 0.13125 0.4578125
0 0.8859375 0.3703125 0.0546875 0.065625
1 0.8015625 0.5625 0.153125 0.440625
0 0.796875 0.3828125 0.0515625 0.0671875
1 0.73125 0.5578125 0.184375 0.4234375
0 0.7375 0.39375 0.059375 0.075
1 0.7109375 0.525 0.128125 0.434375
0 0.690625 0.3484375 0.0515625 0.0671875
1 0.634375 0.5625 0.096875 0.4
0 0.625 0.421875 0.05625 0.0640625
1 0.640625 0.5703125 0.1265625 0.38125
0 0.6234375 0.421875 0.0546875 0.0671875
1 0.5859375 0.5484375 0.0890625 0.4234375
0 0.58125 0.371875 0.046875 0.059375
1 0.5203125 0.5640625 0.1359375 0.421875
0 0.509375 0.3953125 0.05625 0.0671875
1 0.51875 0.5140625 0.1421875 0.496875
0 0.5203125 0.3046875 0.0484375 0.0578125
1 0.453125 0.53125 0.0984375 0.440625
0 0.4515625 0.346875 0.0484375 0.0578125
1 0.421875 0.559375 0.14375 0.4375
0 0.41875 0.4015625 0.053125 0.0734375
1 0.34375 0.5390625 0.125 0.48125
0 0.3390625 0.3375 0.0578125 0.06875
1 0.3515625 0.521875 0.1421875 0.50625
0 0.365625 0.303125 0.0515625 0.0578125
1 0.2484375 0.5609375 0.1453125 0.46875
0 0.25625 0.3671875 0.0546875 0.0671875
1 0.115625 0.5984375 0.228125 0.3875
0 0.175 0.446875 0.0625 0.0796875
1 0.1484375 0.625 0.275 0.290625
0 0.203125 0.525 0.059375 0.0796875
1 0.2734375 0.603125 0.15 0.371875
0 0.284375 0.4609375 0.0578125 0.078125
1 0.4015625 0.6125 0.171875 0.340625
0 0.3765625 0.4890625 0.0640625 0.0765625
1 0.5109375 0.621875 0.1265625 0.309375
0 0.503125 0.50625 0.0515625 0.0703125
1 0.5984375 0.61875 0.159375 0.2953125
0 0.5859375 0.5125 0.0546875 0.0671875
1 0.7265625 0.6453125 0.146875 0.346875
0 0.721875 0.5125 0.059375 0.071875
1 0.8875 0.696875 0.2140625 0.3171875
0 0.853125 0.578125 0.0640625 0.071875
1 0.1578125 0.7234375 0.2125 0.328125
0 0.1796875 0.6046875 0.0640625 0.071875
1 0.2671875 0.6765625 0.171875 0.3
0 0.2671875 0.5734375 0.0578125 0.075
1 0.3296875 0.7265625 0.2 0.334375
0 0.3640625 0.6046875 0.0640625 0.08125
1 0.5359375 0.6953125 0.2515625 0.2875
0 0.4984375 0.5984375 0.059375 0.08125
1 0.6921875 0.75625 0.3875 0.4
0 0.6421875 0.6046875 0.071875 0.0875
1 0.3546875 0.64375 0.1796875 0.321875
0 0.3390625 0.5234375 0.059375 0.071875
1 0.6140625 0.3609375 0.0125 0.0390625
0 0.6125 0.346875 0.0046875 0.0046875