1 0.1078125 0.590625 0.15 0.33125
0 0.1296875 0.45625 0.0359375 0.0453125
1 0.1390625 0.5546875 0.1234375 0.45
0 0.153125 0.375 0.0515625 0.0578125
1 0.346875 0.58125 0.2265625 0.3953125
0 0.33125 0.3921875 0.06875 0.08125
1 0.5625 0.5796875 0.15 0.3984375
0 0.55625 0.38125 0.075 0.0828125
1 0.6375 0.5140625 0.1296875 0.43125
0 0.6265625 0.3296875 0.04375 0.053125
1 0.778125 0.5015625 0.1390625 0.4296875
0 0.784375 0.3234375 0.0515625 0.0640625
1 0.8546875 0.5734375 0.13125 0.4125
0 0.846875 0.4078125 0.065625 0.075
1 0.021875 0.5765625 0.040625 0.31875
0 0.009375 0.4453125 0.0171875 0.0375