1 0.8046875 0.6484375 0.3828125 0.296875
0 0.9109375 0.4390625 0.14375 0.1671875
1 0.83125 0.61875 0.2515625 0.3546875
0 0.85 0.4078125 0.109375 0.1390625
1 0.4859375 0.6484375 0.3734375 0.296875
0 0.440625 0.35 0.1046875 0.134375
1 0.13125 0.5875 0.25625 0.4171875
0 0.05625 0.29375 0.109375 0.1421875
1 0.31875 0.571875 0.259375 0.45
0 0.30625 0.309375 0.084375 0.121875
1 0.4125 0.5328125 0.2 0.528125
0 0.4078125 0.26875 0.084375 0.1171875
1 0.5859375 0.5546875 0.2640625 0.484375
0 0.584375 0.28125 0.09375 0.125
1 0.728125 0.55 0.225 0.4921875
0 0.734375 0.271875 0.0875 0.115625
1 0.909375 0.5640625 0.175 0.4640625
0 0.90625 0.290625 0.0921875 0.1203125