1 0.571875 0.6640625 0.35 0.33125
0 0.5578125 0.5796875 0.10625 0.134375
1 0.8296875 0.65625 0.3328125 0.3453125
0 0.834375 0.5484375 0.125 0.140625
1 0.746875 0.621875 0.2515625 0.4109375
0 0.7453125 0.4703125 0.08125 0.084375
1 0 0.165625 0 0
0 0.5421875 0.459375 0.08125 0.0953125
1 0.3890625 0.540625 0.1578125 0.4859375
0 0.3875 0.3421875 0.0703125 0.0796875
1 0.3015625 0.4953125 0.1859375 0.5546875
0 0.303125 0.2515625 0.05625 0.059375
1 0.1203125 0.503125 0.2328125 0.3703125
0 0.1578125 0.3515625 0.04375 0.0515625
1 0.071875 0.496875 0.1359375 0.234375
0 0.0390625 0.4109375 0.040625 0.0375
1 0.1890625 0.471875 0.0828125 0.3015625
0 0.18125 0.346875 0.0390625 0.0453125
1 0.2421875 0.503125 0.090625 0.4078125
0 0.2453125 0.3234375 0.0359375 0.034375