1 0.090625 0.715625 0.1796875 0.3125
0 0.0734375 0.628125 0.1 0.125
1 0.278125 0.7984375 0.140625 0.1484375
0 0.2875 0.7609375 0.046875 0.053125
1 0.4140625 0.796875 0.1171875 0.15
0 0.4125 0.74375 0.0359375 0.04375
1 0.459375 0.7953125 0.1046875 0.1546875
0 0.446875 0.7375 0.034375 0.0390625
1 0.4953125 0.7890625 0.140625 0.1671875
0 0.4484375 0.734375 0.034375 0.0421875
1 0.6125 0.746875 0.1140625 0.25
0 0.6296875 0.6640625 0.03125 0.040625
1 0.6984375 0.71875 0.1671875 0.30625
0 0.7296875 0.61875 0.0796875 0.1015625
1 0.8734375 0.715625 0.246875 0.3125
0 0.8921875 0.7296875 0.209375 0.24375