1 0.075 0.35 0.0765625 0.2625
0 0.06875 0.23125 0.0390625 0.021875
1 0.06875 0.6375 0.1375 0.2828125
0 0.0546875 0.5421875 0.05625 0.0796875
1 0.1734375 0.665625 0.153125 0.2265625
0 0.159375 0.696875 0.0875 0.0890625
1 0.2421875 0.6625 0.1625 0.2328125
0 0.240625 0.6234375 0.0703125 0.0828125
1 0.478125 0.646875 0.2015625 0.2640625
0 0.46875 0.5609375 0.0671875 0.0859375
1 0.6640625 0.65 0.2140625 0.259375
0 0.6484375 0.5984375 0.075 0.1015625
1 0.8125 0.6546875 0.1890625 0.2484375
0 0.8203125 0.596875 0.075 0.0953125
1 0.8765625 0.6390625 0.24375 0.2796875
0 0.8203125 0.6 0.075 0.096875
1 0.8171875 0.64375 0.2 0.2703125
0 0.81875 0.596875 0.0765625 0.0953125
1 0.959375 0.6109375 0.078125 0.3359375
0 0.9859375 0.48125 0.025 0.0703125
1 0.85625 0.6171875 0.121875 0.3234375
0 0.8609375 0.4875 0.0484375 0.059375
1 0.8125 0.6125 0.1640625 0.334375
0 0.8078125 0.4859375 0.0671875 0.08125
1 0.678125 0.628125 0.2546875 0.303125
0 0.721875 0.5265625 0.0609375 0.090625
1 0.5640625 0.634375 0.1515625 0.2890625
0 0.578125 0.53125 0.0625 0.075
1 0.3 0.6359375 0.1390625 0.2859375
0 0.28125 0.53125 0.0515625 0.06875
1 0.25 0.6546875 0.159375 0.2484375
0 0.2484375 0.5875 0.071875 0.1
1 0.19375 0.6453125 0.13125 0.26875
0 0.2015625 0.55 0.0546875 0.0671875
1 0.203125 0.6234375 0.1578125 0.3109375
0 0.2046875 0.5125 0.0578125 0.078125
1 0.0671875 0.6234375 0.134375 0.3109375
0 0.0546875 0.5015625 0.0609375 0.065625
1 0.55625 0.609375 0.121875 0.3390625
0 0.5484375 0.478125 0.0625 0.06875
1 0.6875 0.5890625 0.1578125 0.38125
0 0.6890625 0.4359375 0.0515625 0.0625
1 0.4640625 0.5828125 0.13125 0.384375
0 0.459375 0.425 0.0484375 0.05625
1 0.35625 0.575 0.1515625 0.4078125
0 0.3546875 0.4109375 0.0578125 0.0765625
1 0.2765625 0.571875 0.128125 0.31875
0 0.2796875 0.44375 0.040625 0.0640625
1 0.0984375 0.484375 0.0875 0.315625
0 0.1046875 0.3546875 0.04375 0.046875
1 0.1453125 0.50625 0.1453125 0.3625
0 0.1296875 0.3625 0.04375 0.0578125
1 0.2375 0.5515625 0.146875 0.38125
0 0.2515625 0.39375 0.0484375 0.053125
1 0.3015625 0.4734375 0.125 0.353125
0 0.3125 0.3234375 0.0421875 0.05
1 0.3734375 0.45 0.109375 0.3203125
0 0.3765625 0.3203125 0.040625 0.053125
1 0.44375 0.4609375 0.1234375 0.35
0 0.4390625 0.3171875 0.0421875 0.0546875
1 0.5109375 0.56875 0.11875 0.35625
0 0.509375 0.4265625 0.0515625 0.059375
1 0.5328125 0.46875 0.109375 0.340625
0 0.525 0.3390625 0.0515625 0.0625
1 0.63125 0.546875 0.1140625 0.3390625
0 0.628125 0.4125 0.046875 0.0640625
1 0.8 0.5359375 0.14375 0.3609375
0 0.7921875 0.3890625 0.0515625 0.059375
1 0.959375 0.6109375 0.0765625 0.3375
0 0.9859375 0.4796875 0.025 0.0671875
1 0.93125 0.5140625 0.134375 0.3890625
0 0.9734375 0.35625 0.05 0.0703125
1 0.8359375 0.5140625 0.1140625 0.3890625
0 0.8421875 0.3546875 0.05 0.053125
1 0.9453125 0.475 0.1046875 0.3625
0 0.975 0.3234375 0.046875 0.0515625
1 0.8078125 0.3796875 0.1046875 0.321875
0 0.8265625 0.2859375 0.0375 0.04375
1 0.590625 0.390625 0.1 0.3109375
0 0.5890625 0.2671875 0.040625 0.046875
1 0.3765625 0.375 0.1 0.3125
0 0.384375 0.24375 0.05 0.046875
1 0.659375 0.6609375 0.20625 0.2359375
0 0.65 0.5984375 0.075 0.10625
1 0.23125 0.3765625 0.090625 0.2578125
0 0.2484375 0.2796875 0.0359375 0.0390625
1 0.3171875 0.34375 0.1015625 0.2484375
0 0.334375 0.2328125 0.0359375 0.0265625
1 0.375 0.3609375 0.1078125 0.284375
0 0.3859375 0.24375 0.04375 0.046875
1 0.434375 0.390625 0.1109375 0.303125
0 0.4234375 0.2671875 0.0375 0.0421875
1 0.5203125 0.3703125 0.1078125 0.3015625
0 0.5375 0.246875 0.03125 0.0421875
1 0.6171875 0.5125 0.13125 0.359375
0 0.6390625 0.3734375 0.053125 0.0671875
1 0.6953125 0.5328125 0.1234375 0.33125
0 0.6953125 0.4 0.0515625 0.0546875
1 0.86875 0.4921875 0.121875 0.3203125
0 0.871875 0.3609375 0.0390625 0.0453125