1 0.3671875 0.728125 0.153125 0.278125
0 0.3671875 0.609375 0.0296875 0.0296875
1 0.4046875 0.653125 0.03125 0.0625
0 0.403125 0.628125 0.00625 0.009375
1 0.43125 0.65625 0.01875 0.0453125
0 0.43125 0.63125 0.00625 0.00625
1 0.44375 0.6578125 0.0265625 0.0703125
0 0.4453125 0.6328125 0.00625 0.0078125
1 0.4578125 0.6734375 0.040625 0.103125
0 0.459375 0.63125 0.0109375 0.015625
1 0.4640625 0.6609375 0.028125 0.071875
0 0.465625 0.63125 0.0109375 0.0109375
1 0.4875 0.64375 0.0171875 0.0453125
0 0.4875 0.628125 0.0046875 0.0046875
1 0.5046875 0.671875 0.034375 0.109375
0 0.5015625 0.6265625 0.0109375 0.0140625
1 0.5171875 0.6640625 0.0203125 0.0734375
0 0.5125 0.6328125 0.0078125 0.0078125
1 0.54375 0.678125 0.053125 0.1375
0 0.546875 0.6203125 0.0125 0.0125
1 0.5703125 0.6609375 0.0375 0.08125
0 0.559375 0.625 0.009375 0.0125
1 0.59375 0.68125 0.040625 0.125
0 0.59375 0.628125 0.0140625 0.0125
1 0.615625 0.71875 0.0875 0.2421875
0 0.621875 0.6203125 0.0265625 0.0296875