1 0.7265625 0.5734375 0.4328125 0.5796875
0 0.6859375 0.353125 0.1234375 0.128125
1 0.496875 0.5984375 0.3453125 0.5171875
0 0.51875 0.3890625 0.0796875 0.09375
1 0.3890625 0.578125 0.203125 0.38125
0 0.425 0.43125 0.0484375 0.065625
1 0.325 0.56875 0.1765625 0.325
0 0.35 0.4421875 0.0515625 0.0578125
1 0.2515625 0.578125 0.203125 0.353125
0 0.3125 0.446875 0.0453125 0.059375
1 0.225 0.5765625 0.175 0.278125
0 0.2203125 0.4625 0.05 0.0484375
1 0.190625 0.5375 0.0953125 0.228125
0 0.1640625 0.453125 0.028125 0.028125