1 0.0796875 0.5390625 0.0859375 0.284375
0 0.078125 0.41875 0.0359375 0.0375
1 0.1078125 0.5328125 0.078125 0.2796875
0 0.109375 0.415625 0.0359375 0.040625
1 0.1625 0.5296875 0.084375 0.2578125
0 0.1625 0.4234375 0.0328125 0.0421875
1 0.23125 0.4953125 0.0921875 0.259375
0 0.2375 0.390625 0.034375 0.04375
1 0.2234375 0.5328125 0.0703125 0.2671875
0 0.2265625 0.425 0.03125 0.0453125
1 0.26875 0.534375 0.071875 0.240625
0 0.2671875 0.440625 0.0328125 0.0453125
1 0.2828125 0.50625 0.08125 0.2484375
0 0.2828125 0.4015625 0.03125 0.0421875
1 0.3234375 0.4953125 0.0765625 0.2421875
0 0.321875 0.396875 0.03125 0.0375
1 0.3265625 0.534375 0.075 0.2296875
0 0.321875 0.4453125 0.0328125 0.04375
1 0.35625 0.5171875 0.071875 0.2390625
0 0.3578125 0.421875 0.0296875 0.0390625
1 0.3703125 0.4890625 0.084375 0.26875
0 0.3765625 0.3796875 0.0296875 0.0359375
1 0.4125 0.5140625 0.0734375 0.25
0 0.4203125 0.415625 0.034375 0.046875
1 0.43125 0.51875 0.0640625 0.225
0 0.440625 0.4296875 0.0296875 0.0375
1 0.4296875 0.490625 0.0640625 0.2359375
0 0.43125 0.3953125 0.0265625 0.0328125
1 0.4625 0.490625 0.0671875 0.2578125
0 0.465625 0.3828125 0.0296875 0.0390625
1 0.478125 0.5390625 0.071875 0.2421875
0 0.478125 0.440625 0.03125 0.0390625
1 0.50625 0.509375 0.0671875 0.265625
0 0.5046875 0.4 0.03125 0.0375
1 0.553125 0.5296875 0.0921875 0.246875
0 0.5375 0.43125 0.0265625 0.034375
1 0.528125 0.459375 0.0796875 0.246875
0 0.534375 0.3578125 0.0296875 0.0390625
1 0.5765625 0.4984375 0.078125 0.275
0 0.575 0.3890625 0.03125 0.0390625
1 0.6203125 0.51875 0.0984375 0.2828125
0 0.625 0.4046875 0.0375 0.046875
1 0.6109375 0.4828125 0.0625 0.2390625
0 0.6046875 0.3828125 0.0296875 0.0375
1 0.6546875 0.4875 0.0578125 0.234375
0 0.659375 0.3921875 0.0328125 0.040625
1 0.66875 0.4640625 0.065625 0.2265625
0 0.6734375 0.3765625 0.0265625 0.03125
1 0.690625 0.4828125 0.0625 0.2265625
0 0.6921875 0.3890625 0.0296875 0.0375
1 0.6859375 0.5328125 0.065625 0.25
0 0.6875 0.4296875 0.03125 0.0390625
1 0.7234375 0.5109375 0.065625 0.253125
0 0.721875 0.409375 0.0359375 0.0421875
1 0.746875 0.4859375 0.0671875 0.25
0 0.74375 0.3828125 0.0328125 0.0390625
1 0.7453125 0.5421875 0.06875 0.246875
0 0.7421875 0.4453125 0.034375 0.0453125
1 0.796875 0.546875 0.06875 0.2453125
0 0.784375 0.45 0.0375 0.0453125
1 0.7921875 0.50625 0.059375 0.2515625
0 0.7859375 0.4078125 0.034375 0.040625
1 0.821875 0.521875 0.0609375 0.2703125
0 0.8171875 0.409375 0.0296875 0.0390625
1 0.8734375 0.534375 0.09375 0.2859375
0 0.8546875 0.4140625 0.0359375 0.0453125
1 0.903125 0.5109375 0.090625 0.315625
0 0.9015625 0.38125 0.0359375 0.0453125
1 0.9453125 0.5375 0.1046875 0.2671875
0 0.9171875 0.4328125 0.034375 0.053125
1 0.98125 0.5 0.0328125 0.2390625
0 0.990625 0.403125 0.015625 0.0359375
1 0.796875 0.690625 0.1328125 0.3390625
0 0.775 0.5484375 0.04375 0.046875
1 0.6984375 0.684375 0.0953125 0.3125
0 0.6984375 0.5578125 0.0375 0.0515625
1 0.621875 0.6390625 0.1125 0.24375
0 0.6109375 0.5453125 0.0390625 0.046875
1 0.5390625 0.6375 0.0796875 0.221875
0 0.5328125 0.55 0.0296875 0.0453125
1 0.4734375 0.6640625 0.06875 0.2734375
0 0.4765625 0.5546875 0.034375 0.0484375
1 0.3890625 0.6421875 0.1140625 0.209375
0 0.4015625 0.565625 0.0328125 0.046875
1 0.3296875 0.628125 0.090625 0.1765625
0 0.3375 0.565625 0.0328125 0.05
1 0.2515625 0.640625 0.096875 0.2125
0 0.265625 0.559375 0.03125 0.046875
1 0.18125 0.6203125 0.1171875 0.1671875
0 0.1890625 0.5609375 0.034375 0.046875
1 0.0703125 0.621875 0.1375 0.1828125
0 0.0953125 0.5578125 0.0390625 0.05
1 0.5375 0.50625 0.0671875 0.2453125
0 0.534375 0.403125 0.0265625 0.0328125