1 0.065625 0.465625 0.128125 0.5265625
0 0.0453125 0.2421875 0.0546875 0.0640625
1 0.075 0.4859375 0.1484375 0.490625
0 0.0703125 0.28125 0.0578125 0.0734375
1 0.1484375 0.534375 0.2015625 0.5921875
0 0.15 0.2921875 0.059375 0.0875
1 0.1421875 0.6640625 0.284375 0.33125
0 0.0875 0.609375 0.153125 0.1640625
1 0.2890625 0.6640625 0.3 0.33125
0 0.3015625 0.5953125 0.1140625 0.146875
1 0.2765625 0.5609375 0.190625 0.5375
0 0.28125 0.3484375 0.0609375 0.0921875
1 0.35625 0.45625 0.134375 0.4578125
0 0.3671875 0.2609375 0.05 0.0640625
1 0.440625 0.4625 0.1859375 0.4375
0 0.4265625 0.284375 0.0609375 0.071875
1 0.5140625 0.540625 0.2328125 0.578125
0 0.5125 0.3078125 0.08125 0.090625
1 0.49375 0.6 0.2421875 0.4609375
0 0.503125 0.425 0.0796875 0.109375
1 0.590625 0.578125 0.2421875 0.5015625
0 0.59375 0.3875 0.06875 0.09375
1 0.5640625 0.496875 0.184375 0.5328125
0 0.553125 0.28125 0.06875 0.0875
1 0.6125 0.4734375 0.13125 0.4515625
0 0.6046875 0.2875 0.059375 0.0765625
1 0.69375 0.478125 0.1984375 0.459375
0 0.6578125 0.2828125 0.053125 0.0671875
1 0.73125 0.4125 0.121875 0.40625
0 0.7296875 0.2390625 0.0421875 0.053125
1 0.834375 0.4453125 0.165625 0.44375
0 0.8328125 0.2609375 0.046875 0.0578125
1 0.8109375 0.58125 0.234375 0.4984375
0 0.796875 0.396875 0.09375 0.1171875
1 0.921875 0.4953125 0.1515625 0.465625
0 0.94375 0.303125 0.053125 0.0734375
1 0.8125 0.496875 0.1484375 0.425
0 0.8078125 0.33125 0.05 0.0671875
1 0.7953125 0.6640625 0.4046875 0.33125
0 0.8109375 0.5953125 0.171875 0.171875