1 0.91875 0.5375 0.015625 0.034375
0 0.91875 0.5265625 0.009375 0.0078125
1 0.890625 0.5328125 0.01875 0.0640625
0 0.89375 0.5078125 0.009375 0.0109375
1 0.8375 0.5140625 0.034375 0.1453125
0 0.84375 0.45625 0.01875 0.021875
1 0.7984375 0.5203125 0.034375 0.115625
0 0.796875 0.4765625 0.01875 0.0203125
1 0.6953125 0.45625 0.225 0.559375
0 0.6828125 0.2109375 0.0578125 0.065625
1 0.515625 0.4671875 0.1328125 0.3671875
0 0.5265625 0.3046875 0.040625 0.0390625
1 0.5609375 0.4515625 0.0828125 0.265625
0 0.578125 0.3375 0.0296875 0.028125