1 0.0859375 0.5171875 0.165625 0.70625
0 0.084375 0.3515625 0.103125 0.1171875
1 0.234375 0.584375 0.33125 0.5734375
0 0.2109375 0.3859375 0.065625 0.08125
1 0.3859375 0.5890625 0.2625 0.534375
0 0.384375 0.384375 0.0625 0.071875
1 0.29375 0.61875 0.2875 0.503125
0 0.325 0.4609375 0.0734375 0.096875
1 0.5609375 0.6828125 0.371875 0.375
0 0.5578125 0.5875 0.071875 0.090625
1 0.5640625 0.5703125 0.203125 0.4859375
0 0.56875 0.3765625 0.05625 0.075
1 0.7765625 0.5875 0.390625 0.51875
0 0.7125 0.3734375 0.0609375 0.078125
1 0.859375 0.5453125 0.2328125 0.540625
0 0.846875 0.3921875 0.065625 0.075
1 0.7296875 0.63125 0.2515625 0.478125
0 0.7734375 0.490625 0.0703125 0.08125
1 0.88125 0.659375 0.2296875 0.421875
0 0.834375 0.4953125 0.0734375 0.08125