1 0.225 0.6421875 0.0359375 0.103125
0 0.225 0.5984375 0.0109375 0.0140625
1 0.21875 0.6109375 0.03125 0.075
0 0.2234375 0.5796875 0.009375 0.0109375
1 0.24375 0.6109375 0.0171875 0.053125
0 0.246875 0.590625 0.0078125 0.0078125
1 0.2546875 0.6046875 0.015625 0.0546875
0 0.2546875 0.5828125 0.0078125 0.0078125
1 0.275 0.609375 0.025 0.0625
0 0.275 0.584375 0.0078125 0.0078125
1 0.3015625 0.603125 0.0203125 0.0546875
0 0.309375 0.58125 0.0046875 0.00625
1 0.3171875 0.6046875 0.015625 0.0515625
0 0.315625 0.5828125 0.00625 0.00625
1 0.3265625 0.603125 0.0140625 0.05
0 0.328125 0.584375 0.009375 0.0078125
1 0.359375 0.628125 0.021875 0.084375
0 0.3546875 0.5921875 0.0125 0.0140625
1 0.33125 0.7046875 0.0796875 0.2234375
0 0.33125 0.609375 0.028125 0.028125
1 0.3734375 0.64375 0.0375 0.0921875
0 0.3828125 0.6015625 0.009375 0.009375
1 0.403125 0.6078125 0.0296875 0.059375
0 0.40625 0.584375 0.00625 0.0078125
1 0.4265625 0.6125 0.0265625 0.0625
0 0.425 0.5875 0.009375 0.009375
1 0.440625 0.609375 0.03125 0.0625
0 0.4390625 0.584375 0.009375 0.009375
1 0.4796875 0.60625 0.021875 0.053125
0 0.478125 0.5859375 0.00625 0.0078125
1 0.5015625 0.615625 0.0359375 0.0921875
0 0.503125 0.5765625 0.0125 0.0125
1 0.5234375 0.6734375 0.0578125 0.1890625
0 0.525 0.59375 0.0203125 0.028125
1 0.575 0.6296875 0.0515625 0.09375
0 0.5765625 0.5921875 0.0125 0.0140625
1 0.5453125 0.6 0.0125 0.0359375
0 0.5453125 0.584375 0.0046875 0.0046875
1 0.55625 0.59375 0.009375 0.0265625
0 0.55625 0.584375 0.003125 0.003125
1 0.553125 0.59375 0.0078125 0.0265625
0 0.553125 0.5859375 0.0015625 0.003125
1 0.6015625 0.6140625 0.025 0.075
0 0.6 0.584375 0.0078125 0.0109375
1 0.6203125 0.6140625 0.028125 0.078125
0 0.6140625 0.584375 0.009375 0.009375
1 0.6453125 0.6109375 0.0296875 0.075
0 0.6453125 0.5796875 0.009375 0.0109375
1 0.6453125 0.6046875 0.0265625 0.075
0 0.646875 0.5734375 0.009375 0.009375
1 0.6703125 0.6359375 0.0359375 0.0984375
0 0.6671875 0.5953125 0.0125 0.015625
1 0.6796875 0.6296875 0.021875 0.0859375
0 0.678125 0.5953125 0.0109375 0.0109375
1 0.734375 0.7078125 0.0921875 0.2546875
0 0.7375 0.6015625 0.025 0.034375
1 0.8296875 0.70625 0.0953125 0.26875
0 0.8234375 0.5953125 0.0296875 0.034375
1 0.96875 0.615625 0.0578125 0.1515625
0 0.9609375 0.5546875 0.021875 0.025
1 0.89375 0.6265625 0.0171875 0.0796875
0 0.8921875 0.5953125 0.0109375 0.0109375
1 0.875 0.6203125 0.0328125 0.1
0 0.875 0.584375 0.0140625 0.0109375
1 0.5625 0.59375 0.0078125 0.021875
0 0.5625 0.5859375 0.0015625 0.003125