1 0.9 0.6328125 0.146875 0.1328125
0 0.8515625 0.590625 0.04375 0.0359375
1 0.775 0.51875 0.1296875 0.3859375
0 0.7875 0.3609375 0.046875 0.065625
1 0.671875 0.5375 0.1328125 0.2921875
0 0.6703125 0.4234375 0.0359375 0.0484375
1 0.6390625 0.5546875 0.0828125 0.0875
0 0.621875 0.5296875 0.0359375 0.03125
1 0.5421875 0.5328125 0.13125 0.2921875
0 0.5640625 0.4125 0.0375 0.0515625
1 0.5765625 0.4828125 0.0953125 0.2390625
0 0.565625 0.384375 0.0265625 0.0328125
1 0.4671875 0.4984375 0.1203125 0.240625
0 0.471875 0.4 0.03125 0.0375
1 0.434375 0.5421875 0.1625 0.221875
0 0.4890625 0.46875 0.0453125 0.046875
1 0.4375 0.5453125 0.0765625 0.140625
0 0.45625 0.5 0.0328125 0.040625
1 0.39375 0.496875 0.0546875 0.209375
0 0.403125 0.4140625 0.0296875 0.0390625
1 0.3421875 0.5203125 0.053125 0.096875
0 0.35 0.4875 0.0234375 0.028125
1 0.29375 0.4765625 0.1015625 0.2
0 0.2859375 0.396875 0.028125 0.0359375
1 0.228125 0.4796875 0.1546875 0.2765625
0 0.2234375 0.365625 0.0328125 0.0421875
1 0.1671875 0.4703125 0.084375 0.2328125
0 0.1875 0.375 0.0296875 0.0359375
1 0.1453125 0.465625 0.05 0.171875
0 0.15 0.3953125 0.0203125 0.0265625