1 0.746875 0.559375 0.146875 0.265625
0 0.7515625 0.4515625 0.0375 0.04375
1 0.5328125 0.49375 0.05 0.1546875
0 0.54375 0.4328125 0.0203125 0.0265625
1 0.409375 0.4921875 0.075 0.1875
0 0.4046875 0.41875 0.0203125 0.0265625
1 0.4359375 0.478125 0.065625 0.1359375
0 0.421875 0.4203125 0.015625 0.0171875
1 0.3828125 0.478125 0.0578125 0.1578125
0 0.390625 0.4109375 0.0171875 0.0203125
1 0.3265625 0.4890625 0.075 0.1828125
0 0.3265625 0.4140625 0.021875 0.0296875
1 0.25625 0.5109375 0.084375 0.203125
0 0.2515625 0.43125 0.03125 0.0375
1 0.30625 0.4828125 0.059375 0.1453125
0 0.3078125 0.425 0.0203125 0.021875
1 0.2734375 0.446875 0.01875 0.046875
0 0.2734375 0.4296875 0.0046875 0.0078125
1 0.2328125 0.4421875 0.015625 0.0421875
0 0.234375 0.425 0.00625 0.00625