1 0.01875 0.609375 0.034375 0.1984375
0 0.01875 0.525 0.021875 0.0234375
1 0.021875 0.6171875 0.040625 0.1953125
0 0.0265625 0.5359375 0.028125 0.0296875
1 0.046875 0.621875 0.08125 0.2453125
0 0.059375 0.5203125 0.03125 0.034375
1 0.0875 0.6484375 0.1 0.2890625
0 0.1046875 0.525 0.03125 0.0375
1 0.1546875 0.634375 0.075 0.2453125
0 0.1546875 0.53125 0.034375 0.0328125
1 0.2 0.60625 0.0625 0.2109375
0 0.2 0.5140625 0.021875 0.025
1 0.2390625 0.6265625 0.0953125 0.25625
0 0.246875 0.5171875 0.028125 0.034375
1 0.2578125 0.60625 0.0703125 0.2171875
0 0.2703125 0.5140625 0.021875 0.03125
1 0.2796875 0.590625 0.05 0.1578125
0 0.2796875 0.5234375 0.0140625 0.01875
1 0.296875 0.6046875 0.0453125 0.159375
0 0.3015625 0.5375 0.015625 0.0203125
1 0.3265625 0.6140625 0.0609375 0.1953125
0 0.33125 0.53125 0.0203125 0.025
1 0.3671875 0.628125 0.0796875 0.215625
0 0.3765625 0.540625 0.025 0.0265625
1 0.3890625 0.6015625 0.0625 0.1640625
0 0.3828125 0.534375 0.0203125 0.0234375
1 0.434375 0.61875 0.071875 0.2265625
0 0.4453125 0.521875 0.021875 0.0265625
1 0.4640625 0.6203125 0.1 0.240625
0 0.45625 0.515625 0.0265625 0.028125
1 0.471875 0.596875 0.0515625 0.184375
0 0.475 0.5171875 0.0140625 0.0203125
1 0.509375 0.609375 0.065625 0.1828125
0 0.503125 0.534375 0.0171875 0.0234375
1 0.5296875 0.60625 0.0484375 0.15625
0 0.5328125 0.540625 0.0140625 0.01875
1 0.596875 0.5984375 0.0640625 0.1625
0 0.5921875 0.5296875 0.0171875 0.021875
1 0.6484375 0.6125 0.071875 0.1765625
0 0.6578125 0.5453125 0.021875 0.025
1 0.7109375 0.6125 0.0734375 0.1953125
0 0.7078125 0.534375 0.0234375 0.0296875
1 0.7796875 0.5703125 0.1234375 0.4265625
0 0.78125 0.390625 0.05625 0.05625