1 0.525 0.740625 0.03125 0.0953125
0 0.525 0.703125 0.0125 0.0125
1 0.559375 0.76875 0.0515625 0.1203125
0 0.559375 0.725 0.0234375 0.021875
1 0.609375 0.7859375 0.0625 0.084375
0 0.609375 0.7578125 0.0171875 0.021875
1 0.5734375 0.740625 0.034375 0.090625
0 0.5765625 0.7046875 0.0125 0.015625
1 0.59375 0.7609375 0.03125 0.1
0 0.59375 0.721875 0.015625 0.015625
1 0.609375 0.7375 0.03125 0.0484375
0 0.609375 0.721875 0.009375 0.0125
1 0.625 0.7640625 0.03125 0.1109375
0 0.625 0.721875 0.0140625 0.0171875
1 0.64375 0.7671875 0.0265625 0.1
0 0.64375 0.728125 0.0125 0.0125
1 0.6515625 0.7546875 0.025 0.09375
0 0.6515625 0.715625 0.0078125 0.00625
1 0.65625 0.76875 0.0375 0.1046875
0 0.653125 0.728125 0.0125 0.0125
1 0.665625 0.7640625 0.025 0.1
0 0.6640625 0.7234375 0.0125 0.0125
1 0.6765625 0.7359375 0.021875 0.0609375
0 0.6765625 0.7125 0.009375 0.0109375
1 0.6875 0.7515625 0.0265625 0.053125
0 0.6859375 0.7296875 0.009375 0.00625
1 0.696875 0.7625 0.0265625 0.1
0 0.6984375 0.721875 0.0125 0.0125
1 0.7046875 0.7671875 0.05 0.10625
0 0.70625 0.725 0.0125 0.015625
1 0.73125 0.7609375 0.0390625 0.1
0 0.721875 0.71875 0.0125 0.0125
1 0.7640625 0.7546875 0.034375 0.0921875
0 0.7640625 0.7171875 0.0125 0.015625
1 0.7796875 0.725 0.009375 0.028125
0 0.7765625 0.7140625 0.0015625 0.0015625
1 0.79375 0.7546875 0.0296875 0.084375
0 0.79375 0.721875 0.0125 0.0125
1 0.8 0.734375 0.025 0.0515625
0 0.796875 0.715625 0.00625 0.00625
1 0.8421875 0.753125 0.0375 0.0953125
0 0.8359375 0.7140625 0.009375 0.0125
1 0.846875 0.771875 0.046875 0.1125
0 0.853125 0.7328125 0.0171875 0.01875
1 0.5203125 0.7671875 0.0421875 0.121875
0 0.51875 0.721875 0.01875 0.021875