1 0.0796875 0.5796875 0.1546875 0.3953125
0 0.103125 0.35 0.0890625 0.115625
1 0.16875 0.559375 0.171875 0.4359375
0 0.1875 0.353125 0.0796875 0.0984375
1 0.246875 0.5828125 0.190625 0.3875
0 0.259375 0.428125 0.075 0.0984375
1 0.2984375 0.534375 0.153125 0.484375
0 0.30625 0.34375 0.0609375 0.084375
1 0.309375 0.5734375 0.2921875 0.4078125
0 0.3671875 0.4046875 0.0671875 0.0921875
1 0.4484375 0.5359375 0.1921875 0.48125
0 0.4484375 0.309375 0.071875 0.0859375
1 0.4875 0.5671875 0.1734375 0.4203125
0 0.4765625 0.409375 0.0609375 0.0859375
1 0.5984375 0.540625 0.1546875 0.4734375
0 0.6 0.3515625 0.065625 0.0859375
1 0.6390625 0.571875 0.1859375 0.409375
0 0.6484375 0.4078125 0.0609375 0.0828125
1 0.71875 0.5421875 0.15 0.4703125
0 0.721875 0.353125 0.071875 0.084375
1 0.76875 0.575 0.1546875 0.4046875
0 0.7625 0.409375 0.0609375 0.0875
1 0.828125 0.5484375 0.1859375 0.4578125
0 0.796875 0.3140625 0.0625 0.084375
1 0.9046875 0.5578125 0.1859375 0.4390625
0 0.9046875 0.35 0.078125 0.1015625