1 0.3921875 0.3734375 0.1109375 0.4171875
0 0.3828125 0.1984375 0.0546875 0.065625
1 0.246875 0.4 0.209375 0.4703125
0 0.221875 0.1796875 0.0515625 0.028125
1 0.1828125 0.3640625 0.15625 0.396875
0 0.1765625 0.1890625 0.0390625 0.0453125
1 0.4984375 0.46875 0.2609375 0.3265625
0 0.6 0.340625 0.05 0.0671875
1 0.5640625 0.4703125 0.2734375 0.43125
0 0.640625 0.2984375 0.0671875 0.0828125
1 0.6765625 0.5078125 0.2703125 0.5625
0 0.7390625 0.2875 0.09375 0.1125
1 0.7671875 0.5796875 0.3265625 0.475
0 0.8015625 0.403125 0.10625 0.125
1 0.890625 0.6 0.215625 0.4609375
0 0.903125 0.2375 0.1921875 0.1453125
1 0.06171875 0.46171875 0.1234375 0.5921875
0 0.0234375 0.2078125 0.0453125 0.0609375
1 0.146875 0.55625 0.29375 0.5296875
0 0.053125 0.359375 0.103125 0.1359375
1 0.22109375 0.525 0.4421875 0.415625
0 0.04375 0.4046875 0.0875 0.159375
1 0.3390625 0.6640625 0.678125 0.3328125
0 0.1078125 0.5296875 0.215625 0.190625