1 0.1578125 0.4390625 0.1921875 0.6171875
0 0.1859375 0.184375 0.0734375 0.0859375
1 0.565625 0.525 0.221875 0.603125
0 0.553125 0.284375 0.0890625 0.1078125
1 0.8671875 0.5734375 0.259375 0.596875
0 0.80625 0.3375 0.0875 0.121875
1 0.1875 0.5359375 0.3171875 0.6046875
0 0.2046875 0.3328125 0.071875 0.0890625
1 0.3171875 0.5765625 0.16875 0.5171875
0 0.3265625 0.38125 0.075 0.10625
1 0.115625 0.6328125 0.2265625 0.478125
0 0.125 0.4578125 0.0890625 0.1171875
1 0.121875 0.6921875 0.2375 0.359375
0 0.184375 0.5828125 0.1046875 0.1359375
1 0.25 0.68125 0.284375 0.38125
0 0.3203125 0.565625 0.1046875 0.1453125
1 0.3265625 0.603125 0.2265625 0.5359375
0 0.275 0.4015625 0.0890625 0.1140625
1 0.428125 0.590625 0.16875 0.5296875
0 0.4046875 0.3828125 0.0765625 0.10625
1 0.5875 0.6109375 0.2140625 0.5203125
0 0.584375 0.415625 0.08125 0.10625
1 0.7515625 0.6375 0.21875 0.46875
0 0.7171875 0.459375 0.071875 0.1
1 0.3640625 0.684375 0.3015625 0.375
0 0.4640625 0.5546875 0.0890625 0.1140625
1 0.4828125 0.66875 0.296875 0.4046875
0 0.5515625 0.5328125 0.09375 0.128125
1 0.6390625 0.690625 0.171875 0.3625
0 0.6421875 0.578125 0.0875 0.128125
1 0.7765625 0.7140625 0.196875 0.315625
0 0.725 0.625 0.084375 0.1265625
1 0.8625 0.6953125 0.2671875 0.3515625
0 0.796875 0.596875 0.10625 0.13125