1 0.7015625 0.6953125 0.153125 0.60625
0 0.7171875 0.453125 0.0859375 0.0875
1 0.6 0.6765625 0.171875 0.64375
0 0.6078125 0.4109375 0.08125 0.0921875
1 0.378125 0.6671875 0.4359375 0.6625
0 0.5125 0.390625 0.0890625 0.1
1 0.446875 0.6578125 0.1859375 0.6796875
0 0.434375 0.39375 0.078125 0.0875
1 0.365625 0.6703125 0.1265625 0.6171875
0 0.3734375 0.4140625 0.0640625 0.0875
1 0.3703125 0.575 0.1015625 0.4734375
0 0.3671875 0.371875 0.0390625 0.0453125
1 0.296875 0.6875 0.13125 0.5953125
0 0.3125 0.4390625 0.078125 0.090625
1 0.2703125 0.66875 0.240625 0.6578125
0 0.26875 0.3875 0.0671875 0.0640625