1 0.0421875 0.5078125 0.05 0.1203125
0 0.0453125 0.459375 0.0140625 0.0203125
1 0.0078125 0.6015625 0.0125 0.1265625
0 0.00625 0.55 0.0078125 0.0203125
1 0.01953125 0.603125 0.0390625 0.15
0 0.01875 0.54375 0.0171875 0.0203125
1 0.034375 0.60625 0.046875 0.1484375
0 0.0328125 0.5453125 0.0171875 0.0203125
1 0.0640625 0.6015625 0.028125 0.1421875
0 0.0703125 0.54375 0.0171875 0.0203125
1 0.06875 0.6 0.0515625 0.1546875
0 0.075 0.5359375 0.0203125 0.0234375
1 0.0828125 0.60625 0.0421875 0.153125
0 0.0796875 0.54375 0.01875 0.0203125
1 0.10625 0.603125 0.046875 0.159375
0 0.1015625 0.5359375 0.0171875 0.021875
1 0.115625 0.5921875 0.0296875 0.15625
0 0.1140625 0.525 0.0171875 0.0171875
1 0.128125 0.625 0.0390625 0.1234375
0 0.128125 0.575 0.021875 0.0171875
1 0.134375 0.6015625 0.034375 0.1515625
0 0.13125 0.5375 0.0171875 0.0203125
1 0.1421875 0.6015625 0.0390625 0.159375
0 0.1375 0.5328125 0.0171875 0.0171875
1 0.159375 0.6109375 0.0515625 0.1640625
0 0.165625 0.546875 0.0171875 0.0234375
1 0.2 0.6078125 0.0765625 0.1984375
0 0.196875 0.5234375 0.0203125 0.028125
1 0.2265625 0.6125 0.046875 0.1796875
0 0.2203125 0.5390625 0.021875 0.0234375
1 0.2546875 0.6109375 0.034375 0.1859375
0 0.259375 0.5328125 0.0171875 0.021875
1 0.2640625 0.5875 0.025 0.165625
0 0.2671875 0.515625 0.0171875 0.0203125
1 0.2640625 0.6109375 0.046875 0.1890625
0 0.2671875 0.5328125 0.0203125 0.0234375
1 0.2828125 0.5953125 0.0265625 0.1734375
0 0.2859375 0.5234375 0.0203125 0.0234375
1 0.29375 0.6234375 0.0390625 0.171875
0 0.290625 0.546875 0.01875 0.0171875
1 0.3 0.6078125 0.0328125 0.171875
0 0.3015625 0.5375 0.0203125 0.025
1 0.3140625 0.6046875 0.0296875 0.178125
0 0.3171875 0.53125 0.0203125 0.025
1 0.31875 0.6234375 0.04375 0.165625
0 0.3140625 0.5546875 0.0171875 0.0203125
1 0.334375 0.628125 0.0640625 0.184375
0 0.3265625 0.5515625 0.021875 0.028125
1 0.3296875 0.59375 0.025 0.1578125
0 0.3296875 0.528125 0.0171875 0.025
1 0.35 0.61875 0.0390625 0.1765625
0 0.346875 0.546875 0.01875 0.0234375
1 0.359375 0.6078125 0.0265625 0.1796875
0 0.3640625 0.53125 0.0171875 0.0171875
1 0.384375 0.609375 0.08125 0.2109375
0 0.3921875 0.521875 0.0234375 0.0296875
1 0.3875 0.6234375 0.0625 0.1859375
0 0.396875 0.5484375 0.021875 0.03125
1 0.434375 0.615625 0.0703125 0.209375
0 0.421875 0.5328125 0.028125 0.034375
1 0.471875 0.615625 0.09375 0.221875
0 0.4765625 0.5265625 0.0265625 0.0359375
1 0.4453125 0.596875 0.0421875 0.203125
0 0.4484375 0.51875 0.021875 0.025
1 0.4640625 0.6046875 0.0328125 0.1765625
0 0.4671875 0.5296875 0.01875 0.0234375
1 0.5109375 0.6203125 0.04375 0.2109375
0 0.5125 0.53125 0.0234375 0.03125
1 0.5390625 0.625 0.0671875 0.2140625
0 0.5390625 0.53125 0.028125 0.0296875
1 0.5875 0.628125 0.109375 0.23125
0 0.5640625 0.53125 0.028125 0.0359375
1 0.575 0.6078125 0.046875 0.2125
0 0.571875 0.51875 0.021875 0.0296875
1 0.6046875 0.60625 0.0421875 0.1875
0 0.6078125 0.5265625 0.01875 0.021875
1 0.603125 0.6171875 0.034375 0.1875
0 0.6015625 0.5390625 0.021875 0.025
1 0.634375 0.6203125 0.0390625 0.2
0 0.6328125 0.5390625 0.0296875 0.0328125
1 0.640625 0.628125 0.05625 0.2015625
0 0.6359375 0.5421875 0.021875 0.025
1 0.65625 0.6125 0.0421875 0.2
0 0.659375 0.5296875 0.028125 0.028125
1 0.7015625 0.6296875 0.0921875 0.228125
0 0.70625 0.5328125 0.03125 0.0359375
1 0.7203125 0.69375 0.109375 0.121875
0 0.7 0.653125 0.0265625 0.0328125
1 0.715625 0.621875 0.0890625 0.2375
0 0.7109375 0.521875 0.0265625 0.0328125
1 0.7203125 0.621875 0.078125 0.2390625
0 0.7109375 0.5203125 0.025 0.034375
1 0.76875 0.615625 0.0546875 0.2359375
0 0.771875 0.5140625 0.0296875 0.0265625
1 0.834375 0.6265625 0.13125 0.2421875
0 0.8171875 0.5265625 0.0265625 0.0296875
1 0.83125 0.65 0.0875 0.221875
0 0.8140625 0.559375 0.034375 0.0359375
1 0.8390625 0.63125 0.096875 0.23125
0 0.8328125 0.534375 0.0265625 0.0359375
1 0.871875 0.6390625 0.0640625 0.21875
0 0.8625 0.55 0.025 0.0328125
1 0.884375 0.621875 0.059375 0.2625
0 0.8828125 0.509375 0.025 0.0328125
1 0.9140625 0.64375 0.0796875 0.246875
0 0.921875 0.5421875 0.028125 0.0375
1 0.9515625 0.6125 0.04375 0.1828125
0 0.9515625 0.5375 0.025 0.028125
1 0.9578125 0.6390625 0.0546875 0.171875
0 0.9671875 0.571875 0.025 0.0328125
1 0.96875 0.6234375 0.0546875 0.209375
0 0.9703125 0.5375 0.0265625 0.0328125
1 0.984375 0.6484375 0.0234375 0.234375
0 0.9890625 0.55 0.015625 0.03125
1 0.2609375 0.6125 0.0421875 0.1875
0 0.26875 0.53125 0.0203125 0.025
1 0.2421875 0.6046875 0.03125 0.1390625
0 0.2421875 0.546875 0.0171875 0.021875