1 0.5203125 0.5484375 0.0375 0.0984375
0 0.521875 0.50625 0.009375 0.0109375
1 0.5625 0.578125 0.053125 0.1609375
0 0.5671875 0.5109375 0.021875 0.021875
1 0.5921875 0.5609375 0.03125 0.1078125
0 0.590625 0.5125 0.0125 0.0109375
1 0.61875 0.5828125 0.05 0.1765625
0 0.621875 0.5015625 0.0140625 0.0140625
1 0.6390625 0.5890625 0.0390625 0.1640625
0 0.6390625 0.515625 0.0140625 0.0171875
1 0.6171875 0.6234375 0.1140625 0.1890625
0 0.5875 0.5859375 0.0265625 0.0265625
1 0.7046875 0.596875 0.1484375 0.3
0 0.703125 0.475 0.053125 0.05625
1 0.5828125 0.625 0.0796875 0.16875
0 0.584375 0.5578125 0.03125 0.0359375