1 0.1765625 0.6421875 0.1703125 0.3703125
0 0.1734375 0.4984375 0.059375 0.075
1 0.275 0.6375 0.1203125 0.3796875
0 0.3 0.484375 0.046875 0.0578125
1 0.375 0.640625 0.1078125 0.375
0 0.3703125 0.4859375 0.040625 0.053125
1 0.4296875 0.6390625 0.1 0.3625
0 0.428125 0.4859375 0.040625 0.040625
1 0.4953125 0.640625 0.1203125 0.375
0 0.503125 0.48125 0.0453125 0.0578125
1 0.603125 0.6234375 0.1328125 0.40625
0 0.5953125 0.4515625 0.040625 0.046875
1 0.65 0.6046875 0.0828125 0.3453125
0 0.646875 0.45625 0.0375 0.0453125
1 0.709375 0.6203125 0.1140625 0.35
0 0.7140625 0.471875 0.0453125 0.05
1 0.7703125 0.615625 0.115625 0.425
0 0.7734375 0.44375 0.0578125 0.0671875
1 0.2 0.6390625 0.090625 0.378125
0 0.2125 0.484375 0.0421875 0.0578125