1 0.565625 0.5375 0.0484375 0.184375
0 0.5765625 0.465625 0.028125 0.01875
1 0.575 0.540625 0.046875 0.153125
0 0.578125 0.4796875 0.015625 0.015625
1 0.678125 0.490625 0.025 0.0546875
0 0.678125 0.4703125 0.00625 0.0078125
1 0.6609375 0.4859375 0.0265625 0.0609375
0 0.6640625 0.4625 0.00625 0.009375
1 0.715625 0.478125 0.0140625 0.034375
0 0.7171875 0.465625 0.0046875 0.0046875
1 0.703125 0.478125 0.0125 0.034375
0 0.703125 0.4640625 0.003125 0.003125
1 0.6890625 0.4765625 0.0109375 0.0296875
0 0.6859375 0.4640625 0.003125 0.003125
1 0.0796875 0.55 0.0671875 0.1515625
0 0.0765625 0.5140625 0.0234375 0.0265625