1 0.196875 0.58125 0.1640625 0.178125
0 0.228125 0.515625 0.0359375 0.0375
1 0.3515625 0.54375 0.121875 0.1609375
0 0.3609375 0.490625 0.0359375 0.04375
1 0.4453125 0.5140625 0.1 0.1546875
0 0.4359375 0.4640625 0.028125 0.0359375
1 0.4015625 0.4875 0.0578125 0.1109375
0 0.403125 0.4484375 0.0234375 0.028125
1 0.5375 0.4828125 0.09375 0.125
0 0.528125 0.4375 0.021875 0.0265625
1 0.521875 0.50625 0.0859375 0.1140625
0 0.51875 0.4671875 0.0296875 0.0328125
1 0.5203125 0.534375 0.0875 0.13125
0 0.5125 0.4890625 0.0375 0.0390625
1 0.6546875 0.534375 0.115625 0.125
0 0.634375 0.4921875 0.03125 0.0390625
1 0.6296875 0.4984375 0.0765625 0.115625
0 0.6234375 0.4609375 0.021875 0.0234375
1 0.746875 0.528125 0.1078125 0.13125
0 0.728125 0.4796875 0.0265625 0.0328125