1 0.0625 0.53125 0.125 0.45625
0 0.0265625 0.2984375 0.05 0.0875
1 0.215625 0.540625 0.2046875 0.4375
0 0.2234375 0.3359375 0.078125 0.0765625
1 0.4296875 0.528125 0.1890625 0.4609375
0 0.4171875 0.3359375 0.0625 0.06875
1 0.084375 0.525 0.1265625 0.4078125
0 0.090625 0.3578125 0.0546875 0.06875
1 0.575 0.5234375 0.1765625 0.4546875
0 0.559375 0.3328125 0.059375 0.0640625
1 0.7 0.515625 0.15625 0.4078125
0 0.715625 0.346875 0.046875 0.0546875
1 0.8171875 0.5078125 0.153125 0.3640625
0 0.8171875 0.35625 0.046875 0.0484375
1 0.921875 0.5 0.1390625 0.35
0 0.9328125 0.3546875 0.0390625 0.0484375
1 0.9546875 0.49375 0.0875 0.3328125
0 0.978125 0.3578125 0.0390625 0.05
1 0.340625 0.4984375 0.121875 0.3375
0 0.3671875 0.3609375 0.04375 0.0546875
1 0.3171875 0.465625 0.06875 0.2578125
0 0.334375 0.3625 0.03125 0.040625
1 0.44375 0.496875 0.1078125 0.328125
0 0.459375 0.365625 0.0390625 0.053125
1 0.6171875 0.4734375 0.1015625 0.296875
0 0.6359375 0.353125 0.0375 0.04375
1 0.8953125 0.4328125 0.075 0.246875
0 0.9078125 0.334375 0.0328125 0.0390625
1 0.2171875 0.5296875 0.1171875 0.3296875
0 0.2359375 0.3921875 0.046875 0.05625