1 0.7984375 0.6515625 0.3953125 0.2515625
0 0.9515625 0.59375 0.0890625 0.1203125
1 0.7890625 0.6171875 0.359375 0.3203125
0 0.8875 0.5203125 0.0875 0.103125
1 0.746875 0.6171875 0.2703125 0.321875
0 0.84375 0.5 0.065625 0.0828125
1 0.728125 0.6109375 0.2734375 0.30625
0 0.8265625 0.4875 0.053125 0.053125
1 0.73125 0.5984375 0.2609375 0.259375
0 0.85 0.4828125 0.0515625 0.05625
1 0.6640625 0.4953125 0.1203125 0.3390625
0 0.675 0.3625 0.0453125 0.0625
1 0.7546875 0.496875 0.1078125 0.3078125
0 0.7671875 0.375 0.0453125 0.053125
1 0.54375 0.4921875 0.090625 0.2734375
0 0.5546875 0.3765625 0.034375 0.040625
1 0.4625 0.4796875 0.0671875 0.23125
0 0.4640625 0.3890625 0.0296875 0.0390625
1 0.325 0.5734375 0.2578125 0.4078125
0 0.2984375 0.3890625 0.09375 0.128125
1 0.103125 0.6609375 0.2046875 0.234375
0 0.0109375 0.559375 0.0203125 0.040625
1 0.140625 0.6296875 0.228125 0.2953125
0 0.084375 0.51875 0.078125 0.0671875
1 0.2203125 0.625 0.228125 0.30625
0 0.171875 0.5078125 0.0484375 0.0640625
1 0.2640625 0.6046875 0.1921875 0.3140625
0 0.2203125 0.4796875 0.053125 0.053125
1 0.3296875 0.56875 0.178125 0.3140625
0 0.3125 0.459375 0.040625 0.0421875
1 0.3328125 0.55 0.184375 0.45625
0 0.303125 0.3890625 0.1078125 0.121875
1 0.7921875 0.4640625 0.0734375 0.2734375
0 0.790625 0.3546875 0.03125 0.046875
1 0.6890625 0.48125 0.0765625 0.228125
0 0.6828125 0.3875 0.025 0.0328125