1 0.103125 0.4859375 0.15 0.415625
0 0.1 0.3109375 0.0453125 0.05625
1 0.209375 0.5 0.09375 0.371875
0 0.2078125 0.34375 0.0359375 0.053125
1 0.29375 0.4890625 0.1015625 0.384375
0 0.3 0.325 0.0375 0.0484375
1 0.353125 0.4984375 0.115625 0.378125
0 0.3515625 0.3359375 0.0390625 0.05
1 0.396875 0.48125 0.08125 0.3671875
0 0.4015625 0.325 0.0359375 0.0484375
1 0.45 0.5046875 0.096875 0.3796875
0 0.4515625 0.3421875 0.034375 0.0515625
1 0.496875 0.4921875 0.096875 0.40625
0 0.4953125 0.31875 0.0390625 0.0453125
1 0.5828125 0.4796875 0.0953125 0.3984375
0 0.5875 0.3078125 0.0390625 0.0515625
1 0.6734375 0.49375 0.09375 0.4078125
0 0.675 0.31875 0.0359375 0.0515625
1 0.7875 0.484375 0.1015625 0.409375
0 0.790625 0.3078125 0.04375 0.053125
1 0.840625 0.5109375 0.1078125 0.3921875
0 0.840625 0.34375 0.04375 0.0546875
1 0.921875 0.5 0.103125 0.4109375
0 0.9125 0.328125 0.04375 0.0546875
1 0.7296875 0.496875 0.109375 0.396875
0 0.7296875 0.328125 0.040625 0.0546875
1 0.6265625 0.4953125 0.1046875 0.365625
0 0.63125 0.340625 0.0359375 0.053125
1 0.54375 0.50625 0.1 0.3625
0 0.5453125 0.353125 0.040625 0.0484375
1 0.1671875 0.5625 0.1234375 0.3375
0 0.1703125 0.428125 0.04375 0.0578125
1 0.2671875 0.5671875 0.13125 0.334375
0 0.2734375 0.434375 0.040625 0.05625
1 0.3875 0.578125 0.121875 0.3203125
0 0.3859375 0.4453125 0.040625 0.0515625
1 0.5046875 0.56875 0.1265625 0.34375
0 0.50625 0.428125 0.0453125 0.05625
1 0.6140625 0.578125 0.1328125 0.3296875
0 0.61875 0.44375 0.040625 0.05625
1 0.73125 0.578125 0.121875 0.3359375
0 0.7265625 0.4421875 0.0359375 0.0546875
1 0.81875 0.5765625 0.1125 0.334375
0 0.8234375 0.4421875 0.0421875 0.059375