1 0.0546875 0.5578125 0.103125 0.3078125
0 0.0484375 0.4265625 0.0390625 0.04375
1 0.065625 0.5453125 0.1125 0.2703125
0 0.084375 0.434375 0.0328125 0.0375
1 0.1296875 0.5203125 0.075 0.240625
0 0.1296875 0.415625 0.0265625 0.0296875
1 0.14375 0.6203125 0.10625 0.3125
0 0.15625 0.4890625 0.0375 0.0484375
1 0.171875 0.5234375 0.0875 0.24375
0 0.175 0.4265625 0.0296875 0.04375
1 0.209375 0.628125 0.1359375 0.303125
0 0.19375 0.5046875 0.0390625 0.05
1 0.24375 0.5515625 0.084375 0.2375
0 0.2359375 0.453125 0.0296875 0.034375
1 0.2546875 0.51875 0.0640625 0.2171875
0 0.2578125 0.428125 0.0203125 0.028125
1 0.24375 0.5 0.0796875 0.221875
0 0.24375 0.409375 0.028125 0.034375
1 0.2234375 0.475 0.075 0.2015625
0 0.2265625 0.390625 0.028125 0.0328125
1 0.3515625 0.603125 0.1375 0.3203125
0 0.33125 0.4703125 0.03125 0.04375
1 0.3546875 0.58125 0.121875 0.3203125
0 0.359375 0.446875 0.034375 0.0421875
1 0.3125 0.5359375 0.0703125 0.2390625
0 0.3140625 0.434375 0.025 0.03125
1 0.340625 0.4703125 0.065625 0.1953125
0 0.346875 0.3890625 0.025 0.03125
1 0.3171875 0.465625 0.065625 0.184375
0 0.3171875 0.3890625 0.021875 0.028125
1 0.3765625 0.515625 0.0640625 0.2125
0 0.384375 0.428125 0.025 0.03125
1 0.5078125 0.621875 0.134375 0.29375
0 0.5078125 0.4984375 0.0328125 0.0453125
1 0.4703125 0.58125 0.1203125 0.3046875
0 0.4578125 0.45625 0.0328125 0.0328125
1 0.4375 0.540625 0.090625 0.2875
0 0.4328125 0.425 0.03125 0.0359375
1 0.484375 0.490625 0.065625 0.2296875
0 0.4875 0.396875 0.0296875 0.0375
1 0.5140625 0.5265625 0.1015625 0.25625
0 0.5203125 0.4203125 0.03125 0.0421875
1 0.5265625 0.490625 0.090625 0.20625
0 0.534375 0.4078125 0.025 0.03125
1 0.559375 0.584375 0.103125 0.2859375
0 0.5640625 0.465625 0.028125 0.040625
1 0.6140625 0.61875 0.121875 0.28125
0 0.6078125 0.50625 0.034375 0.0453125
1 0.63125 0.6015625 0.075 0.2640625
0 0.6390625 0.4875 0.0296875 0.0375
1 0.6078125 0.5390625 0.075 0.234375
0 0.6140625 0.440625 0.0296875 0.034375
1 0.60625 0.4796875 0.059375 0.190625
0 0.6109375 0.4046875 0.028125 0.0328125
1 0.659375 0.509375 0.059375 0.19375
0 0.6609375 0.428125 0.0234375 0.0296875
1 0.6890625 0.5765625 0.0984375 0.296875
0 0.6890625 0.4515625 0.03125 0.040625
1 0.7203125 0.540625 0.0890625 0.24375
0 0.725 0.446875 0.03125 0.034375
1 0.7515625 0.58125 0.1203125 0.290625
0 0.759375 0.4609375 0.03125 0.0390625
1 0.7875 0.6640625 0.1578125 0.265625
0 0.7484375 0.5640625 0.034375 0.046875
1 0.8515625 0.60625 0.13125 0.271875
0 0.8375 0.496875 0.0296875 0.0390625
1 0.8125 0.5828125 0.09375 0.290625
0 0.809375 0.459375 0.028125 0.0375
1 0.9125 0.6015625 0.109375 0.284375
0 0.9 0.484375 0.0390625 0.0453125
1 0.9234375 0.575 0.11875 0.275
0 0.9203125 0.465625 0.028125 0.034375