1 0.4390625 0.728125 0.209375 0.203125
0 0.4265625 0.6765625 0.0765625 0.0875
1 0.040625 0.5921875 0.0796875 0.2109375
0 0.034375 0.5109375 0.03125 0.0328125
1 0.1109375 0.634375 0.1375 0.1765625
0 0.078125 0.5703125 0.034375 0.0421875
1 0.075 0.684375 0.146875 0.234375
0 0.0359375 0.59375 0.0609375 0.053125
1 0.11875 0.734375 0.2359375 0.190625
0 0.0515625 0.6953125 0.1 0.1015625
1 0.3828125 0.528125 0.0609375 0.1953125
0 0.3796875 0.4484375 0.021875 0.028125
1 0.503125 0.55 0.0546875 0.1140625
0 0.496875 0.5046875 0.0171875 0.01875
1 0.56875 0.553125 0.05625 0.11875
0 0.5734375 0.5046875 0.0171875 0.0203125
1 0.753125 0.5609375 0.0625 0.13125
0 0.746875 0.5125 0.0203125 0.0265625
1 0.821875 0.55625 0.0890625 0.153125
0 0.834375 0.496875 0.01875 0.0265625
1 0.89375 0.5625 0.1265625 0.1640625
0 0.915625 0.4984375 0.0328125 0.0265625