1 0.2484375 0.5953125 0.171875 0.3109375
0 0.2765625 0.465625 0.0453125 0.0453125
1 0.384375 0.5609375 0.109375 0.2640625
0 0.3796875 0.45625 0.034375 0.046875
1 0.4640625 0.5453125 0.090625 0.275
0 0.4578125 0.43125 0.034375 0.040625
1 0.5609375 0.575 0.1046875 0.275
0 0.5578125 0.4625 0.034375 0.04375
1 0.528125 0.5203125 0.1015625 0.2296875
0 0.5390625 0.4296875 0.03125 0.0375
1 0.6578125 0.496875 0.05625 0.0734375
0 0.665625 0.471875 0.015625 0.015625
1 0.6296875 0.496875 0.05 0.071875
0 0.640625 0.475 0.0171875 0.01875
1 0.6015625 0.4640625 0.06875 0.165625
0 0.5984375 0.3984375 0.021875 0.028125
1 0.7171875 0.41875 0.0296875 0.0859375
0 0.7125 0.3875 0.0125 0.015625
1 0.7 0.4234375 0.0296875 0.0828125
0 0.7015625 0.3921875 0.0125 0.0140625
1 0.9671875 0.4734375 0.0609375 0.13125
0 0.9796875 0.41875 0.0203125 0.0203125
1 0.9765625 0.4875 0.0421875 0.2015625
0 0.9921875 0.396875 0.009375 0.0203125
1 0.984375 0.3703125 0.028125 0.05625
0 0.9859375 0.346875 0.009375 0.009375
1 0.63125 0.4375 0.0296875 0.084375
0 0.634375 0.40625 0.0125 0.0140625
1 0.64375 0.38125 0.0140625 0.0625
0 0.646875 0.35625 0.00625 0.00625
1 0.5796875 0.475 0.071875 0.171875
0 0.571875 0.4078125 0.0234375 0.0296875
1 0.4953125 0.471875 0.075 0.1796875
0 0.4953125 0.3984375 0.021875 0.028125
1 0.403125 0.4546875 0.059375 0.125
0 0.3921875 0.403125 0.01875 0.01875
1 0.3671875 0.4453125 0.03125 0.0953125
0 0.3640625 0.4078125 0.0140625 0.0140625
1 0.2921875 0.4484375 0.05 0.1421875
0 0.284375 0.3921875 0.01875 0.021875
1 0.2546875 0.4421875 0.040625 0.1125
0 0.25625 0.3984375 0.0140625 0.021875
1 0.234375 0.4484375 0.0375 0.128125
0 0.234375 0.396875 0.0125 0.015625
1 0.215625 0.44375 0.0515625 0.14375
0 0.209375 0.384375 0.015625 0.0203125
1 0.178125 0.4484375 0.0625 0.146875
0 0.18125 0.3875 0.021875 0.021875
1 0.13125 0.459375 0.078125 0.125
0 0.1265625 0.4125 0.01875 0.0234375
1 0.1546875 0.44375 0.0640625 0.11875
0 0.14375 0.3984375 0.021875 0.021875
1 0.0515625 0.425 0.0515625 0.1046875
0 0.0515625 0.3828125 0.0140625 0.0125
1 0.3140625 0.3734375 0.009375 0.0375
0 0.3140625 0.359375 0.00625 0.00625
1 0.3375 0.371875 0.0140625 0.0375
0 0.3375 0.3578125 0.003125 0.0046875