1 0.078125 0.5328125 0.153125 0.4171875
0 0.071875 0.3625 0.046875 0.0609375
1 0.1859375 0.51875 0.1171875 0.3421875
0 0.1765625 0.375 0.0453125 0.05
1 0.2671875 0.5140625 0.1671875 0.428125
0 0.2453125 0.3375 0.0484375 0.0609375
1 0.3609375 0.4953125 0.1453125 0.41875
0 0.3640625 0.3234375 0.0515625 0.065625
1 0.4890625 0.5109375 0.1515625 0.415625
0 0.4875 0.3390625 0.0453125 0.0625
1 0.559375 0.5015625 0.1453125 0.409375
0 0.5453125 0.334375 0.0453125 0.065625
1 0.6921875 0.490625 0.171875 0.4421875
0 0.675 0.3078125 0.05 0.06875
1 0.8046875 0.50625 0.165625 0.4296875
0 0.79375 0.325 0.05 0.0640625
1 0.9 0.525 0.1671875 0.35625
0 0.8765625 0.38125 0.046875 0.059375
1 0.9296875 0.484375 0.134375 0.4015625
0 0.925 0.3171875 0.0453125 0.0609375
1 0.7546875 0.50625 0.134375 0.3828125
0 0.753125 0.3453125 0.0453125 0.0578125
1 0.4578125 0.503125 0.1125 0.3625
0 0.4546875 0.35 0.0390625 0.0515625
1 0.328125 0.4921875 0.1359375 0.3796875
0 0.315625 0.3328125 0.0421875 0.0609375
1 0.05 0.5328125 0.0984375 0.3234375
0 0.0375 0.403125 0.0390625 0.0390625