1 0.45625 0.325 0.0703125 0.234375
0 0.4609375 0.2296875 0.025 0.03125
1 0.2953125 0.35 0.10625 0.2875
0 0.3015625 0.2265625 0.0296875 0.0359375
1 0.3234375 0.3640625 0.090625 0.209375
0 0.3171875 0.278125 0.025 0.0296875
1 0.2265625 0.3828125 0.0796875 0.23125
0 0.2265625 0.2859375 0.0234375 0.0296875
1 0.13125 0.36875 0.0796875 0.2703125
0 0.140625 0.259375 0.03125 0.040625
1 0.171875 0.36875 0.06875 0.2625
0 0.1734375 0.25625 0.03125 0.0390625
1 0.0703125 0.340625 0.0875 0.2359375
0 0.0734375 0.246875 0.03125 0.0390625