1 0.878125 0.565625 0.1796875 0.3625
0 0.86875 0.421875 0.0515625 0.05625
1 0.06875 0.615625 0.134375 0.4359375
0 0.0296875 0.4296875 0.046875 0.0671875
1 0.4546875 0.5453125 0.0859375 0.2296875
0 0.465625 0.446875 0.028125 0.03125
1 0.4875 0.5453125 0.1140625 0.2625
0 0.4765625 0.4375 0.03125 0.040625
1 0.50625 0.5125 0.05625 0.2734375
0 0.5015625 0.4 0.0328125 0.0421875
1 0.571875 0.5640625 0.096875 0.2109375
0 0.5765625 0.4765625 0.025 0.034375
1 0.5515625 0.53125 0.0859375 0.26875
0 0.5625 0.4171875 0.03125 0.040625
1 0.5625 0.5328125 0.0765625 0.2625
0 0.5515625 0.4203125 0.025 0.028125
1 0.6328125 0.546875 0.13125 0.259375
0 0.625 0.4390625 0.034375 0.0421875
1 0.696875 0.5375 0.1296875 0.253125
0 0.6796875 0.4359375 0.0265625 0.040625
1 0.6890625 0.528125 0.0625 0.2625
0 0.678125 0.43125 0.021875 0.0328125