1 0.125 0.4296875 0.0515625 0.1296875
0 0.125 0.378125 0.0171875 0.01875
1 0.1640625 0.4234375 0.0390625 0.11875
0 0.1703125 0.375 0.0140625 0.015625
1 0.2140625 0.4390625 0.053125 0.0984375
0 0.2 0.4 0.015625 0.0171875
1 0.2375 0.4234375 0.0359375 0.1078125
0 0.246875 0.38125 0.01875 0.01875
1 0.2640625 0.4296875 0.046875 0.1
0 0.2796875 0.3890625 0.015625 0.0171875
1 0.3140625 0.4359375 0.0375 0.0796875
0 0.3171875 0.4046875 0.0125 0.0140625
1 0.3015625 0.41875 0.0421875 0.0921875
0 0.3 0.3828125 0.015625 0.015625
1 0.3515625 0.425 0.025 0.0875
0 0.3515625 0.3921875 0.0125 0.0171875
1 0.4265625 0.5671875 0.203125 0.565625
0 0.4390625 0.31875 0.0640625 0.0640625
1 0.521875 0.41875 0.034375 0.09375
0 0.5234375 0.38125 0.0109375 0.0109375
1 0.578125 0.490625 0.1 0.3
0 0.571875 0.3671875 0.034375 0.0359375
1 0.6234375 0.43125 0.0375 0.1015625
0 0.621875 0.390625 0.0125 0.0125