1 0.028125 0.5265625 0.0515625 0.05625
0 0.021875 0.50625 0.0125 0.009375
1 0.0203125 0.5171875 0.0375 0.05
0 0.009375 0.5015625 0.0078125 0.0109375
1 0.0484375 0.5015625 0.0265625 0.065625
0 0.05 0.4765625 0.009375 0.009375
1 0.0921875 0.5015625 0.0328125 0.0609375
0 0.09375 0.48125 0.0078125 0.009375
1 0.11875 0.515625 0.03125 0.0859375
0 0.1203125 0.484375 0.0109375 0.015625
1 0.153125 0.5296875 0.04375 0.10625
0 0.153125 0.4859375 0.0125 0.015625
1 0.1890625 0.5359375 0.05625 0.1140625
0 0.1921875 0.4921875 0.01875 0.0203125
1 0.275 0.584375 0.0984375 0.228125
0 0.2796875 0.4921875 0.034375 0.0328125
1 0.3765625 0.6296875 0.1078125 0.328125
0 0.371875 0.49375 0.0390625 0.04375
1 0.35 0.58125 0.078125 0.25
0 0.3546875 0.4765625 0.0265625 0.0328125
1 0.8390625 0.5140625 0.03125 0.0921875
0 0.8390625 0.478125 0.0140625 0.0140625
1 0.8515625 0.4984375 0.025 0.0484375
0 0.8546875 0.4828125 0.0125 0.0125
1 0.81875 0.5140625 0.025 0.075
0 0.81875 0.4859375 0.0109375 0.0125
1 0.9015625 0.5078125 0.040625 0.1
0 0.903125 0.46875 0.0125 0.0140625
1 0.9296875 0.521875 0.0328125 0.0890625
0 0.93125 0.4875 0.009375 0.0125