1 0.1546875 0.7828125 0.30625 0.1765625
0 0.053125 0.79375 0.0953125 0.1265625
1 0.178125 0.765625 0.3109375 0.209375
0 0.121875 0.7296875 0.08125 0.0984375
1 0.2375 0.75625 0.2875 0.228125
0 0.1796875 0.6828125 0.0671875 0.0671875
1 0.221875 0.6875 0.1765625 0.3671875
0 0.19375 0.540625 0.0546875 0.0671875
1 0.2234375 0.69375 0.1 0.284375
0 0.221875 0.584375 0.03125 0.0359375
1 0.275 0.6859375 0.115625 0.18125
0 0.25625 0.621875 0.0328125 0.0359375
1 0.3109375 0.640625 0.096875 0.1234375
0 0.2875 0.5953125 0.0265625 0.0296875
1 0.3203125 0.6140625 0.090625 0.178125
0 0.303125 0.546875 0.0234375 0.0234375
1 0.5765625 0.684375 0.5890625 0.3734375
0 0.5015625 0.559375 0.15 0.171875
1 0.4328125 0.6546875 0.2734375 0.4328125
0 0.4015625 0.5390625 0.06875 0.0859375
1 0.5875 0.684375 0.171875 0.33125
0 0.5328125 0.5453125 0.0421875 0.05
1 0.7625 0.7578125 0.346875 0.2265625
0 0.8109375 0.7453125 0.1171875 0.109375
1 0.696875 0.75625 0.2921875 0.2296875
0 0.74375 0.703125 0.071875 0.06875