1 0.9546875 0.5296875 0.028125 0.0734375
0 0.9546875 0.5046875 0.0109375 0.0125
1 0.9828125 0.528125 0.028125 0.0734375
0 0.9796875 0.5015625 0.0125 0.0109375
1 0.8953125 0.54375 0.0765625 0.24375
0 0.8984375 0.4453125 0.0265625 0.0375
1 0.784375 0.55 0.0671875 0.2390625
0 0.7859375 0.453125 0.0296875 0.0328125
1 0.578125 0.5265625 0.0640625 0.190625
0 0.571875 0.4453125 0.021875 0.0265625
1 0.628125 0.540625 0.084375 0.2265625
0 0.6265625 0.4453125 0.025 0.0265625
1 0.309375 0.5671875 0.0796875 0.2140625
0 0.30625 0.4828125 0.025 0.0296875
1 0.3171875 0.609375 0.11875 0.2953125
0 0.3046875 0.4875 0.0390625 0.0375
1 0.03984375 0.53359375 0.0796875 0.1765625
0 0.0375 0.465625 0.021875 0.0265625
1 0.1140625 0.5328125 0.05625 0.175
0 0.1140625 0.4625 0.034375 0.0296875
1 0.0875 0.6640625 0.16875 0.359375
0 0.0359375 0.525 0.0640625 0.0796875
1 0.196875 0.60625 0.1875 0.3046875
0 0.1640625 0.4828125 0.0375 0.040625