1 0.896875 0.5921875 0.0875 0.2484375
0 0.8828125 0.4890625 0.0296875 0.0359375
1 0.7921875 0.590625 0.1 0.228125
0 0.775 0.4953125 0.0234375 0.034375
1 0.7140625 0.5921875 0.0703125 0.2390625
0 0.7125 0.4921875 0.0328125 0.0375
1 0.634375 0.60625 0.096875 0.228125
0 0.6140625 0.5125 0.0328125 0.0328125
1 0.615625 0.565625 0.0609375 0.2234375
0 0.61875 0.475 0.0234375 0.0328125
1 0.5171875 0.5609375 0.0921875 0.2296875
0 0.5390625 0.4640625 0.025 0.0296875
1 0.5109375 0.6078125 0.0859375 0.2234375
0 0.509375 0.5140625 0.025 0.0328125
1 0.43125 0.59375 0.0734375 0.2328125
0 0.434375 0.4984375 0.0328125 0.0390625
1 0.340625 0.59375 0.0828125 0.2328125
0 0.3265625 0.4953125 0.0296875 0.0328125
1 0.234375 0.6046875 0.0703125 0.209375
0 0.23125 0.51875 0.0328125 0.0296875
1 0.1546875 0.590625 0.1 0.234375
0 0.146875 0.4921875 0.0328125 0.034375
1 0.1265625 0.5765625 0.0875 0.2296875
0 0.125 0.4796875 0.0296875 0.03125
1 0.05 0.5609375 0.0453125 0.1109375
0 0.046875 0.51875 0.0234375 0.021875
1 0.0359375 0.5984375 0.071875 0.2171875
0 0.025 0.50625 0.025 0.03125
1 0.025 0.565625 0.046875 0.2046875
0 0.00625 0.4796875 0.0125 0.028125