1 0.03125 0.4453125 0.0609375 0.259375
0 0.009375 0.3328125 0.0140625 0.028125
1 0.08125 0.45625 0.1546875 0.346875
0 0.0625 0.321875 0.0515625 0.059375
1 0.140625 0.48125 0.1453125 0.34375
0 0.1296875 0.3453125 0.0515625 0.0625
1 0.1671875 0.4046875 0.078125 0.2390625
0 0.159375 0.3078125 0.0328125 0.0359375
1 0.1984375 0.43125 0.1078125 0.275
0 0.20625 0.321875 0.0359375 0.0421875
1 0.240625 0.3921875 0.0578125 0.1953125
0 0.2390625 0.3109375 0.021875 0.028125
1 0.2640625 0.44375 0.1265625 0.3171875
0 0.2703125 0.315625 0.0328125 0.0515625
1 0.3640625 0.378125 0.0875 0.2109375
0 0.3484375 0.29375 0.0265625 0.0328125
1 0.425 0.384375 0.090625 0.25
0 0.434375 0.284375 0.0296875 0.0328125
1 0.4890625 0.396875 0.0625 0.2140625
0 0.5 0.309375 0.025 0.03125
1 0.5359375 0.565625 0.1796875 0.5265625
0 0.5328125 0.3609375 0.0796875 0.1015625
1 0.603125 0.4640625 0.1234375 0.446875
0 0.590625 0.296875 0.0546875 0.075
1 0.63125 0.4046875 0.0828125 0.309375
0 0.615625 0.2765625 0.0234375 0.034375
1 0.7703125 0.509375 0.2265625 0.5578125
0 0.753125 0.2875 0.0796875 0.0890625
1 0.8546875 0.5984375 0.284375 0.459375
0 0.80625 0.4484375 0.0890625 0.109375
1 0.2375 0.6078125 0.2359375 0.371875
0 0.24375 0.459375 0.0484375 0.059375
1 0.3015625 0.4203125 0.090625 0.25625
0 0.3015625 0.321875 0.0328125 0.04375