1 0.1265625 0.6796875 0.1 0.2984375
0 0.1359375 0.5671875 0.0359375 0.034375
1 0.3546875 0.6296875 0.0578125 0.1640625
0 0.3484375 0.565625 0.021875 0.0203125
1 0.3828125 0.628125 0.0703125 0.2
0 0.3890625 0.546875 0.025 0.0296875
1 0.3765625 0.659375 0.0609375 0.2109375
0 0.3765625 0.5734375 0.025 0.0296875
1 0.428125 0.6390625 0.0625 0.1859375
0 0.4265625 0.5640625 0.015625 0.021875
1 0.4765625 0.625 0.0453125 0.2
0 0.4828125 0.5453125 0.021875 0.0296875
1 0.5109375 0.6203125 0.059375 0.1765625
0 0.5125 0.546875 0.01875 0.0265625
1 0.5609375 0.6234375 0.0609375 0.1640625
0 0.5625 0.5625 0.015625 0.0203125
1 0.334375 0.6015625 0.05 0.134375
0 0.334375 0.546875 0.0140625 0.015625
1 0.625 0.56875 0.0265625 0.0734375
0 0.625 0.5375 0.009375 0.009375
1 0.7359375 0.59375 0.0421875 0.121875
0 0.7359375 0.5453125 0.015625 0.0171875
1 0.746875 0.6 0.05 0.1265625
0 0.7546875 0.55 0.01875 0.0171875
1 0.809375 0.678125 0.2375 0.303125
0 0.828125 0.58125 0.06875 0.090625
1 0.8890625 0.653125 0.13125 0.2609375
0 0.871875 0.546875 0.028125 0.0359375
1 0.4125 0.5890625 0.0359375 0.1234375
0 0.41875 0.5375 0.0140625 0.015625