1 0.846875 0.4359375 0.0453125 0.0828125
0 0.8578125 0.4046875 0.0125 0.01875
1 0.7609375 0.428125 0.0625 0.1171875
0 0.7640625 0.384375 0.021875 0.021875
1 0.746875 0.4453125 0.0484375 0.115625
0 0.740625 0.403125 0.0171875 0.021875
1 0.6453125 0.4859375 0.090625 0.18125
0 0.665625 0.4171875 0.0265625 0.025
1 0.640625 0.45 0.046875 0.103125
0 0.6359375 0.4125 0.0171875 0.021875
1 0.6640625 0.44375 0.0421875 0.09375
0 0.6578125 0.40625 0.0109375 0.015625
1 0.5171875 0.45625 0.0734375 0.1140625
0 0.503125 0.415625 0.0296875 0.0296875
1 0.459375 0.4921875 0.09375 0.1578125
0 0.4609375 0.4421875 0.04375 0.0515625
1 0.384375 0.4671875 0.0828125 0.128125
0 0.371875 0.425 0.0328125 0.0375
1 0.3796875 0.490625 0.0890625 0.165625
0 0.3796875 0.4390625 0.0484375 0.0578125
1 0.2671875 0.5078125 0.109375 0.1765625
0 0.2578125 0.465625 0.053125 0.0546875