1 0.1890625 0.48125 0.0453125 0.1296875
0 0.1890625 0.4296875 0.0140625 0.01875
1 0.2125 0.4859375 0.0328125 0.1125
0 0.2109375 0.4375 0.0125 0.0140625
1 0.259375 0.478125 0.0546875 0.125
0 0.2578125 0.428125 0.015625 0.0171875
1 0.41875 0.51875 0.1671875 0.4578125
0 0.390625 0.334375 0.0515625 0.053125
1 0.453125 0.4796875 0.0453125 0.1375
0 0.453125 0.4390625 0.015625 0.015625
1 0.49375 0.490625 0.0453125 0.115625
0 0.5015625 0.4453125 0.015625 0.015625
1 0.509375 0.48125 0.046875 0.14375
0 0.515625 0.421875 0.0171875 0.0171875
1 0.571875 0.4875 0.0390625 0.1046875
0 0.5703125 0.44375 0.0140625 0.0140625
1 0.6125 0.5 0.0890625 0.321875
0 0.625 0.3671875 0.0328125 0.0453125
1 0.6671875 0.4953125 0.0796875 0.2078125
0 0.675 0.409375 0.028125 0.028125
1 0.7109375 0.5140625 0.1203125 0.3375
0 0.725 0.3734375 0.0390625 0.04375
1 0.7703125 0.4890625 0.059375 0.2125
0 0.771875 0.4 0.028125 0.028125
1 0.79375 0.4890625 0.028125 0.090625
0 0.796875 0.4546875 0.0125 0.0140625
1 0.8125 0.4890625 0.0359375 0.0890625
0 0.8078125 0.4546875 0.009375 0.0140625
1 0.8546875 0.4890625 0.034375 0.0921875
0 0.85625 0.453125 0.009375 0.009375
1 0.875 0.5140625 0.0484375 0.065625
0 0.8640625 0.4921875 0.0140625 0.0125
1 0.91875 0.496875 0.0671875 0.1546875
0 0.9125 0.434375 0.01875 0.0203125