1 0.071875 0.58125 0.1390625 0.5609375
0 0.0609375 0.3546875 0.075 0.1
1 0.159375 0.60625 0.1703125 0.5125
0 0.1828125 0.40625 0.0703125 0.0875
1 0.1796875 0.5875 0.16875 0.55
0 0.190625 0.3546875 0.075 0.06875
1 0.31875 0.584375 0.2046875 0.55625
0 0.334375 0.3515625 0.0765625 0.08125
1 0.43125 0.59375 0.1359375 0.5359375
0 0.45625 0.38125 0.0625 0.0890625
1 0.546875 0.5828125 0.146875 0.559375
0 0.553125 0.425 0.059375 0.0921875
1 0.5125 0.590625 0.16875 0.5421875
0 0.534375 0.3671875 0.05625 0.06875
1 0.6484375 0.5828125 0.1640625 0.5578125
0 0.6515625 0.35625 0.065625 0.09375
1 0.7984375 0.6109375 0.2203125 0.503125
0 0.784375 0.415625 0.0828125 0.1109375
1 0.909375 0.6 0.1734375 0.525
0 0.9109375 0.39375 0.06875 0.103125