1 0.146875 0.675 0.1390625 0.240625
0 0.125 0.58125 0.040625 0.0515625
1 0.071875 0.5640625 0.1171875 0.3625
0 0.08125 0.421875 0.04375 0.053125
1 0.1671875 0.5375 0.0984375 0.303125
0 0.175 0.4078125 0.034375 0.040625
1 0.240625 0.653125 0.1015625 0.2
0 0.228125 0.578125 0.0375 0.0421875
1 0.25 0.53125 0.0890625 0.284375
0 0.246875 0.4125 0.028125 0.04375
1 0.328125 0.61875 0.1046875 0.2390625
0 0.334375 0.521875 0.0359375 0.0453125
1 0.3234375 0.5328125 0.09375 0.2765625
0 0.3203125 0.41875 0.0328125 0.0421875
1 0.41875 0.625 0.0953125 0.20625
0 0.4171875 0.5546875 0.034375 0.05
1 0.403125 0.528125 0.0890625 0.2828125
0 0.403125 0.4109375 0.03125 0.040625
1 0.5421875 0.6171875 0.0859375 0.1984375
0 0.5390625 0.5421875 0.034375 0.0453125
1 0.6203125 0.625 0.1046875 0.196875
0 0.61875 0.5546875 0.034375 0.04375
1 0.5703125 0.53125 0.078125 0.2828125
0 0.5734375 0.4125 0.0328125 0.0375
1 0.6390625 0.5328125 0.096875 0.2796875
0 0.6390625 0.4171875 0.028125 0.0390625
1 0.71875 0.5375 0.0921875 0.2796875
0 0.7140625 0.421875 0.0296875 0.0359375
1 0.796875 0.534375 0.0890625 0.2765625
0 0.7984375 0.4171875 0.0328125 0.0390625
1 0.8796875 0.5515625 0.1 0.3140625
0 0.865625 0.4296875 0.034375 0.040625
1 0.6765625 0.621875 0.078125 0.2046875
0 0.6796875 0.5453125 0.0375 0.046875
1 0.7484375 0.640625 0.103125 0.2171875
0 0.7515625 0.559375 0.0421875 0.046875
1 0.83125 0.6484375 0.10625 0.2359375
0 0.8296875 0.5609375 0.0421875 0.04375