1 0.8453125 0.5421875 0.3015625 0.4703125
0 0.9296875 0.35625 0.1046875 0.115625
1 0.228125 0.540625 0.228125 0.4734375
0 0.2046875 0.3546875 0.0671875 0.0671875
1 0.6578125 0.49375 0.109375 0.2515625
0 0.6671875 0.3921875 0.028125 0.0421875
1 0.784375 0.4234375 0.115625 0.2046875
0 0.79375 0.3359375 0.028125 0.025
1 0.584375 0.4125 0.096875 0.225
0 0.5828125 0.3171875 0.0234375 0.0265625
1 0.5640625 0.26875 0.04375 0.096875
0 0.5671875 0.225 0.0109375 0.0140625
1 0.5203125 0.2625 0.0421875 0.084375
0 0.5203125 0.221875 0.0125 0.0046875
1 0.6015625 0.240625 0.040625 0.040625
0 0.6015625 0.221875 0.0125 0.0046875
1 0.325 0.44375 0.0875 0.2375
0 0.3265625 0.3515625 0.03125 0.040625
1 0.421875 0.44375 0.06875 0.2203125
0 0.4234375 0.3515625 0.034375 0.0328125
1 0.415625 0.409375 0.090625 0.196875
0 0.403125 0.33125 0.0265625 0.0328125
1 0.428125 0.3234375 0.078125 0.1578125
0 0.425 0.2640625 0.0234375 0.03125
1 0.4390625 0.3140625 0.059375 0.1359375
0 0.446875 0.2609375 0.0171875 0.0203125
1 0.09375 0.471875 0.0625 0.1203125
0 0.084375 0.4234375 0.01875 0.0203125
1 0.0453125 0.5234375 0.0875 0.215625
0 0.0265625 0.43125 0.028125 0.025