1 0.0515625 0.559375 0.1015625 0.2328125
0 0.05625 0.4640625 0.03125 0.040625
1 0.1171875 0.5625 0.1 0.2296875
0 0.1046875 0.471875 0.03125 0.0390625
1 0.153125 0.5734375 0.078125 0.21875
0 0.1671875 0.4875 0.0296875 0.034375
1 0.190625 0.5859375 0.0390625 0.1078125
0 0.190625 0.54375 0.0125 0.015625
1 0.2203125 0.584375 0.04375 0.115625
0 0.21875 0.5390625 0.0109375 0.015625
1 0.2578125 0.5953125 0.040625 0.1015625
0 0.26875 0.553125 0.0140625 0.015625
1 0.3984375 0.5359375 0.2203125 0.584375
0 0.4203125 0.290625 0.06875 0.0890625
1 0.471875 0.565625 0.15625 0.4328125
0 0.5 0.3828125 0.0515625 0.0625
1 0.6328125 0.5453125 0.20625 0.565625
0 0.6390625 0.3234375 0.0625 0.078125
1 0.7140625 0.590625 0.14375 0.3828125
0 0.721875 0.4296875 0.0375 0.0421875
1 0.8125 0.55 0.2203125 0.55625
0 0.8375 0.315625 0.059375 0.0828125
1 0.9359375 0.5984375 0.1203125 0.38125
0 0.946875 0.440625 0.040625 0.0453125