1 0.9125 0.4859375 0.171875 0.3703125
0 0.878125 0.365625 0.0578125 0.059375
1 0.7921875 0.50625 0.2046875 0.340625
0 0.75 0.390625 0.0421875 0.046875
1 0.7140625 0.50625 0.209375 0.346875
0 0.6859375 0.4015625 0.0484375 0.053125
1 0.5921875 0.4953125 0.2125 0.36875
0 0.5546875 0.3921875 0.053125 0.0578125
1 0.478125 0.5328125 0.1484375 0.309375
0 0.4890625 0.4140625 0.0625 0.0609375
1 0.409375 0.5125 0.2046875 0.3828125
0 0.365625 0.390625 0.0453125 0.0515625
1 0.2375 0.53125 0.2234375 0.3453125
0 0.23125 0.4296875 0.053125 0.05625
1 0.15 0.5140625 0.1859375 0.384375
0 0.1515625 0.4328125 0.0515625 0.0578125
1 0.2953125 0.51875 0.3046875 0.4171875
0 0.2890625 0.3453125 0.0546875 0.0453125