1 0.15 0.684375 0.146875 0.2421875
0 0.1703125 0.5921875 0.0421875 0.053125
1 0.2453125 0.68125 0.1078125 0.234375
0 0.259375 0.5921875 0.040625 0.0484375
1 0.334375 0.6796875 0.1 0.234375
0 0.3375 0.590625 0.0390625 0.0484375
1 0.41875 0.6984375 0.1015625 0.1921875
0 0.4109375 0.6296875 0.0390625 0.05
1 0.49375 0.684375 0.10625 0.228125
0 0.4921875 0.5984375 0.04375 0.05
1 0.5875 0.690625 0.0953125 0.2109375
0 0.5890625 0.6125 0.0390625 0.0546875
1 0.665625 0.7 0.103125 0.190625
0 0.6703125 0.63125 0.046875 0.0515625
1 0.784375 0.6828125 0.140625 0.2109375
0 0.78125 0.60625 0.046875 0.0515625
1 0.025 0.6484375 0.046875 0.275
0 0.0125 0.5375 0.01875 0.0546875
1 0.1 0.5984375 0.11875 0.33125
0 0.1015625 0.4609375 0.0390625 0.05
1 0.2109375 0.63125 0.1 0.2203125
0 0.221875 0.553125 0.0375 0.0453125
1 0.28125 0.63125 0.0921875 0.2125
0 0.2828125 0.55 0.034375 0.04375
1 0.3390625 0.6375 0.1015625 0.2
0 0.328125 0.5625 0.0328125 0.0421875
1 0.4546875 0.64375 0.0875 0.18125
0 0.4515625 0.578125 0.0328125 0.04375
1 0.5515625 0.640625 0.1015625 0.18125
0 0.55 0.575 0.034375 0.040625
1 0.6140625 0.628125 0.096875 0.209375
0 0.621875 0.55 0.0328125 0.0453125
1 0.6734375 0.6375 0.0875 0.1859375
0 0.6765625 0.571875 0.0328125 0.046875
1 0.74375 0.6265625 0.0921875 0.2125
0 0.740625 0.5484375 0.034375 0.0421875
1 0.8140625 0.63125 0.08125 0.1984375
0 0.8171875 0.5578125 0.034375 0.0328125
1 0.8796875 0.6703125 0.125 0.2265625
0 0.8796875 0.584375 0.05 0.05
1 0.965625 0.690625 0.0609375 0.271875
0 0.984375 0.5875 0.0234375 0.059375
1 0.909375 0.61875 0.128125 0.24375
0 0.909375 0.51875 0.0421875 0.0421875
1 0.9359375 0.59375 0.0984375 0.29375
0 0.9375 0.475 0.034375 0.0453125
1 0.86875 0.590625 0.1046875 0.275
0 0.865625 0.475 0.0328125 0.0375
1 0.79375 0.603125 0.1 0.2625
0 0.79375 0.4921875 0.034375 0.040625
1 0.7015625 0.59375 0.0875 0.271875
0 0.7078125 0.478125 0.034375 0.0375
1 0.646875 0.59375 0.1 0.2796875
0 0.640625 0.478125 0.0375 0.0453125
1 0.5703125 0.5875 0.09375 0.271875
0 0.5796875 0.475 0.0296875 0.0359375
1 0.471875 0.6109375 0.0828125 0.2125
0 0.46875 0.528125 0.025 0.040625
1 0.3875 0.609375 0.1015625 0.2234375
0 0.396875 0.521875 0.0328125 0.04375
1 0.165625 0.6109375 0.075 0.25
0 0.171875 0.5140625 0.034375 0.046875
1 0.0375 0.59375 0.0703125 0.346875
0 0.0296875 0.45 0.046875 0.0546875
1 0.0484375 0.56875 0.0921875 0.3578125
0 0.040625 0.41875 0.0375 0.046875
1 0.0734375 0.553125 0.0984375 0.325
0 0.0859375 0.4265625 0.0375 0.05
1 0.1859375 0.5578125 0.1 0.275
0 0.1984375 0.446875 0.0375 0.0453125
1 0.1390625 0.54375 0.084375 0.26875
0 0.146875 0.4328125 0.0328125 0.0375
1 0.096875 0.5515625 0.0984375 0.325
0 0.096875 0.409375 0.028125 0.0359375
1 0.1265625 0.521875 0.078125 0.25625
0 0.128125 0.4171875 0.028125 0.0328125
1 0.19375 0.540625 0.0875 0.275
0 0.209375 0.425 0.0296875 0.0375
1 0.2671875 0.5640625 0.084375 0.2703125
0 0.2734375 0.453125 0.0328125 0.040625
1 0.3140625 0.5875 0.08125 0.2671875
0 0.3234375 0.478125 0.0328125 0.0421875
1 0.38125 0.5890625 0.1015625 0.2890625
0 0.3859375 0.4703125 0.028125 0.0421875
1 0.296875 0.528125 0.0640625 0.2390625
0 0.3015625 0.428125 0.028125 0.03125
1 0.3375 0.53125 0.0625 0.234375
0 0.340625 0.434375 0.028125 0.0328125
1 0.396875 0.55 0.0828125 0.25
0 0.4046875 0.446875 0.025 0.0375
1 0.3609375 0.55 0.078125 0.24375
0 0.365625 0.4484375 0.0265625 0.0328125
1 0.4515625 0.575 0.0875 0.2875
0 0.4515625 0.4578125 0.0328125 0.0421875
1 0.425 0.5515625 0.0625 0.24375
0 0.4328125 0.446875 0.025 0.0296875
1 0.509375 0.590625 0.071875 0.253125
0 0.5140625 0.4875 0.03125 0.0421875
1 0.4875 0.5609375 0.059375 0.23125
0 0.49375 0.4671875 0.028125 0.03125
1 0.4828125 0.5265625 0.084375 0.225
0 0.4859375 0.43125 0.025 0.03125
1 0.515625 0.5375 0.0625 0.2046875
0 0.51875 0.453125 0.025 0.028125
1 0.5296875 0.5359375 0.0546875 0.2125
0 0.5375 0.45 0.025 0.03125
1 0.5546875 0.5546875 0.075 0.23125
0 0.565625 0.459375 0.0296875 0.0375
1 0.5609375 0.528125 0.06875 0.23125
0 0.5640625 0.4296875 0.0234375 0.028125
1 0.596875 0.5390625 0.071875 0.2453125
0 0.6015625 0.4375 0.0296875 0.0375
1 0.6171875 0.5578125 0.0796875 0.23125
0 0.615625 0.4640625 0.028125 0.0375
1 0.66875 0.546875 0.059375 0.215625
0 0.6765625 0.459375 0.028125 0.0359375
1 0.759375 0.5359375 0.06875 0.21875
0 0.759375 0.45 0.0296875 0.0375
1 0.8125 0.5421875 0.084375 0.253125
0 0.8125 0.4390625 0.03125 0.040625
1 0.8640625 0.5359375 0.0625 0.2296875
0 0.865625 0.440625 0.028125 0.0359375
1 0.9 0.5640625 0.0625 0.2703125
0 0.9046875 0.453125 0.0296875 0.0375
1 0.321875 0.4921875 0.06875 0.1984375
0 0.3234375 0.415625 0.028125 0.0359375
1 0.446875 0.509375 0.06875 0.1984375
0 0.446875 0.43125 0.025 0.03125
1 0.784375 0.534375 0.075 0.221875
0 0.7875 0.44375 0.025 0.0328125
1 0.8390625 0.515625 0.0546875 0.190625
0 0.84375 0.440625 0.028125 0.0328125
1 0.259375 0.5421875 0.0796875 0.26875
0 0.2546875 0.440625 0.0265625 0.0375
1 0.33125 0.5390625 0.0828125 0.221875
0 0.33125 0.453125 0.0296875 0.0375