1 0.309375 0.5578125 0.13125 0.421875
0 0.31875 0.38125 0.0484375 0.065625
1 0.36875 0.5484375 0.2046875 0.4125
0 0.4234375 0.3796875 0.0421875 0.0578125
1 0.490625 0.5546875 0.0890625 0.3734375
0 0.4875 0.4 0.0390625 0.05625
1 0.5625 0.571875 0.1046875 0.35
0 0.55 0.4296875 0.0421875 0.053125
1 0.590625 0.5671875 0.15 0.4046875
0 0.61875 0.3984375 0.046875 0.0625
1 0.69375 0.553125 0.2390625 0.43125
0 0.68125 0.378125 0.0515625 0.06875
1 0.759375 0.5640625 0.1296875 0.409375
0 0.7515625 0.396875 0.046875 0.0625
1 0.83125 0.584375 0.1390625 0.36875
0 0.821875 0.45 0.059375 0.065625