1 0.628125 0.5921875 0.21875 0.1890625
0 0.6296875 0.6296875 0.121875 0.1140625
1 0.80625 0.5921875 0.2546875 0.1890625
0 0.7515625 0.565625 0.10625 0.109375
1 0.2578125 0.5921875 0.23125 0.1890625
0 0.2375 0.64375 0.1625 0.0875
1 0.065625 0.5921875 0.1296875 0.1890625
0 0.0640625 0.5875 0.1109375 0.1140625
1 0.4078125 0.590625 0.225 0.1953125
0 0.4140625 0.515625 0.0890625 0.1015625
1 0.7640625 0.5421875 0.44375 0.28125
0 0.85 0.4453125 0.071875 0.0796875
1 0.86875 0.4484375 0.1578125 0.203125
0 0.859375 0.3828125 0.0390625 0.05625
1 0.7625 0.44375 0.11875 0.2125
0 0.7609375 0.36875 0.0421875 0.0578125
1 0.6125 0.4703125 0.1875 0.2234375
0 0.58125 0.3953125 0.0515625 0.065625
1 0.078125 0.5046875 0.153125 0.2515625
0 0.0421875 0.4203125 0.0765625 0.0671875
1 0.21875 0.4765625 0.2078125 0.21875
0 0.1921875 0.4046875 0.05 0.06875
1 0.31875 0.4578125 0.1625 0.2078125
0 0.30625 0.3859375 0.0546875 0.0578125
1 0.365625 0.4265625 0.1390625 0.21875
0 0.3484375 0.3515625 0.0421875 0.05625
1 0.4984375 0.4140625 0.1328125 0.1875
0 0.484375 0.3515625 0.0390625 0.0546875
1 0.0640625 0.446875 0.125 0.234375
0 0.02421875 0.36328125 0.0484375 0.0609375
1 0.03125 0.39375 0.059375 0.1703125
0 0.01875 0.325 0.0359375 0.034375
1 0.096875 0.41875 0.13125 0.20625
0 0.075 0.3515625 0.0421875 0.0578125
1 0.2 0.4296875 0.14375 0.1953125
0 0.184375 0.359375 0.04375 0.046875
1 0.4765625 0.3859375 0.1453125 0.1515625
0 0.4640625 0.3359375 0.034375 0.046875
1 0.6515625 0.4109375 0.1234375 0.165625
0 0.65 0.3578125 0.0390625 0.046875
1 0.646875 0.4109375 0.14375 0.1984375
0 0.6453125 0.3359375 0.0375 0.0484375
1 0.2765625 0.3796875 0.1125 0.140625
0 0.2640625 0.3140625 0.0296875 0.0109375
1 0.3859375 0.3609375 0.08125 0.103125
0 0.3890625 0.31875 0.034375 0.0203125
1 0.15625 0.365625 0.1015625 0.1125
0 0.15625 0.3234375 0.03125 0.0296875
1 0.2109375 0.3765625 0.08125 0.134375
0 0.2109375 0.3296875 0.0296875 0.0359375
1 0.25 0.3734375 0.1015625 0.128125
0 0.2453125 0.328125 0.03125 0.0375
1 0.128125 0.321875 0.0390625 0.0265625
0 0.1234375 0.3109375 0.00625 0.003125
1 0.1078125 0.321875 0.0375 0.025
0 0.1078125 0.3109375 0.0109375 0.003125
1 0.0390625 0.321875 0.04375 0.0265625
0 0.0265625 0.309375 0.00625 0.0015625
1 0.425 0.3375 0.05 0.05625
0 0.421875 0.3125 0.0140625 0.00625
1 0.3734375 0.3359375 0.046875 0.053125
0 0.365625 0.3140625 0.01875 0.0078125
1 0.3421875 0.3671875 0.1015625 0.1171875
0 0.3375 0.328125 0.03125 0.034375
1 0.590625 0.3609375 0.0890625 0.103125
0 0.575 0.3203125 0.0296875 0.0203125
1 0.9765625 0.3328125 0.0421875 0.046875
0 0.9765625 0.3109375 0.0140625 0.0046875
1 0.7234375 0.35 0.0875 0.08125
0 0.71875 0.315625 0.01875 0.0125