1 0.6421875 0.5609375 0.096875 0.1453125
0 0.6328125 0.5078125 0.0390625 0.0359375
1 0.6609375 0.5640625 0.13125 0.1921875
0 0.671875 0.4640625 0.0265625 0.034375
1 0.7609375 0.5421875 0.046875 0.1703125
0 0.759375 0.471875 0.021875 0.0265625
1 0.80625 0.5421875 0.05625 0.184375
0 0.803125 0.465625 0.025 0.0265625
1 0.8796875 0.553125 0.0765625 0.215625
0 0.890625 0.4671875 0.03125 0.03125
1 0.5609375 0.5 0.034375 0.1078125
0 0.5578125 0.453125 0.009375 0.0125
1 0.575 0.496875 0.0390625 0.1078125
0 0.571875 0.4515625 0.0140625 0.015625
1 0.5953125 0.5 0.0296875 0.096875
0 0.5921875 0.4609375 0.0125 0.015625
1 0.140625 0.534375 0.090625 0.25
0 0.15625 0.4390625 0.0390625 0.0515625
1 0.2609375 0.5546875 0.09375 0.2125
0 0.26875 0.471875 0.0390625 0.0421875
1 0.30625 0.609375 0.05 0.1015625
0 0.3109375 0.578125 0.034375 0.0375
1 0.3375 0.5734375 0.0390625 0.115625
0 0.3390625 0.5296875 0.021875 0.0234375
1 0.3359375 0.5328125 0.046875 0.1625
0 0.3484375 0.4640625 0.01875 0.0234375
1 0.375 0.559375 0.09375 0.2015625
0 0.365625 0.4828125 0.034375 0.0453125
1 0.2390625 0.5234375 0.06875 0.2203125
0 0.246875 0.4296875 0.025 0.028125
1 0.5390625 0.4828125 0.0265625 0.0640625
0 0.5421875 0.4578125 0.009375 0.009375
1 0.4546875 0.4828125 0.028125 0.0828125
0 0.4625 0.4484375 0.009375 0.0140625
1 0.46875 0.4890625 0.025 0.0734375
0 0.46875 0.459375 0.009375 0.0109375
1 0.396875 0.49375 0.0328125 0.0953125
0 0.396875 0.453125 0.009375 0.0109375
1 0.4203125 0.4828125 0.0234375 0.075
0 0.421875 0.453125 0.0078125 0.009375
1 0.4359375 0.4828125 0.021875 0.0734375
0 0.4375 0.4546875 0.009375 0.0109375