1 0.91875 0.4796875 0.153125 0.634375
0 0.928125 0.2296875 0.0828125 0.096875
1 0.753125 0.5734375 0.18125 0.503125
0 0.7671875 0.36875 0.078125 0.0796875
1 0.803125 0.4859375 0.1828125 0.603125
0 0.796875 0.240625 0.0796875 0.1015625
1 0.5453125 0.5390625 0.2546875 0.528125
0 0.540625 0.325 0.075 0.0796875
1 0.628125 0.4859375 0.2265625 0.5828125
0 0.63125 0.2515625 0.06875 0.096875
1 0.30625 0.565625 0.2296875 0.4796875
0 0.328125 0.3765625 0.075 0.0875
1 0.3828125 0.484375 0.1796875 0.5828125
0 0.3875 0.246875 0.0765625 0.0953125
1 0.13125 0.615625 0.2015625 0.409375
0 0.1390625 0.465625 0.0796875 0.0921875
1 0.1734375 0.50625 0.18125 0.575
0 0.15 0.2703125 0.08125 0.0828125
1 0.075 0.478125 0.1453125 0.6109375
0 0.0671875 0.234375 0.075 0.1046875