1 0.7828125 0.6625 0.1796875 0.3265625
0 0.7921875 0.54375 0.0578125 0.075
1 0.8703125 0.5 0.1234375 0.409375
0 0.8609375 0.33125 0.0484375 0.0578125
1 0.79375 0.503125 0.1453125 0.41875
0 0.7828125 0.3328125 0.0546875 0.065625
1 0.8359375 0.4765625 0.0953125 0.3859375
0 0.828125 0.3125 0.040625 0.0484375
1 0.740625 0.45625 0.0890625 0.3390625
0 0.7390625 0.3140625 0.0359375 0.05
1 0.6546875 0.609375 0.134375 0.2984375
0 0.65625 0.503125 0.0515625 0.0765625
1 0.5265625 0.590625 0.140625 0.259375
0 0.515625 0.4953125 0.0484375 0.0625
1 0.403125 0.571875 0.1265625 0.24375
0 0.3796875 0.4828125 0.046875 0.0640625
1 0.3125 0.4890625 0.125 0.346875
0 0.3125 0.3484375 0.0421875 0.0546875
1 0.1953125 0.4984375 0.1359375 0.3671875
0 0.175 0.3453125 0.0453125 0.0515625
1 0.06875 0.5 0.1265625 0.3359375
0 0.053125 0.3609375 0.0484375 0.0484375
1 0.1359375 0.484375 0.1359375 0.3671875
0 0.128125 0.3328125 0.0421875 0.05
1 0.25625 0.4625 0.13125 0.3671875
0 0.2484375 0.3125 0.0421875 0.0546875
1 0.3578125 0.4453125 0.1078125 0.3328125
0 0.3546875 0.3078125 0.034375 0.0515625
1 0.4328125 0.44375 0.10625 0.321875
0 0.4359375 0.3078125 0.0328125 0.05
1 0.503125 0.4703125 0.1296875 0.34375
0 0.4984375 0.3296875 0.0390625 0.059375
1 0.55 0.4484375 0.0828125 0.284375
0 0.5421875 0.33125 0.0328125 0.04375
1 0.5515625 0.378125 0.084375 0.25
0 0.5515625 0.278125 0.0265625 0.0359375
1 0.4734375 0.3921875 0.06875 0.2625
0 0.4734375 0.2859375 0.0328125 0.04375
1 0.6390625 0.371875 0.0953125 0.296875
0 0.6140625 0.2484375 0.034375 0.0390625
1 0.5046875 0.3125 0.0984375 0.2375
0 0.496875 0.2171875 0.0296875 0.0359375
1 0.4421875 0.33125 0.0734375 0.240625
0 0.440625 0.2390625 0.0265625 0.0359375
1 0.378125 0.340625 0.1109375 0.28125
0 0.375 0.228125 0.034375 0.040625
1 0.3234375 0.3875 0.084375 0.2609375
0 0.3140625 0.28125 0.03125 0.040625
1 0.28125 0.3953125 0.084375 0.275
0 0.2828125 0.284375 0.0328125 0.04375