1 0.215625 0.6109375 0.35 0.4359375
0 0.1125 0.4375 0.0703125 0.0796875
1 0.3015625 0.5640625 0.3296875 0.346875
0 0.203125 0.434375 0.0625 0.0671875
1 0.2953125 0.5296875 0.109375 0.2953125
0 0.29375 0.415625 0.0390625 0.0484375
1 0.40625 0.5390625 0.1328125 0.26875
0 0.4015625 0.4328125 0.0359375 0.0484375
1 0.478125 0.41875 0.0625 0.159375
0 0.4734375 0.3578125 0.0171875 0.0203125
1 0.8546875 0.6109375 0.284375 0.4359375
0 0.9171875 0.45625 0.078125 0.0953125
1 0.7578125 0.55 0.2046875 0.3375
0 0.80625 0.4171875 0.05625 0.0609375
1 0.671875 0.5171875 0.1109375 0.271875
0 0.671875 0.4109375 0.0390625 0.053125
1 0.7828125 0.5296875 0.1015625 0.2578125
0 0.778125 0.43125 0.034375 0.0453125
1 0.7296875 0.4765625 0.10625 0.209375
0 0.7265625 0.403125 0.0359375 0.0453125
1 0.3296875 0.4921875 0.0796875 0.190625
0 0.315625 0.4203125 0.03125 0.0328125
1 0.4109375 0.4875 0.0890625 0.203125
0 0.403125 0.4078125 0.03125 0.0375
1 0.3890625 0.471875 0.109375 0.1578125
0 0.3640625 0.4125 0.0265625 0.034375
1 0.4203125 0.4625 0.0921875 0.165625
0 0.3890625 0.396875 0.0234375 0.0296875
1 0.4453125 0.4484375 0.0546875 0.10625
0 0.43125 0.40625 0.015625 0.01875
1 0.4859375 0.41875 0.0546875 0.0765625
0 0.46875 0.3921875 0.0140625 0.015625
1 0.48125 0.446875 0.0453125 0.0953125
0 0.4828125 0.403125 0.015625 0.015625
1 0.61875 0.46875 0.1140625 0.1578125
0 0.6546875 0.4109375 0.0234375 0.0328125
1 0.6109375 0.4453125 0.071875 0.1234375
0 0.6171875 0.396875 0.015625 0.0171875
1 0.5828125 0.4390625 0.071875 0.1109375
0 0.5859375 0.39375 0.015625 0.0171875