1 0.0703125 0.734375 0.1375 0.484375
0 0.0453125 0.5421875 0.0671875 0.078125
1 0.19375 0.703125 0.1671875 0.496875
0 0.2109375 0.4953125 0.0671875 0.075
1 0.321875 0.6375 0.21875 0.5
0 0.3375 0.4265625 0.0546875 0.0734375
1 0.315625 0.7265625 0.16875 0.41875
0 0.3546875 0.565625 0.0578125 0.084375
1 0.371875 0.58125 0.2140625 0.446875
0 0.403125 0.390625 0.046875 0.0546875
1 0.48125 0.690625 0.15 0.5203125
0 0.484375 0.471875 0.053125 0.071875
1 0.5 0.5671875 0.121875 0.434375
0 0.5 0.3859375 0.046875 0.0625
1 0.5109375 0.634375 0.134375 0.4546875
0 0.5140625 0.4421875 0.0453125 0.0671875
1 0.48125 0.690625 0.140625 0.5140625
0 0.4859375 0.4734375 0.0546875 0.071875
1 0.6171875 0.6765625 0.1421875 0.4984375
0 0.609375 0.471875 0.0515625 0.071875
1 0.6375 0.621875 0.1515625 0.48125
0 0.6375 0.415625 0.0546875 0.0640625
1 0.640625 0.553125 0.134375 0.4578125
0 0.6390625 0.3609375 0.0515625 0.0640625
1 0.7484375 0.6125 0.1875 0.4953125
0 0.73125 0.4 0.053125 0.059375
1 0.7453125 0.6734375 0.1390625 0.4921875
0 0.740625 0.4625 0.0546875 0.06875
1 0.7875 0.56875 0.140625 0.44375
0 0.78125 0.38125 0.0484375 0.0578125
1 0.8484375 0.68125 0.1390625 0.5046875
0 0.8328125 0.4640625 0.0515625 0.0671875
1 0.9015625 0.640625 0.18125 0.4453125
0 0.8828125 0.4515625 0.0515625 0.0640625
1 0.9390625 0.5921875 0.11875 0.4453125
0 0.95 0.40625 0.0515625 0.0640625