1 0.7546875 0.7359375 0.234375 0.5203125
0 0.8046875 0.559375 0.1140625 0.15625
1 0.575 0.6890625 0.290625 0.4640625
0 0.571875 0.5125 0.0953125 0.10625
1 0.378125 0.6796875 0.2703125 0.484375
0 0.325 0.50625 0.0890625 0.10625
1 0.2625 0.6421875 0.2265625 0.4296875
0 0.196875 0.4796875 0.08125 0.096875
1 0.1890625 0.628125 0.1265625 0.40625
0 0.140625 0.4703125 0.0265625 0.0703125
1 0.76875 0.61875 0.2078125 0.3671875
0 0.74375 0.484375 0.0921875 0.0875
1 0.6625 0.596875 0.196875 0.359375
0 0.6421875 0.465625 0.0796875 0.0859375
1 0.3796875 0.5421875 0.2140625 0.3328125
0 0.3296875 0.4171875 0.0640625 0.0703125
1 0.184375 0.45625 0.109375 0.1546875
0 0.1578125 0.4015625 0.0328125 0.0375
1 0.159375 0.446875 0.0671875 0.1515625
0 0.175 0.3875 0.0203125 0.025
1 0.36875 0.375 0.04375 0.09375
0 0.365625 0.34375 0.0125 0.0171875
1 0.4125 0.378125 0.0375 0.0890625
0 0.4125 0.3453125 0.0125 0.0125
1 0.49375 0.375 0.0484375 0.1140625
0 0.5 0.334375 0.0171875 0.0171875
1 0.5390625 0.3828125 0.05625 0.1171875
0 0.5390625 0.3375 0.0171875 0.0171875
1 0.5875 0.390625 0.046875 0.11875
0 0.5890625 0.34375 0.015625 0.0171875
1 0.703125 0.3953125 0.0671875 0.1515625
0 0.721875 0.33125 0.015625 0.0234375
1 0.825 0.421875 0.071875 0.2046875
0 0.8296875 0.334375 0.0203125 0.0265625