1 0.81875 0.646875 0.2390625 0.259375
0 0.775 0.553125 0.0453125 0.0578125
1 0.0234375 0.34375 0.0375 0.090625
0 0.025 0.30625 0.009375 0.009375
1 0.8625 0.375 0.078125 0.15
0 0.8625 0.3234375 0.03125 0.0359375
1 0.9328125 0.3625 0.0796875 0.1484375
0 0.9234375 0.315625 0.03125 0.0375
1 0.953125 0.3421875 0.0828125 0.125
0 0.9359375 0.303125 0.028125 0.0375
1 0.909375 0.346875 0.0703125 0.1234375
0 0.8984375 0.3109375 0.025 0.0328125
1 0.825 0.3578125 0.121875 0.15625
0 0.840625 0.3046875 0.040625 0.0453125
1 0.778125 0.3703125 0.084375 0.1375
0 0.778125 0.325 0.028125 0.0359375
1 0.7625 0.3515625 0.0859375 0.15625
0 0.7703125 0.2984375 0.03125 0.0375
1 0.7296875 0.3640625 0.1140625 0.1359375
0 0.728125 0.321875 0.03125 0.0453125
1 0.7109375 0.359375 0.1046875 0.1265625
0 0.7265625 0.321875 0.03125 0.0453125
1 0.6953125 0.3515625 0.0828125 0.1265625
0 0.7 0.3140625 0.0265625 0.03125
1 0.6546875 0.35625 0.0609375 0.1265625
0 0.6609375 0.3125 0.0234375 0.0328125
1 0.6453125 0.3375 0.0875 0.15
0 0.6609375 0.3109375 0.0234375 0.028125
1 0.5671875 0.3578125 0.0625 0.096875
0 0.5609375 0.3234375 0.0234375 0.0234375
1 0.5328125 0.365625 0.0546875 0.1015625
0 0.540625 0.340625 0.0234375 0.0265625
1 0.50625 0.3671875 0.0515625 0.0984375
0 0.51875 0.3375 0.0234375 0.028125
1 0.61875 0.359375 0.0875 0.1265625
0 0.6171875 0.315625 0.0265625 0.03125
1 0.59375 0.3609375 0.0796875 0.115625
0 0.5984375 0.3296875 0.0203125 0.03125
1 0.809375 0.359375 0.075 0.140625
0 0.809375 0.3171875 0.0359375 0.0453125