1 0.034375 0.653125 0.0671875 0.2390625
0 0.0375 0.553125 0.028125 0.0296875
1 0.15625 0.6671875 0.0734375 0.23125
0 0.1703125 0.5734375 0.0296875 0.0390625
1 0.4828125 0.6328125 0.0578125 0.20625
0 0.4859375 0.54375 0.0203125 0.025
1 0.5171875 0.5984375 0.0296875 0.0859375
0 0.515625 0.5640625 0.0078125 0.009375
1 0.70625 0.6046875 0.040625 0.1125
0 0.7109375 0.559375 0.015625 0.0171875
1 0.7234375 0.603125 0.040625 0.1140625
0 0.725 0.559375 0.0171875 0.021875
1 0.8859375 0.690625 0.1078125 0.15
0 0.8734375 0.6359375 0.0296875 0.0296875
1 0.59375 0.6140625 0.0375 0.065625
0 0.590625 0.5875 0.009375 0.0125