1 0.7234375 0.859375 0.1734375 0.275
0 0.7265625 0.76875 0.0625 0.08125
1 0.5234375 0.840625 0.215625 0.3140625
0 0.5421875 0.728125 0.0546875 0.08125
1 0.3734375 0.8421875 0.15 0.3125
0 0.38125 0.725 0.046875 0.0625
1 0.203125 0.871875 0.1546875 0.2515625
0 0.221875 0.771875 0.040625 0.0390625
1 0.1484375 0.8828125 0.046875 0.23125
0 0.1359375 0.7875 0.021875 0.03125
1 0.309375 0.8765625 0.0828125 0.24375
0 0.309375 0.7796875 0.0265625 0.0296875
1 0.253125 0.84375 0.0484375 0.1484375
0 0.253125 0.78125 0.015625 0.0171875
1 0.271875 0.8390625 0.046875 0.1515625
0 0.275 0.7765625 0.015625 0.0203125
1 0.29375 0.8515625 0.05 0.1515625
0 0.2921875 0.7875 0.0171875 0.0171875
1 0.1953125 0.8765625 0.08125 0.24375
0 0.2015625 0.7765625 0.025 0.0328125
1 0.4375 0.8640625 0.075 0.2140625
0 0.4421875 0.7765625 0.025 0.0296875
1 0.6125 0.8640625 0.078125 0.221875
0 0.6109375 0.7703125 0.025 0.0296875
1 0.6609375 0.865625 0.05625 0.1671875
0 0.665625 0.7953125 0.01875 0.021875
1 0.64375 0.840625 0.034375 0.1078125
0 0.6453125 0.7953125 0.0109375 0.0125
1 0.790625 0.8765625 0.0671875 0.1890625
0 0.790625 0.796875 0.021875 0.025
1 0.5984375 0.8390625 0.021875 0.08125
0 0.5984375 0.80625 0.0078125 0.0109375