1 0.015625 0.528125 0.021875 0.059375
0 0.0125 0.503125 0.0078125 0.0078125
1 0.053125 0.5203125 0.015625 0.05625
0 0.0546875 0.4984375 0.00625 0.0078125
1 0.071875 0.5265625 0.0140625 0.053125
0 0.071875 0.5046875 0.0078125 0.0078125
1 0.090625 0.5234375 0.0265625 0.05625
0 0.0890625 0.5 0.009375 0.009375
1 0.1125 0.5203125 0.0203125 0.05625
0 0.115625 0.496875 0.009375 0.009375
1 0.1296875 0.521875 0.015625 0.05
0 0.128125 0.5015625 0.00625 0.00625
1 0.1359375 0.5203125 0.0171875 0.05
0 0.1359375 0.5 0.0078125 0.0078125
1 0.1578125 0.5203125 0.0203125 0.0515625
0 0.159375 0.5 0.0046875 0.0046875
1 0.1890625 0.51875 0.01875 0.05625
0 0.190625 0.496875 0.00625 0.0078125
1 0.2140625 0.515625 0.01875 0.0515625
0 0.2140625 0.496875 0.0046875 0.0078125
1 0.2234375 0.515625 0.0140625 0.0453125
0 0.2234375 0.5 0.00625 0.00625
1 0.2328125 0.515625 0.01875 0.0484375
0 0.234375 0.496875 0.0046875 0.0078125
1 0.253125 0.5171875 0.021875 0.04375
0 0.25 0.5 0.00625 0.00625
1 0.2453125 0.5140625 0.0171875 0.046875
0 0.2453125 0.4953125 0.0046875 0.00625
1 0.25625 0.5125 0.015625 0.046875
0 0.25625 0.49375 0.00625 0.0078125
1 0.2703125 0.5140625 0.015625 0.0453125
0 0.271875 0.4953125 0.00625 0.00625
1 0.2875 0.5140625 0.015625 0.046875
0 0.2875 0.496875 0.00625 0.0078125
1 0.2796875 0.5109375 0.0125 0.046875
0 0.28125 0.4921875 0.0046875 0.00625
1 0.303125 0.515625 0.015625 0.0421875
0 0.3015625 0.4984375 0.00625 0.0078125
1 0.3203125 0.5109375 0.0171875 0.040625
0 0.321875 0.4953125 0.00625 0.00625
1 0.328125 0.5140625 0.0171875 0.0421875
0 0.328125 0.496875 0.0046875 0.0046875
1 0.34375 0.509375 0.01875 0.04375
0 0.34375 0.4953125 0.00625 0.0078125
1 0.3484375 0.5078125 0.009375 0.0375
0 0.3484375 0.4921875 0.0046875 0.0046875
1 0.353125 0.5078125 0.0140625 0.0375
0 0.3578125 0.4953125 0.0046875 0.0046875
1 0.3921875 0.509375 0.0125 0.0359375
0 0.390625 0.4953125 0.0046875 0.0046875
1 0.4015625 0.50625 0.0125 0.0390625
0 0.4015625 0.490625 0.0046875 0.0046875
1 0.4109375 0.50625 0.0125 0.0375
0 0.4109375 0.4921875 0.0046875 0.0046875
1 0.43125 0.5078125 0.009375 0.0375
0 0.43125 0.4921875 0.0046875 0.0046875
1 0.440625 0.5078125 0.0140625 0.034375
0 0.4390625 0.49375 0.0046875 0.0046875
1 0.45625 0.5046875 0.0171875 0.0375
0 0.4546875 0.4890625 0.0046875 0.0046875
1 0.4703125 0.503125 0.0140625 0.034375
0 0.471875 0.490625 0.0046875 0.00625
1 0.5703125 0.496875 0.0109375 0.0359375
0 0.5734375 0.484375 0.0046875 0.0046875
1 0.7796875 0.5796875 0.11875 0.3078125
0 0.740625 0.45625 0.0375 0.0484375
1 0.765625 0.5625 0.0828125 0.2703125
0 0.76875 0.4546875 0.0328125 0.0375
1 0.8015625 0.553125 0.05625 0.20625
0 0.7984375 0.4640625 0.0234375 0.025
1 0.853125 0.5078125 0.0359375 0.115625
0 0.85 0.459375 0.0140625 0.0140625
1 0.8859375 0.515625 0.0609375 0.159375
0 0.875 0.4515625 0.0234375 0.025
1 0.9265625 0.5109375 0.0609375 0.1390625
0 0.9234375 0.4546875 0.01875 0.01875