1 0.25 0.5734375 0.140625 0.465625
0 0.275 0.378125 0.05 0.065625
1 0.3015625 0.5359375 0.234375 0.41875
0 0.31875 0.359375 0.046875 0.0609375
1 0.3703125 0.51875 0.109375 0.3984375
0 0.3765625 0.353125 0.0421875 0.0609375
1 0.4328125 0.521875 0.090625 0.321875
0 0.434375 0.3890625 0.0359375 0.046875
1 0.5046875 0.50625 0.1296875 0.3484375
0 0.49375 0.359375 0.0375 0.05
1 0.5265625 0.4921875 0.1265625 0.3328125
0 0.5421875 0.3515625 0.0359375 0.0421875
1 0.5703125 0.496875 0.134375 0.303125
0 0.59375 0.371875 0.0296875 0.04375
1 0.6578125 0.4828125 0.18125 0.3015625
0 0.64375 0.35625 0.0359375 0.0453125
1 0.66875 0.48125 0.1640625 0.30625
0 0.6421875 0.35625 0.0359375 0.0421875