1 0.9546875 0.503125 0.0796875 0.175
0 0.9578125 0.4265625 0.021875 0.021875
1 0.8875 0.5140625 0.071875 0.1765625
0 0.88125 0.440625 0.021875 0.028125
1 0.8390625 0.4859375 0.0421875 0.1109375
0 0.840625 0.4390625 0.0140625 0.0140625
1 0.8125 0.471875 0.021875 0.0515625
0 0.8109375 0.45 0.0046875 0.00625
1 0.7875 0.46875 0.0125 0.040625
0 0.7875 0.4515625 0.0046875 0.0046875
1 0.7484375 0.4734375 0.025 0.0703125
0 0.7484375 0.4453125 0.0078125 0.009375
1 0.6171875 0.465625 0.015625 0.0546875
0 0.621875 0.44375 0.00625 0.00625
1 0.625 0.4703125 0.025 0.046875
0 0.6265625 0.4515625 0.0046875 0.0046875
1 0.584375 0.4890625 0.04375 0.1140625
0 0.5890625 0.440625 0.0171875 0.0171875