1 0.265625 0.740625 0.0640625 0.240625
0 0.2734375 0.6390625 0.0296875 0.0328125
1 0.184375 0.7890625 0.11875 0.415625
0 0.1640625 0.6234375 0.05625 0.0703125
1 0.36875 0.8 0.1296875 0.3921875
0 0.3734375 0.646875 0.0515625 0.0546875
1 0.41875 0.7546875 0.0484375 0.24375
0 0.415625 0.6515625 0.028125 0.03125
1 0.5359375 0.80625 0.20625 0.3828125
0 0.5171875 0.6515625 0.0609375 0.065625
1 0.65625 0.828125 0.1125 0.3125
0 0.6703125 0.6921875 0.034375 0.040625
1 0.71875 0.84375 0.221875 0.30625
0 0.7234375 0.725 0.0609375 0.065625