1 0.0859375 0.740625 0.1140625 0.1078125
0 0.0546875 0.7171875 0.0328125 0.034375
1 0.3453125 0.6296875 0.0703125 0.18125
0 0.3421875 0.559375 0.028125 0.03125
1 0.390625 0.6046875 0.0640625 0.1640625
0 0.384375 0.5375 0.021875 0.0265625
1 0.4078125 0.640625 0.0828125 0.19375
0 0.4203125 0.5609375 0.0234375 0.025
1 0.4453125 0.61875 0.0453125 0.175
0 0.4390625 0.5484375 0.0234375 0.028125
1 0.525 0.5859375 0.05625 0.1609375
0 0.521875 0.5203125 0.0171875 0.021875
1 0.5890625 0.584375 0.0484375 0.16875
0 0.578125 0.5125 0.021875 0.021875
1 0.6015625 0.5375 0.053125 0.1296875
0 0.59375 0.4859375 0.0171875 0.021875
1 0.6375 0.521875 0.0375 0.14375
0 0.640625 0.465625 0.015625 0.021875
1 0.6875 0.53125 0.05 0.146875
0 0.690625 0.4703125 0.015625 0.025
1 0.7015625 0.696875 0.0890625 0.1953125
0 0.71875 0.6234375 0.0296875 0.034375
1 0.7046875 0.675 0.0765625 0.1953125
0 0.725 0.6015625 0.028125 0.0375
1 0.8171875 0.69375 0.103125 0.2015625
0 0.8328125 0.6140625 0.028125 0.0375
1 0.796875 0.559375 0.0671875 0.15625
0 0.803125 0.49375 0.021875 0.021875
1 0.7734375 0.4703125 0.046875 0.11875
0 0.78125 0.4203125 0.0140625 0.0140625
1 0.7171875 0.440625 0.0328125 0.09375
0 0.7171875 0.4046875 0.0109375 0.0125
1 0.8453125 0.4046875 0.0296875 0.0796875
0 0.846875 0.3703125 0.009375 0.0109375
1 0.80625 0.465625 0.0359375 0.1140625
0 0.8078125 0.4171875 0.0140625 0.0171875
1 0.68125 0.4015625 0.0265625 0.0828125
0 0.678125 0.36875 0.009375 0.0125
1 0.55625 0.5734375 0.0484375 0.1546875
0 0.5484375 0.5078125 0.0234375 0.021875
1 0.2453125 0.490625 0.0390625 0.1265625
0 0.2390625 0.4390625 0.0125 0.0171875