1 0.890625 0.509375 0.2078125 0.675
0 0.871875 0.225 0.0875 0.096875
1 0.6765625 0.6125 0.3203125 0.2484375
0 0.771875 0.525 0.0703125 0.0671875
1 0.703125 0.571875 0.1875 0.2734375
0 0.7078125 0.4765625 0.046875 0.0671875
1 0.6875 0.48125 0.2578125 0.2109375
0 0.73125 0.415625 0.0453125 0.05625
1 0.4484375 0.59375 0.2359375 0.7078125
0 0.44375 0.290625 0.071875 0.0859375
1 0.40625 0.4078125 0.1125 0.396875
0 0.396875 0.2375 0.0359375 0.0515625
1 0.1609375 0.540625 0.2140625 0.6171875
0 0.15 0.2859375 0.0703125 0.090625
1 0.2828125 0.4734375 0.1953125 0.2859375
0 0.353125 0.3875 0.0484375 0.0546875
1 0.2234375 0.3515625 0.09375 0.2953125
0 0.2296875 0.2265625 0.0390625 0.034375
1 0.10859375 0.465625 0.2171875 0.56875
0 0.165625 0.234375 0.06875 0.084375
1 0.1125 0.43125 0.1515625 0.5046875
0 0.1171875 0.21875 0.05625 0.071875