1 0.7953125 0.65 0.1203125 0.2796875
0 0.790625 0.5484375 0.0390625 0.04375
1 0.6078125 0.6484375 0.0890625 0.2953125
0 0.6125 0.5234375 0.0359375 0.0390625
1 0.0296875 0.66875 0.05625 0.3125
0 0.021875 0.540625 0.04375 0.046875
1 0.0515625 0.609375 0.04375 0.16875
0 0.053125 0.5375 0.01875 0.01875
1 0.0703125 0.6375 0.05625 0.175
0 0.071875 0.5640625 0.021875 0.021875
1 0.103125 0.61875 0.05625 0.153125
0 0.1 0.55625 0.01875 0.025
1 0.1609375 0.64375 0.10625 0.328125
0 0.1890625 0.503125 0.034375 0.0375
1 0.2015625 0.665625 0.109375 0.2953125
0 0.196875 0.5421875 0.0390625 0.0453125
1 0.228125 0.65625 0.0734375 0.2
0 0.225 0.571875 0.025 0.025