1 0.2453125 0.575 0.13125 0.3515625
0 0.2609375 0.4265625 0.0390625 0.0484375
1 0.35 0.5640625 0.08125 0.3
0 0.3515625 0.4359375 0.0453125 0.0453125
1 0.31875 0.565625 0.115625 0.2546875
0 0.2953125 0.4546875 0.0296875 0.0296875
1 0.4015625 0.54375 0.071875 0.2375
0 0.403125 0.4453125 0.028125 0.0296875
1 0.4296875 0.5375 0.0625 0.2203125
0 0.41875 0.4453125 0.021875 0.0265625
1 0.49375 0.5140625 0.0640625 0.1875
0 0.4890625 0.440625 0.01875 0.0265625
1 0.5375 0.5109375 0.0421875 0.1515625
0 0.5390625 0.446875 0.01875 0.021875
1 0.5578125 0.490625 0.0484375 0.1453125
0 0.553125 0.434375 0.0171875 0.0203125
1 0.571875 0.49375 0.04375 0.1390625
0 0.5625 0.4375 0.0140625 0.0171875
1 0.60625 0.4921875 0.04375 0.11875
0 0.615625 0.446875 0.0109375 0.0125
1 0.6140625 0.484375 0.034375 0.121875
0 0.6203125 0.4359375 0.0125 0.0125
1 0.6265625 0.4828125 0.046875 0.103125
0 0.6140625 0.4421875 0.0109375 0.0140625
1 0.6625 0.475 0.040625 0.1015625
0 0.65625 0.434375 0.0109375 0.0125
1 0.68125 0.475 0.05 0.0953125
0 0.6859375 0.434375 0.0109375 0.0109375
1 0.7015625 0.46875 0.0359375 0.065625
0 0.6984375 0.440625 0.0078125 0.009375
1 0.7125 0.465625 0.0265625 0.075
0 0.7125 0.434375 0.0078125 0.0109375
1 0.7125 0.4640625 0.0265625 0.0796875
0 0.7125 0.4328125 0.0078125 0.0109375