1 0.2578125 0.5078125 0.15 0.45
0 0.2609375 0.321875 0.0484375 0.0671875
1 0.3546875 0.5 0.15 0.41875
0 0.3515625 0.3265625 0.053125 0.065625
1 0.4484375 0.4984375 0.1546875 0.4484375
0 0.4453125 0.3109375 0.046875 0.0625
1 0.55625 0.4953125 0.1640625 0.4546875
0 0.5609375 0.30625 0.05 0.065625
1 0.6890625 0.475 0.1625 0.490625
0 0.684375 0.278125 0.0546875 0.06875
1 0.796875 0.4953125 0.1328125 0.4609375
0 0.7921875 0.3015625 0.05 0.065625
1 0.315625 0.621875 0.2046875 0.359375
0 0.3375 0.4921875 0.0609375 0.0828125
1 0.5265625 0.609375 0.2046875 0.3484375
0 0.528125 0.484375 0.053125 0.0796875
1 0.7203125 0.6671875 0.2078125 0.3234375
0 0.725 0.5484375 0.0609375 0.0859375