1 0.7765625 0.5546875 0.4234375 0.3859375
0 0.76875 0.3734375 0.1453125 0.165625
1 0.5765625 0.546875 0.334375 0.403125
0 0.5765625 0.3453125 0.1109375 0.1484375
1 0.359375 0.5515625 0.3109375 0.39375
0 0.3984375 0.3375 0.0921875 0.109375
1 0.2046875 0.5609375 0.2484375 0.375
0 0.1953125 0.390625 0.096875 0.1171875
1 0.0453125 0.3859375 0.0890625 0.246875
0 0.0140625 0.2921875 0.0265625 0.0484375
1 0.125 0.3984375 0.146875 0.2984375
0 0.1265625 0.275 0.0390625 0.0515625
1 0.2265625 0.375 0.1578125 0.25
0 0.2234375 0.2703125 0.0484375 0.040625
1 0.4140625 0.4328125 0.1734375 0.365625
0 0.396875 0.3375 0.090625 0.1125
1 0.5296875 0.4109375 0.1921875 0.321875
0 0.471875 0.265625 0.065625 0.03125
1 0.896875 0.4515625 0.2 0.4046875
0 0.9484375 0.2640625 0.0640625 0.0265625