1 0.0875 0.7453125 0.0703125 0.165625
0 0.09375 0.678125 0.0203125 0.028125
1 0.4296875 0.75 0.0703125 0.1546875
0 0.428125 0.6890625 0.0203125 0.028125
1 0.7203125 0.765625 0.06875 0.125
0 0.7234375 0.7203125 0.0203125 0.021875
1 0.8765625 0.746875 0.0609375 0.1609375
0 0.8734375 0.6828125 0.0203125 0.0265625
1 0.915625 0.6578125 0.0359375 0.10625
0 0.9171875 0.6171875 0.0140625 0.015625
1 0.9328125 0.6484375 0.0359375 0.09375
0 0.93125 0.6109375 0.009375 0.0125
1 0.815625 0.653125 0.0359375 0.0890625
0 0.815625 0.61875 0.0109375 0.015625
1 0.6984375 0.6546875 0.040625 0.1109375
0 0.7 0.6109375 0.0109375 0.015625
1 0.603125 0.65625 0.034375 0.0921875
0 0.6046875 0.621875 0.0109375 0.015625
1 0.39375 0.6609375 0.03125 0.0890625
0 0.3890625 0.6265625 0.0109375 0.015625
1 0.1171875 0.5640625 0.0203125 0.0546875
0 0.1171875 0.5421875 0.00625 0.0078125
1 0.728125 0.521875 0.015625 0.0375
0 0.73125 0.5078125 0.00625 0.00625