1 0.1046875 0.703125 0.1859375 0.253125
0 0.084375 0.6984375 0.075 0.09375
1 0.1953125 0.7609375 0.0671875 0.1390625
0 0.1796875 0.7140625 0.0296875 0.0421875
1 0.1921875 0.7625 0.0828125 0.1359375
0 0.203125 0.715625 0.0390625 0.040625
1 0.2328125 0.7578125 0.0421875 0.1453125
0 0.2359375 0.6984375 0.01875 0.0203125
1 0.278125 0.7546875 0.06875 0.153125
0 0.2796875 0.7 0.0359375 0.0359375
1 0.3421875 0.7015625 0.1875 0.259375
0 0.34375 0.703125 0.071875 0.084375
1 0.340625 0.7375 0.103125 0.1859375
0 0.3421875 0.6875 0.0421875 0.05
1 0.384375 0.734375 0.034375 0.1015625
0 0.384375 0.696875 0.0125 0.0203125
1 0.409375 0.74375 0.0390625 0.1359375
0 0.4109375 0.6859375 0.015625 0.0171875
1 0.4375 0.7546875 0.078125 0.1515625
0 0.4328125 0.703125 0.0296875 0.0390625
1 0.4796875 0.690625 0.1765625 0.2796875
0 0.4828125 0.790625 0.09375 0.078125
1 0.478125 0.7125 0.1140625 0.2359375
0 0.4875 0.7203125 0.06875 0.0828125
1 0.521875 0.759375 0.084375 0.1421875
0 0.515625 0.709375 0.028125 0.0359375
1 0.5515625 0.7453125 0.06875 0.171875
0 0.5515625 0.6765625 0.0265625 0.03125
1 0.596875 0.7578125 0.0625 0.1453125
0 0.590625 0.7 0.025 0.0265625
1 0.6640625 0.7515625 0.0921875 0.1578125
0 0.6703125 0.696875 0.0328125 0.040625
1 0.6359375 0.7453125 0.08125 0.16875
0 0.6453125 0.68125 0.0296875 0.034375
1 0.7078125 0.759375 0.0515625 0.140625
0 0.7125 0.7140625 0.0265625 0.0359375
1 0.759375 0.7453125 0.1234375 0.16875
0 0.7765625 0.7171875 0.0609375 0.0671875
1 0.7890625 0.6640625 0.20625 0.33125
0 0.8 0.753125 0.1015625 0.1203125
1 0.9453125 0.7078125 0.10625 0.246875
0 0.95 0.796875 0.075 0.0671875
1 0.953125 0.74375 0.090625 0.1734375
0 0.953125 0.746875 0.0421875 0.046875