1 0.8671875 0.58125 0.2046875 0.3515625
0 0.8953125 0.4359375 0.0421875 0.04375
1 0.8453125 0.603125 0.184375 0.2703125
0 0.8671875 0.50625 0.04375 0.0421875
1 0.7203125 0.6015625 0.1578125 0.221875
0 0.7171875 0.5171875 0.0375 0.0484375
1 0.640625 0.584375 0.1609375 0.30625
0 0.6484375 0.521875 0.0328125 0.040625
1 0.55625 0.603125 0.15 0.2265625
0 0.55625 0.528125 0.0328125 0.0359375
1 0.434375 0.5921875 0.1265625 0.2546875
0 0.4359375 0.5203125 0.03125 0.0328125
1 0.3109375 0.5953125 0.1390625 0.2359375
0 0.3203125 0.5015625 0.0421875 0.040625
1 0.178125 0.5890625 0.1453125 0.2546875
0 0.1859375 0.509375 0.0375 0.0390625
1 0.0625 0.5890625 0.121875 0.240625
0 0.0546875 0.4953125 0.03125 0.0390625
1 0.1671875 0.5453125 0.209375 0.43125
0 0.1796875 0.365625 0.05 0.0625