1 0.8921875 0.5984375 0.0390625 0.096875
0 0.8921875 0.55625 0.0125 0.0109375
1 0.9203125 0.603125 0.0328125 0.090625
0 0.9171875 0.5640625 0.0125 0.0125
1 0.971875 0.58125 0.03125 0.0546875
0 0.971875 0.5578125 0.009375 0.00625
1 0.9546875 0.5765625 0.01875 0.0453125
0 0.9515625 0.5578125 0.0046875 0.00625
1 0.9546875 0.5734375 0.015625 0.046875
0 0.9515625 0.553125 0.0046875 0.0046875
1 0.9453125 0.5734375 0.0140625 0.0421875
0 0.94375 0.5578125 0.0046875 0.00625
1 0.934375 0.575 0.015625 0.0484375
0 0.934375 0.55625 0.00625 0.0078125
1 0.9140625 0.5734375 0.015625 0.0484375
0 0.9140625 0.553125 0.0078125 0.00625
1 0.9265625 0.5734375 0.0109375 0.0359375
0 0.9265625 0.5578125 0.0046875 0.0046875
1 0.9046875 0.575 0.0140625 0.040625
0 0.9046875 0.55625 0.0046875 0.0046875