1 0.7765625 0.8484375 0.1046875 0.2984375
0 0.796875 0.734375 0.0640625 0.0640625
1 0.6390625 0.8421875 0.1109375 0.3109375
0 0.6328125 0.709375 0.04375 0.04375
1 0.5296875 0.8421875 0.1359375 0.309375
0 0.5046875 0.721875 0.046875 0.0515625
1 0.4734375 0.834375 0.1015625 0.2671875
0 0.4859375 0.725 0.0359375 0.0421875
1 0.3765625 0.8375 0.121875 0.3203125
0 0.3734375 0.7046875 0.040625 0.0515625
1 0.28125 0.828125 0.125 0.3359375
0 0.2953125 0.6796875 0.0359375 0.040625
1 0.234375 0.7890625 0.0984375 0.325
0 0.2328125 0.65 0.0359375 0.0421875
1 0.2046875 0.734375 0.0765625 0.271875
0 0.2125 0.6203125 0.0390625 0.0390625
1 0.1875 0.678125 0.040625 0.2046875
0 0.1859375 0.5921875 0.0234375 0.028125
1 0.190625 0.546875 0.0359375 0.0875
0 0.196875 0.5125 0.0109375 0.0140625
1 0.2359375 0.6203125 0.046875 0.1453125
0 0.2390625 0.559375 0.01875 0.021875
1 0.2890625 0.6109375 0.0484375 0.140625
0 0.29375 0.5546875 0.0171875 0.021875
1 0.3234375 0.5640625 0.040625 0.1203125
0 0.3234375 0.515625 0.0125 0.0171875
1 0.3421875 0.609375 0.0390625 0.134375
0 0.34375 0.5546875 0.0140625 0.0203125
1 0.38125 0.6 0.0515625 0.1453125
0 0.3765625 0.5421875 0.0140625 0.01875
1 0.43125 0.6046875 0.0484375 0.1375
0 0.434375 0.55 0.015625 0.021875
1 0.4234375 0.5734375 0.0390625 0.109375
0 0.428125 0.5296875 0.015625 0.0171875
1 0.4515625 0.5796875 0.040625 0.1203125
0 0.45 0.5296875 0.0140625 0.015625
1 0.4671875 0.596875 0.0484375 0.134375
0 0.4671875 0.5421875 0.0171875 0.021875
1 0.5203125 0.5921875 0.04375 0.1546875
0 0.51875 0.528125 0.0171875 0.021875
1 0.559375 0.596875 0.04375 0.1421875
0 0.5625 0.5390625 0.015625 0.0171875
1 0.596875 0.60625 0.046875 0.146875
0 0.5953125 0.546875 0.0171875 0.0203125
1 0.59375 0.5890625 0.0546875 0.146875
0 0.596875 0.5296875 0.015625 0.01875
1 0.646875 0.6125 0.0515625 0.15
0 0.6453125 0.5484375 0.01875 0.021875
1 0.640625 0.5953125 0.046875 0.134375
0 0.65 0.5421875 0.0171875 0.021875
1 0.684375 0.609375 0.0515625 0.1265625
0 0.6921875 0.559375 0.0171875 0.01875
1 0.678125 0.5875 0.0515625 0.1171875
0 0.6859375 0.5421875 0.0171875 0.0171875
1 0.73125 0.5859375 0.0359375 0.109375
0 0.7375 0.5421875 0.0171875 0.0171875
1 0.746875 0.584375 0.0328125 0.109375
0 0.75 0.5421875 0.0140625 0.01875
1 0.684375 0.775 0.1234375 0.30625
0 0.6796875 0.6421875 0.0390625 0.0390625
1 0.734375 0.7671875 0.103125 0.259375
0 0.73125 0.65625 0.0359375 0.034375
1 0.7578125 0.703125 0.06875 0.203125
0 0.7484375 0.6171875 0.0265625 0.028125
1 0.775 0.6671875 0.0515625 0.1640625
0 0.7703125 0.6015625 0.021875 0.025
1 0.7421875 0.6375 0.046875 0.140625
0 0.74375 0.58125 0.021875 0.025
1 0.753125 0.6046875 0.0515625 0.1140625
0 0.7484375 0.559375 0.01875 0.01875
1 0.7859375 0.6421875 0.0640625 0.1453125
0 0.7796875 0.584375 0.025 0.025
1 0.8109375 0.628125 0.0375 0.1515625
0 0.821875 0.5671875 0.01875 0.0234375
1 0.7734375 0.5953125 0.046875 0.1375
0 0.7671875 0.540625 0.0171875 0.0203125
1 0.7875 0.59375 0.0390625 0.1203125
0 0.7890625 0.546875 0.0140625 0.0171875
1 0.1796875 0.6546875 0.025 0.1890625
0 0.1734375 0.5765625 0.0125 0.025