1 0.165625 0.6296875 0.1609375 0.3171875
0 0.1796875 0.4953125 0.0359375 0.0375
1 0.30625 0.6421875 0.1140625 0.3125
0 0.309375 0.5078125 0.0390625 0.040625
1 0.715625 0.615625 0.1078125 0.315625
0 0.709375 0.48125 0.0375 0.04375
1 0.81875 0.6078125 0.1109375 0.278125
0 0.828125 0.4890625 0.0328125 0.034375
1 0.9234375 0.6640625 0.1453125 0.3
0 0.946875 0.5421875 0.040625 0.04375
1 0.528125 0.59375 0.1 0.2015625
0 0.546875 0.5078125 0.0203125 0.025
1 0.5796875 0.590625 0.071875 0.171875
0 0.5828125 0.51875 0.0203125 0.025
1 0.35625 0.5875 0.0796875 0.19375
0 0.3515625 0.50625 0.0296875 0.0265625
1 0.103125 0.5859375 0.053125 0.1546875
0 0.1078125 0.5234375 0.01875 0.025
1 0.0921875 0.5625 0.05 0.0984375
0 0.0859375 0.5265625 0.0171875 0.0203125
1 0.0375 0.578125 0.053125 0.1421875
0 0.0390625 0.5203125 0.0171875 0.0203125
1 0.034375 0.665625 0.0625 0.1265625
0 0.0421875 0.6265625 0.03125 0.0359375
1 0.6375 0.56875 0.04375 0.1390625
0 0.6421875 0.515625 0.015625 0.0171875
1 0.8375 0.60625 0.103125 0.25625
0 0.853125 0.4984375 0.0265625 0.0328125
1 0.65625 0.56875 0.04375 0.146875
0 0.6546875 0.509375 0.015625 0.021875
1 0.55625 0.58125 0.059375 0.1578125
0 0.5640625 0.515625 0.01875 0.0203125
1 0.3046875 0.63125 0.1015625 0.2734375
0 0.296875 0.5203125 0.0296875 0.0359375
1 0.0234375 0.6125 0.04375 0.0625
0 0.0234375 0.5953125 0.0109375 0.0125
1 0.13125 0.56875 0.046875 0.1265625
0 0.1359375 0.515625 0.015625 0.0171875
1 0.1375 0.56875 0.0421875 0.1078125
0 0.140625 0.5234375 0.0109375 0.0140625
1 0.2171875 0.571875 0.0453125 0.1140625
0 0.2234375 0.5234375 0.015625 0.0140625
1 0.190625 0.5640625 0.034375 0.1078125
0 0.1984375 0.5203125 0.0171875 0.0140625
1 0.2390625 0.5671875 0.0421875 0.1046875
0 0.2421875 0.5234375 0.009375 0.0140625
1 0.2640625 0.565625 0.0359375 0.1203125
0 0.259375 0.515625 0.0171875 0.0171875
1 0.4453125 0.5609375 0.0296875 0.0890625
0 0.446875 0.5234375 0.009375 0.009375