1 0.1453125 0.540625 0.040625 0.0921875
0 0.134375 0.5046875 0.009375 0.0125
1 0.265625 0.53125 0.028125 0.0859375
0 0.265625 0.496875 0.009375 0.0125
1 0.2875 0.534375 0.0359375 0.078125
0 0.278125 0.503125 0.009375 0.0109375
1 0.309375 0.5171875 0.0234375 0.059375
0 0.3109375 0.4921875 0.00625 0.0078125
1 0.4046875 0.5296875 0.0171875 0.046875
0 0.40625 0.5109375 0.0046875 0.0078125
1 0.4171875 0.5296875 0.015625 0.05625
0 0.4171875 0.50625 0.0046875 0.00625
1 0.421875 0.5296875 0.0203125 0.05625
0 0.425 0.50625 0.00625 0.0078125
1 0.453125 0.5265625 0.0140625 0.046875
0 0.453125 0.5078125 0.00625 0.00625
1 0.475 0.525 0.015625 0.0359375
0 0.475 0.5109375 0.003125 0.0046875
1 0.5046875 0.5265625 0.009375 0.0328125
0 0.50625 0.5140625 0.0046875 0.0046875
1 0.5140625 0.5265625 0.015625 0.028125
0 0.5140625 0.515625 0.0046875 0.0046875
1 0.521875 0.525 0.0109375 0.0234375
0 0.51875 0.515625 0.0046875 0.0046875
1 0.6140625 0.5265625 0.23125 0.546875
0 0.6015625 0.2984375 0.0625 0.0703125
1 0.703125 0.5203125 0.03125 0.0859375
0 0.7015625 0.484375 0.009375 0.009375
1 0.71875 0.5234375 0.0296875 0.059375
0 0.715625 0.5 0.00625 0.0078125
1 0.7421875 0.525 0.0265625 0.0921875
0 0.7453125 0.4859375 0.0140625 0.0125
1 0.740625 0.4921875 0.025 0.05
0 0.7421875 0.475 0.0078125 0.0078125
1 0.8234375 0.53125 0.1171875 0.26875
0 0.8296875 0.4109375 0.0296875 0.025
1 0.9078125 0.5078125 0.1125 0.2046875
0 0.90625 0.425 0.0234375 0.028125
1 0.959375 0.503125 0.075 0.234375
0 0.9609375 0.40625 0.028125 0.0328125