1 0.2375 0.4921875 0.3625 0.7125
0 0.2875 0.2078125 0.0875 0.1203125
1 0.75625 0.4625 0.2859375 0.6265625
0 0.7109375 0.2109375 0.075 0.1125
1 0.575 0.4625 0.0765625 0.221875
0 0.5734375 0.3734375 0.028125 0.034375
1 0.9140625 0.50625 0.1234375 0.1421875
0 0.88125 0.453125 0.0328125 0.03125
1 0.88125 0.4453125 0.06875 0.1875
0 0.8828125 0.36875 0.0265625 0.025
1 0.8765625 0.31875 0.05625 0.15
0 0.871875 0.259375 0.01875 0.0234375
1 0.8296875 0.3265625 0.05625 0.140625
0 0.825 0.271875 0.0171875 0.025
1 0.84375 0.340625 0.071875 0.1125
0 0.8484375 0.2953125 0.015625 0.0125