1 0.403125 0.9 0.0234375 0.05
0 0.40625 0.88125 0.00625 0.0078125
1 0.4125 0.8984375 0.015625 0.04375
0 0.4125 0.8828125 0.0046875 0.0046875
1 0.4421875 0.91875 0.03125 0.05625
0 0.4421875 0.8953125 0.009375 0.0078125
1 0.4328125 0.9109375 0.01875 0.0578125
0 0.4359375 0.8890625 0.00625 0.0078125
1 0.44375 0.89375 0.0203125 0.040625
0 0.4453125 0.878125 0.0046875 0.0046875
1 0.4640625 0.9125 0.0265625 0.053125
0 0.4671875 0.8921875 0.00625 0.0078125
1 0.4671875 0.9 0.028125 0.046875
0 0.46875 0.88125 0.0046875 0.0078125
1 0.4953125 0.90625 0.025 0.0484375
0 0.4984375 0.8875 0.0078125 0.0078125
1 0.5125 0.909375 0.0203125 0.04375
0 0.5109375 0.890625 0.0046875 0.00625
1 0.546875 0.90625 0.0109375 0.040625
0 0.546875 0.890625 0.0046875 0.0046875
1 0.5640625 0.909375 0.0265625 0.053125
0 0.565625 0.8890625 0.0046875 0.0078125
1 0.58125 0.91875 0.021875 0.0484375
0 0.584375 0.9 0.0078125 0.0078125
1 0.5703125 0.9078125 0.0171875 0.040625
0 0.571875 0.89375 0.00625 0.00625
1 0.5765625 0.9046875 0.0125 0.046875
0 0.5765625 0.8859375 0.0046875 0.00625
1 0.5875 0.9140625 0.0140625 0.046875
0 0.5875 0.8953125 0.0046875 0.0046875
1 0.596875 0.903125 0.0109375 0.028125
0 0.5984375 0.8921875 0.0046875 0.0046875
1 0.6234375 0.9046875 0.0171875 0.0515625
0 0.621875 0.884375 0.00625 0.0078125
1 0.625 0.9078125 0.0171875 0.04375
0 0.6203125 0.890625 0.0046875 0.00625
1 0.640625 0.9078125 0.0203125 0.0359375
0 0.6484375 0.8953125 0.00625 0.0078125
1 0.7078125 0.9140625 0.0203125 0.053125
0 0.70625 0.8921875 0.00625 0.0078125
1 0.721875 0.9140625 0.021875 0.0484375
0 0.7203125 0.8953125 0.0078125 0.0078125
1 0.7734375 0.909375 0.0203125 0.0515625
0 0.775 0.8890625 0.0078125 0.0078125
1 0.7875 0.9109375 0.0203125 0.0453125
0 0.7828125 0.89375 0.0046875 0.0078125
1 0.7734375 0.8890625 0.0140625 0.0359375
0 0.7734375 0.875 0.0046875 0.00625
1 0.78125 0.8875 0.015625 0.0296875
0 0.778125 0.8765625 0.0046875 0.0046875
1 0.859375 0.915625 0.025 0.040625
0 0.85625 0.9 0.00625 0.0078125
1 0.8734375 0.9234375 0.0234375 0.0484375
0 0.8703125 0.90625 0.00625 0.00625
1 0.8765625 0.928125 0.0234375 0.046875
0 0.875 0.909375 0.00625 0.0078125
1 0.9546875 0.9234375 0.025 0.04375
0 0.9515625 0.90625 0.00625 0.00625
1 0.2375 0.8921875 0.0171875 0.04375
0 0.2375 0.878125 0.00625 0.00625
1 0.253125 0.8828125 0.015625 0.0359375
0 0.25 0.8703125 0.0046875 0.0046875
1 0.1984375 0.8875 0.0140625 0.0359375
0 0.2 0.8734375 0.0046875 0.0046875
1 0.1859375 0.8875 0.015625 0.0390625
0 0.1890625 0.871875 0.0046875 0.0046875
1 0.16875 0.8859375 0.0125 0.0390625
0 0.1703125 0.871875 0.0046875 0.0046875
1 0.1796875 0.884375 0.0171875 0.0390625
0 0.1828125 0.8703125 0.00625 0.0046875
1 0.1 0.86875 0.0140625 0.03125
0 0.1 0.8578125 0.003125 0.003125
1 0.1140625 0.86875 0.015625 0.03125
0 0.1140625 0.8578125 0.003125 0.003125
1 0.10625 0.8609375 0.009375 0.0234375
0 0.109375 0.853125 0.003125 0.003125
1 0.140625 0.871875 0.0109375 0.0265625
0 0.1421875 0.8640625 0.003125 0.003125
1 0.609375 0.8859375 0.01875 0.028125
0 0.615625 0.878125 0.0046875 0.00625
1 0.0609375 0.8640625 0.009375 0.0265625
0 0.0625 0.853125 0.003125 0.0015625