1 0.1078125 0.528125 0.0375 0.0671875
0 0.10625 0.5015625 0.0109375 0.0125
1 0.14375 0.528125 0.03125 0.065625
0 0.14375 0.503125 0.0140625 0.015625
1 0.109375 0.575 0.0515625 0.1046875
0 0.1046875 0.5390625 0.025 0.03125
1 0.0390625 0.5796875 0.0578125 0.1203125
0 0.0328125 0.5359375 0.025 0.028125
1 0.03125 0.590625 0.0625 0.15
0 0.01171875 0.53671875 0.0234375 0.0359375
1 0.0328125 0.5546875 0.046875 0.0953125
0 0.03125 0.51875 0.0203125 0.021875
1 0.04375 0.540625 0.0515625 0.071875
0 0.040625 0.515625 0.01875 0.0203125
1 0.103125 0.6484375 0.1828125 0.1828125
0 0.090625 0.590625 0.053125 0.059375
1 0.1671875 0.590625 0.14375 0.2984375
0 0.175 0.475 0.0453125 0.059375
1 0.23125 0.65 0.146875 0.18125
0 0.234375 0.5984375 0.0515625 0.0625
1 0.2625 0.60625 0.1265625 0.2671875
0 0.2609375 0.5078125 0.0453125 0.0578125
1 0.39375 0.596875 0.178125 0.284375
0 0.365625 0.4828125 0.0421875 0.05
1 0.353125 0.6375 0.1453125 0.2046875
0 0.359375 0.578125 0.0484375 0.059375
1 0.4375 0.5953125 0.1203125 0.2890625
0 0.4453125 0.4828125 0.04375 0.0625
1 0.4875 0.646875 0.11875 0.1859375
0 0.4875 0.5875 0.0421875 0.05625
1 0.53125 0.5984375 0.1265625 0.2828125
0 0.5328125 0.4890625 0.046875 0.053125
1 0.653125 0.5828125 0.1140625 0.3125
0 0.646875 0.4640625 0.0421875 0.053125
1 0.60625 0.65 0.14375 0.1796875
0 0.6015625 0.6 0.0375 0.05625
1 0.7828125 0.640625 0.2640625 0.1984375
0 0.7265625 0.5765625 0.046875 0.0609375
1 0.7859375 0.584375 0.1578125 0.3109375
0 0.784375 0.465625 0.05 0.0640625
1 0.840625 0.646875 0.1640625 0.1859375
0 0.8359375 0.5921875 0.05 0.0609375
1 0.5671875 0.5125 0.0375 0.1046875
0 0.578125 0.4765625 0.0140625 0.0203125
1 0.725 0.54375 0.059375 0.140625
0 0.7203125 0.4890625 0.021875 0.028125
1 0.4703125 0.546875 0.0578125 0.1328125
0 0.471875 0.5 0.021875 0.0265625