1 0.9265625 0.584375 0.096875 0.19375
0 0.9140625 0.5078125 0.03125 0.0390625
1 0.8578125 0.5921875 0.0703125 0.15625
0 0.85625 0.5359375 0.0296875 0.0375
1 0.9171875 0.55 0.0859375 0.225
0 0.9078125 0.45625 0.0296875 0.0328125
1 0.840625 0.53125 0.08125 0.2375
0 0.83125 0.4328125 0.028125 0.034375
1 0.8015625 0.58125 0.06875 0.153125
0 0.80625 0.5265625 0.028125 0.0359375
1 0.784375 0.53125 0.05625 0.1953125
0 0.784375 0.453125 0.025 0.03125
1 0.75 0.54375 0.0671875 0.215625
0 0.75 0.4546875 0.0265625 0.028125
1 0.725 0.571875 0.0890625 0.1765625
0 0.740625 0.5046875 0.028125 0.03125
1 0.6859375 0.540625 0.0703125 0.215625
0 0.6875 0.4515625 0.025 0.0296875
1 0.6578125 0.5265625 0.0625 0.2140625
0 0.659375 0.4375 0.025 0.03125
1 0.6359375 0.540625 0.0671875 0.2046875
0 0.625 0.45625 0.025 0.03125
1 0.6125 0.5359375 0.0546875 0.2078125
0 0.60625 0.4515625 0.0203125 0.03125
1 0.5765625 0.5328125 0.0671875 0.2171875
0 0.578125 0.44375 0.0234375 0.03125
1 0.5453125 0.540625 0.0625 0.20625
0 0.5515625 0.45625 0.021875 0.0296875
1 0.51875 0.5296875 0.0671875 0.225
0 0.5203125 0.4375 0.025 0.0328125
1 0.49375 0.54375 0.0625 0.2
0 0.4921875 0.459375 0.0265625 0.0296875
1 0.4296875 0.571875 0.1015625 0.153125
0 0.428125 0.515625 0.025 0.034375
1 0.4671875 0.53125 0.0640625 0.2265625
0 0.465625 0.434375 0.025 0.0328125
1 0.4578125 0.534375 0.0625 0.21875
0 0.45 0.4421875 0.021875 0.028125
1 0.4140625 0.534375 0.0578125 0.21875
0 0.4171875 0.44375 0.021875 0.03125
1 0.38125 0.54375 0.0671875 0.196875
0 0.378125 0.4625 0.0203125 0.028125
1 0.3703125 0.5234375 0.059375 0.209375
0 0.375 0.4390625 0.0234375 0.028125
1 0.346875 0.5203125 0.05 0.1921875
0 0.35 0.4421875 0.0234375 0.0265625
1 0.325 0.534375 0.0546875 0.1875
0 0.325 0.4578125 0.0203125 0.0296875
1 0.2859375 0.578125 0.071875 0.1296875
0 0.29375 0.53125 0.025 0.03125
1 0.2796875 0.5359375 0.059375 0.1953125
0 0.2875 0.45625 0.0203125 0.028125
1 0.296875 0.5140625 0.065625 0.19375
0 0.3 0.434375 0.0234375 0.0296875
1 0.2390625 0.5421875 0.0828125 0.20625
0 0.2421875 0.45625 0.028125 0.03125
1 0.221875 0.5265625 0.078125 0.209375
0 0.2234375 0.4375 0.0234375 0.028125
1 0.1890625 0.56875 0.06875 0.15
0 0.184375 0.5125 0.0265625 0.03125
1 0.196875 0.515625 0.0609375 0.20625
0 0.196875 0.43125 0.0234375 0.028125
1 0.1390625 0.5875 0.078125 0.1421875
0 0.1375 0.5359375 0.0234375 0.034375
1 0.1359375 0.5375 0.071875 0.203125
0 0.134375 0.45625 0.025 0.03125
1 0.16875 0.51875 0.053125 0.1875
0 0.1671875 0.4421875 0.028125 0.028125
1 0.1359375 0.5109375 0.0515625 0.175
0 0.1375 0.4390625 0.025 0.025
1 0.0671875 0.5890625 0.0671875 0.140625
0 0.075 0.5359375 0.028125 0.0296875
1 0.059375 0.5421875 0.0671875 0.221875
0 0.0640625 0.453125 0.025 0.034375
1 0.0984375 0.521875 0.0625 0.209375
0 0.0984375 0.434375 0.025 0.03125
1 0.03671875 0.53125 0.0734375 0.221875
0 0.0375 0.4390625 0.028125 0.034375
1 0.34375 0.5765625 0.0671875 0.1390625
0 0.3421875 0.528125 0.025 0.03125