1 0.075 0.7609375 0.1453125 0.3921875
0 0.04921875 0.63359375 0.0984375 0.1234375
1 0.0921875 0.634375 0.1796875 0.64375
0 0.0796875 0.384375 0.0953125 0.1296875
1 0.178125 0.5296875 0.1171875 0.375
0 0.1796875 0.3875 0.0640625 0.0765625
1 0.2125 0.6703125 0.1578125 0.465625
0 0.2203125 0.4953125 0.0859375 0.09375
1 0.265625 0.7375 0.3265625 0.440625
0 0.221875 0.5921875 0.0890625 0.125
1 0.234375 0.584375 0.1671875 0.4140625
0 0.2515625 0.4234375 0.0609375 0.0796875
1 0.2953125 0.68125 0.3109375 0.5515625
0 0.353125 0.4859375 0.1046875 0.1515625
1 0.4515625 0.6515625 0.2234375 0.58125
0 0.4234375 0.4140625 0.1046875 0.0984375
1 0.3546875 0.525 0.1890625 0.4328125
0 0.3796875 0.35625 0.0609375 0.078125
1 0.3296875 0.49375 0.2484375 0.5734375
0 0.3453125 0.2578125 0.0703125 0.0875
1 0.5046875 0.4296875 0.2109375 0.4890625
0 0.50625 0.2546875 0.0796875 0.1171875
1 0.36875 0.540625 0.140625 0.3609375
0 0.378125 0.4 0.0515625 0.065625
1 0.5171875 0.6765625 0.340625 0.559375
0 0.575 0.46875 0.1109375 0.1390625
1 0.58125 0.5671875 0.3171875 0.753125
0 0.5953125 0.390625 0.0890625 0.109375
1 0.7484375 0.6828125 0.2203125 0.5484375
0 0.7515625 0.490625 0.0984375 0.1390625
1 0.8734375 0.678125 0.24375 0.5578125
0 0.875 0.4640625 0.0890625 0.1234375
1 0.7890625 0.546875 0.2046875 0.5828125
0 0.7984375 0.3109375 0.0765625 0.090625
1 0.7953125 0.4625 0.1828125 0.5171875
0 0.7984375 0.3109375 0.0796875 0.0953125
1 0.90625 0.6 0.178125 0.478125
0 0.9171875 0.415625 0.0796875 0.09375
1 0.8515625 0.678125 0.2890625 0.5578125
0 0.8703125 0.4609375 0.0953125 0.121875
1 0.66875 0.453125 0.2171875 0.559375
0 0.6484375 0.23125 0.0734375 0.1046875