1 0.83125 0.5609375 0.1375 0.2
0 0.8203125 0.4515625 0.0546875 0.075
1 0.76875 0.54375 0.1515625 0.234375
0 0.765625 0.3890625 0.0671875 0.0859375
1 0.640625 0.55 0.190625 0.2203125
0 0.65 0.3859375 0.065625 0.0890625
1 0.4671875 0.5671875 0.1578125 0.1875
0 0.471875 0.4625 0.0546875 0.075
1 0.4296875 0.4734375 0.0390625 0.1203125
0 0.4328125 0.4265625 0.0140625 0.0171875
1 0.5078125 0.55 0.1453125 0.221875
0 0.5046875 0.425 0.05 0.071875
1 0.321875 0.5390625 0.1734375 0.2421875
0 0.3265625 0.3765625 0.0625 0.078125
1 0.1984375 0.5578125 0.234375 0.2046875
0 0.1890625 0.421875 0.0671875 0.0984375