1 0.91875 0.453125 0.0390625 0.0703125
0 0.915625 0.4234375 0.0109375 0.0125
1 0.9796875 0.55 0.034375 0.1015625
0 0.9875 0.509375 0.015625 0.015625
1 0.9484375 0.534375 0.046875 0.109375
0 0.953125 0.4890625 0.015625 0.0171875
1 0.9671875 0.6484375 0.0546875 0.1265625
0 0.975 0.596875 0.015625 0.0171875
1 0.90625 0.584375 0.04375 0.10625
0 0.9 0.5390625 0.0125 0.0140625
1 0.8953125 0.684375 0.0515625 0.128125
0 0.8828125 0.6328125 0.0171875 0.0203125
1 0.8875 0.646875 0.0609375 0.140625
0 0.8890625 0.590625 0.01875 0.021875
1 0.8421875 0.5734375 0.040625 0.115625
0 0.840625 0.5234375 0.0140625 0.0140625
1 0.8296875 0.5421875 0.0296875 0.0921875
0 0.8328125 0.50625 0.015625 0.015625
1 0.78125 0.5109375 0.034375 0.1015625
0 0.7796875 0.4703125 0.0109375 0.0140625
1 0.7734375 0.6140625 0.04375 0.10625
0 0.7703125 0.575 0.0140625 0.0171875
1 0.74375 0.5859375 0.0375 0.1125
0 0.746875 0.5390625 0.0171875 0.0140625
1 0.7609375 0.5546875 0.0265625 0.0859375
0 0.759375 0.521875 0.0140625 0.0171875
1 0.75 0.5375 0.0328125 0.0890625
0 0.753125 0.503125 0.0140625 0.0140625
1 0.7078125 0.6671875 0.05 0.125
0 0.715625 0.6171875 0.01875 0.0203125
1 0.7109375 0.625 0.05 0.13125
0 0.7046875 0.571875 0.01875 0.0171875
1 0.696875 0.6 0.0390625 0.125
0 0.7015625 0.55 0.0171875 0.0171875
1 0.703125 0.48125 0.0265625 0.06875
0 0.70625 0.4546875 0.0125 0.0109375
1 0.7296875 0.5 0.021875 0.059375
0 0.7296875 0.4765625 0.0109375 0.0109375
1 0.63125 0.575 0.0453125 0.1125
0 0.6359375 0.5265625 0.0171875 0.0171875
1 0.6390625 0.6609375 0.0546875 0.1453125
0 0.634375 0.6 0.021875 0.0203125
1 0.621875 0.6953125 0.040625 0.128125
0 0.6234375 0.64375 0.025 0.0234375
1 0.5875 0.715625 0.046875 0.1296875
0 0.5921875 0.6625 0.021875 0.0171875
1 0.5765625 0.6796875 0.0625 0.1328125
0 0.5859375 0.6234375 0.0234375 0.0203125
1 0.5828125 0.6265625 0.040625 0.1046875
0 0.584375 0.5859375 0.01875 0.0171875
1 0.571875 0.6 0.046875 0.115625
0 0.58125 0.55 0.015625 0.0125
1 0.525 0.778125 0.0578125 0.1640625
0 0.521875 0.709375 0.021875 0.0234375
1 0.5015625 0.65625 0.053125 0.1421875
0 0.5 0.596875 0.01875 0.0203125
1 0.4703125 0.603125 0.0375 0.11875
0 0.471875 0.55625 0.01875 0.01875
1 0.4234375 0.63125 0.040625 0.1375
0 0.428125 0.575 0.01875 0.0203125
1 0.53125 0.825 0.0765625 0.0953125
0 0.5265625 0.85 0.0296875 0.0375
1 0.4640625 0.7953125 0.065625 0.153125
0 0.45625 0.7328125 0.021875 0.0234375
1 0.459375 0.721875 0.0578125 0.1484375
0 0.4578125 0.6625 0.021875 0.021875
1 0.371875 0.821875 0.075 0.1015625
0 0.371875 0.790625 0.025 0.0359375
1 0.3875 0.7859375 0.065625 0.175
0 0.3921875 0.7140625 0.0203125 0.0203125
1 0.403125 0.6703125 0.053125 0.1515625
0 0.3953125 0.609375 0.01875 0.0203125
1 0.353125 0.603125 0.053125 0.128125
0 0.3546875 0.5484375 0.0140625 0.0140625
1 0.3078125 0.7625 0.0765625 0.190625
0 0.309375 0.684375 0.01875 0.0265625
1 0.2765625 0.6578125 0.0625 0.1453125
0 0.2765625 0.6015625 0.0171875 0.0234375
1 0.2234375 0.7421875 0.0625 0.1703125
0 0.2171875 0.66875 0.0203125 0.021875
1 0.215625 0.8109375 0.0578125 0.121875
0 0.2125 0.76875 0.021875 0.0296875
1 0.025 0.7015625 0.0453125 0.1640625
0 0.009375 0.63125 0.0140625 0.0203125
1 0.084375 0.7 0.0703125 0.18125
0 0.0828125 0.6203125 0.0171875 0.0171875
1 0.05 0.5625 0.04375 0.115625
0 0.053125 0.515625 0.0140625 0.0140625
1 0.05 0.4109375 0.03125 0.065625
0 0.040625 0.3859375 0.0109375 0.0109375
1 0.0265625 0.4375 0.0296875 0.0796875
0 0.028125 0.4046875 0.0109375 0.0125
1 0.0171875 0.4375 0.025 0.071875
0 0.01875 0.4125 0.0125 0.0125
1 0.0703125 0.359375 0.0265625 0.059375
0 0.06875 0.3375 0.009375 0.0109375
1 0.0515625 0.4625 0.025 0.0859375
0 0.053125 0.428125 0.0125 0.0140625
1 0.1 0.4828125 0.05 0.1125
0 0.096875 0.4375 0.0140625 0.0140625
1 0.1296875 0.4203125 0.040625 0.0890625
0 0.134375 0.3859375 0.0109375 0.0125
1 0.18125 0.4140625 0.0296875 0.06875
0 0.1828125 0.3875 0.0078125 0.0109375
1 0.203125 0.43125 0.0265625 0.0796875
0 0.1984375 0.4 0.0109375 0.0078125
1 0.2234375 0.4140625 0.025 0.0625
0 0.2234375 0.3921875 0.0078125 0.0078125
1 0.2734375 0.4578125 0.0328125 0.09375
0 0.2671875 0.41875 0.0125 0.0125
1 0.2 0.5328125 0.03125 0.1015625
0 0.1984375 0.4921875 0.0125 0.0140625
1 0.2328125 0.5625 0.053125 0.11875
0 0.2203125 0.5125 0.015625 0.0140625
1 0.309375 0.51875 0.0421875 0.1125
0 0.3046875 0.471875 0.015625 0.0171875
1 0.3140625 0.559375 0.03125 0.0796875
0 0.3171875 0.525 0.0109375 0.0078125
1 0.1953125 0.6328125 0.040625 0.1375
0 0.1984375 0.5765625 0.01875 0.0171875
1 0.1703125 0.61875 0.034375 0.121875
0 0.1671875 0.56875 0.015625 0.01875
1 0.1484375 0.575 0.04375 0.115625
0 0.146875 0.528125 0.015625 0.01875
1 0.140625 0.65 0.046875 0.14375
0 0.1375 0.5890625 0.0203125 0.0203125
1 0.534375 0.459375 0.0296875 0.0765625
0 0.5375 0.4296875 0.0109375 0.0109375
1 0.65625 0.45 0.0390625 0.0875
0 0.65625 0.4171875 0.0125 0.0140625
1 0.7234375 0.5703125 0.04375 0.109375
0 0.728125 0.525 0.0140625 0.015625