1 0.9109375 0.628125 0.115625 0.321875
0 0.9078125 0.4984375 0.04375 0.059375
1 0.8265625 0.6265625 0.1046875 0.3234375
0 0.834375 0.496875 0.05 0.0609375
1 0.7421875 0.6328125 0.10625 0.3109375
0 0.746875 0.5109375 0.04375 0.059375
1 0.659375 0.625 0.1140625 0.328125
0 0.671875 0.490625 0.0453125 0.05625
1 0.559375 0.625 0.1046875 0.3265625
0 0.565625 0.4953125 0.04375 0.0609375
1 0.4640625 0.6390625 0.0953125 0.3
0 0.4640625 0.5203125 0.0421875 0.059375
1 0.3734375 0.61875 0.090625 0.3390625
0 0.36875 0.4828125 0.04375 0.0609375
1 0.28125 0.6375 0.109375 0.303125
0 0.2828125 0.515625 0.040625 0.053125
1 0.19375 0.6234375 0.1234375 0.33125
0 0.1921875 0.4875 0.040625 0.0578125
1 0.0796875 0.628125 0.125 0.3203125
0 0.075 0.5015625 0.0453125 0.0625
1 0.0703125 0.5546875 0.0890625 0.2640625
0 0.071875 0.4484375 0.0375 0.046875
1 0.1453125 0.5515625 0.1 0.271875
0 0.140625 0.4421875 0.0375 0.0453125
1 0.234375 0.54375 0.0921875 0.2859375
0 0.2328125 0.425 0.034375 0.046875
1 0.3171875 0.54375 0.0828125 0.2859375
0 0.315625 0.4265625 0.0328125 0.0453125
1 0.3875 0.5421875 0.08125 0.2859375
0 0.384375 0.4265625 0.03125 0.0484375
1 0.46875 0.5453125 0.090625 0.2890625
0 0.46875 0.425 0.03125 0.0484375
1 0.5375 0.5484375 0.096875 0.275
0 0.5390625 0.4390625 0.0328125 0.046875
1 0.6203125 0.54375 0.096875 0.284375
0 0.621875 0.4296875 0.03125 0.053125
1 0.7046875 0.5546875 0.08125 0.265625
0 0.7046875 0.4484375 0.034375 0.046875
1 0.7765625 0.5515625 0.08125 0.275
0 0.78125 0.44375 0.0375 0.05
1 0.859375 0.5484375 0.1046875 0.2828125
0 0.865625 0.434375 0.0375 0.046875
1 0.8203125 0.484375 0.0796875 0.2359375
0 0.8234375 0.3890625 0.03125 0.040625
1 0.7359375 0.4953125 0.0796875 0.221875
0 0.734375 0.40625 0.03125 0.040625
1 0.6625 0.4859375 0.0796875 0.2421875
0 0.6609375 0.390625 0.03125 0.04375
1 0.578125 0.4859375 0.090625 0.2453125
0 0.5828125 0.3875 0.034375 0.0453125
1 0.4984375 0.4796875 0.090625 0.25625
0 0.496875 0.378125 0.034375 0.0421875
1 0.3953125 0.4765625 0.0984375 0.2609375
0 0.396875 0.36875 0.0359375 0.04375
1 0.2984375 0.4734375 0.0953125 0.26875
0 0.296875 0.3671875 0.03125 0.04375
1 0.2 0.4890625 0.084375 0.2390625
0 0.2015625 0.39375 0.0359375 0.04375
1 0.10625 0.4875 0.08125 0.240625
0 0.1046875 0.40625 0.0328125 0.0390625
1 0.1734375 0.4359375 0.06875 0.184375
0 0.175 0.3640625 0.028125 0.0359375
1 0.25 0.4359375 0.059375 0.190625
0 0.253125 0.3609375 0.028125 0.0359375
1 0.34375 0.4296875 0.06875 0.2046875
0 0.340625 0.3484375 0.0265625 0.0375
1 0.3875 0.4109375 0.06875 0.2078125
0 0.3890625 0.3265625 0.025 0.0328125
1 0.43125 0.4234375 0.065625 0.215625
0 0.4296875 0.3390625 0.025 0.0375
1 0.53125 0.425 0.0734375 0.2203125
0 0.534375 0.340625 0.03125 0.040625
1 0.6109375 0.434375 0.06875 0.2015625
0 0.6078125 0.3546875 0.0296875 0.040625
1 0.7375 0.4375 0.09375 0.2421875
0 0.7390625 0.3390625 0.03125 0.0390625
1 0.7515625 0.3875 0.0671875 0.1796875
0 0.75625 0.3171875 0.025 0.034375
1 0.684375 0.3953125 0.0609375 0.16875
0 0.6859375 0.328125 0.025 0.03125
1 0.621875 0.38125 0.075 0.196875
0 0.6234375 0.3015625 0.0234375 0.0328125
1 0.665625 0.3625 0.08125 0.1875
0 0.665625 0.2859375 0.025 0.028125
1 0.584375 0.359375 0.0640625 0.19375
0 0.584375 0.2796875 0.0234375 0.0296875
1 0.5515625 0.384375 0.071875 0.190625
0 0.5515625 0.309375 0.0265625 0.0390625
1 0.49375 0.3484375 0.0875 0.215625
0 0.4953125 0.25625 0.0265625 0.03125
1 0.41875 0.359375 0.0765625 0.19375
0 0.41875 0.2796875 0.025 0.0328125
1 0.359375 0.35625 0.06875 0.2
0 0.359375 0.2765625 0.0234375 0.0328125
1 0.3015625 0.359375 0.065625 0.196875
0 0.3 0.278125 0.025 0.0296875
1 0.3265625 0.3859375 0.065625 0.1875
0 0.325 0.309375 0.0234375 0.0328125
1 0.2578125 0.3859375 0.06875 0.1859375
0 0.2546875 0.3125 0.028125 0.0359375
1 0.196875 0.3828125 0.071875 0.19375
0 0.1953125 0.303125 0.03125 0.034375
1 0.1734375 0.35625 0.065625 0.2015625
0 0.1765625 0.2765625 0.0265625 0.0359375
1 0.2375 0.3609375 0.065625 0.1984375
0 0.2390625 0.278125 0.025 0.03125
1 0.4765625 0.38125 0.0625 0.1953125
0 0.4765625 0.303125 0.028125 0.0328125