1 0.046875 0.4625 0.09375 0.3421875
0 0.01796875 0.32265625 0.0359375 0.0515625
1 0.1109375 0.4765625 0.0890625 0.346875
0 0.0953125 0.3328125 0.04375 0.0484375
1 0.2359375 0.4625 0.071875 0.2640625
0 0.228125 0.353125 0.025 0.0328125
1 0.45625 0.4875 0.14375 0.409375
0 0.4453125 0.315625 0.0515625 0.053125
1 0.5640625 0.4328125 0.05 0.2046875
0 0.56875 0.35 0.021875 0.025
1 0.61875 0.459375 0.084375 0.296875
0 0.6015625 0.3390625 0.0375 0.05
1 0.6640625 0.4765625 0.1109375 0.3578125
0 0.646875 0.34375 0.0640625 0.0890625
1 0.703125 0.4703125 0.0828125 0.321875
0 0.6984375 0.334375 0.0421875 0.05
1 0.753125 0.4015625 0.0515625 0.171875
0 0.75 0.334375 0.01875 0.028125
1 0.8015625 0.4203125 0.071875 0.228125
0 0.796875 0.321875 0.025 0.0296875
1 0.7984375 0.4015625 0.05 0.1953125
0 0.796875 0.321875 0.028125 0.03125
1 0.85625 0.584375 0.1703125 0.578125
0 0.8359375 0.346875 0.071875 0.09375
1 0.7140625 0.609375 0.2015625 0.528125
0 0.725 0.3984375 0.06875 0.1
1 0.65625 0.5859375 0.1609375 0.575
0 0.6453125 0.3453125 0.065625 0.0890625
1 0.546875 0.5921875 0.14375 0.5625
0 0.5390625 0.3578125 0.059375 0.0859375
1 0.434375 0.5984375 0.165625 0.5515625
0 0.4359375 0.365625 0.0625 0.084375
1 0.290625 0.5765625 0.1796875 0.59375
0 0.296875 0.328125 0.075 0.0890625
1 0.1671875 0.5953125 0.20625 0.55625
0 0.178125 0.3734375 0.0859375 0.0953125