1 0.6515625 0.590625 0.165625 0.4796875
0 0.6765625 0.390625 0.0578125 0.06875
1 0.5890625 0.55625 0.13125 0.4140625
0 0.5890625 0.39375 0.0546875 0.0671875
1 0.4546875 0.3875 0.0578125 0.11875
0 0.4484375 0.3421875 0.0171875 0.0234375
1 0.2375 0.4328125 0.0671875 0.1890625
0 0.2296875 0.3578125 0.021875 0.028125
1 0.11875 0.421875 0.03125 0.0796875
0 0.115625 0.39375 0.009375 0.0140625
1 0.0890625 0.428125 0.0296875 0.0671875
0 0.0921875 0.4015625 0.009375 0.0109375
1 0.0375 0.4359375 0.071875 0.0515625
0 0.0203125 0.4203125 0.0125 0.0140625
1 0.0515625 0.4359375 0.0375 0.0515625
0 0.0515625 0.4203125 0.009375 0.0140625
1 0.0953125 0.421875 0.0296875 0.0703125
0 0.0984375 0.396875 0.009375 0.0125
1 0.0859375 0.4171875 0.0453125 0.0875
0 0.090625 0.38125 0.009375 0.0125