1 0.096875 0.5421875 0.1921875 0.4328125
0 0.05 0.3703125 0.075 0.0828125
1 0.196875 0.5375 0.1453125 0.434375
0 0.18125 0.3578125 0.05625 0.06875
1 0.3453125 0.509375 0.1546875 0.3859375
0 0.303125 0.353125 0.0484375 0.0625
1 0.4171875 0.534375 0.209375 0.4484375
0 0.4265625 0.346875 0.05 0.065625
1 0.5515625 0.465625 0.1125 0.3109375
0 0.5328125 0.340625 0.03125 0.04375
1 0.5828125 0.425 0.0890625 0.2671875
0 0.5796875 0.3125 0.028125 0.0328125
1 0.6359375 0.45 0.0859375 0.2765625
0 0.6140625 0.3375 0.034375 0.0453125
1 0.7140625 0.4421875 0.1171875 0.3046875
0 0.7 0.315625 0.0390625 0.0421875
1 0.8484375 0.4203125 0.1 0.30625
0 0.8359375 0.290625 0.0359375 0.040625
1 0.925 0.4296875 0.1390625 0.3140625
0 0.91875 0.3046875 0.040625 0.04375
1 0.953125 0.3953125 0.0875 0.29375
0 0.953125 0.2703125 0.03125 0.0421875
1 0.2546875 0.484375 0.15 0.3453125
0 0.203125 0.340625 0.0390625 0.046875
1 0.3421875 0.4703125 0.09375 0.2890625
0 0.328125 0.3515625 0.0296875 0.0375
1 0.4921875 0.378125 0.03125 0.09375
0 0.4859375 0.340625 0.0125 0.0140625
1 0.50625 0.3625 0.03125 0.0796875
0 0.503125 0.3296875 0.0109375 0.0125
1 0.665625 0.43125 0.0625 0.246875
0 0.6609375 0.3296875 0.0375 0.040625
1 0.74375 0.43125 0.09375 0.26875
0 0.71875 0.321875 0.03125 0.0421875
1 0.7671875 0.409375 0.0796875 0.24375
0 0.753125 0.30625 0.028125 0.034375
1 0.8875 0.3953125 0.075 0.240625
0 0.8796875 0.29375 0.028125 0.0328125
1 0.796875 0.4015625 0.0546875 0.2203125
0 0.8046875 0.3078125 0.021875 0.028125
1 0.859375 0.371875 0.0703125 0.221875
0 0.85625 0.28125 0.025 0.034375