1 0.2828125 0.634375 0.09375 0.2890625
0 0.2859375 0.5125 0.0328125 0.0375
1 0.2453125 0.6078125 0.071875 0.2515625
0 0.2421875 0.5015625 0.0296875 0.0359375
1 0.26875 0.5859375 0.0734375 0.24375
0 0.2703125 0.4796875 0.025 0.028125
1 0.3265625 0.603125 0.0875 0.253125
0 0.3203125 0.496875 0.03125 0.0375
1 0.421875 0.5984375 0.10625 0.2515625
0 0.4109375 0.49375 0.028125 0.0328125
1 0.5484375 0.5953125 0.09375 0.2578125
0 0.540625 0.4875 0.0328125 0.0359375
1 0.39375 0.5453125 0.0703125 0.2
0 0.3875 0.4609375 0.0234375 0.028125