1 0.834375 0.6953125 0.271875 0.1984375
0 0.834375 0.6796875 0.08125 0.103125
1 0.590625 0.6984375 0.2828125 0.1921875
0 0.621875 0.703125 0.078125 0.0984375
1 0.2265625 0.7 0.26875 0.190625
0 0.25 0.6875 0.084375 0.1015625
1 0.86875 0.584375 0.1890625 0.4203125
0 0.8296875 0.4203125 0.065625 0.0828125
1 0.784375 0.58125 0.3203125 0.428125
0 0.73125 0.446875 0.05625 0.0828125
1 0.5890625 0.56875 0.1640625 0.4515625
0 0.58125 0.390625 0.065625 0.0890625
1 0.584375 0.64375 0.178125 0.3015625
0 0.5578125 0.5390625 0.065625 0.078125
1 0.4625 0.6765625 0.178125 0.2375
0 0.4484375 0.60625 0.0609375 0.0859375
1 0.3609375 0.6671875 0.1921875 0.2546875
0 0.365625 0.590625 0.0609375 0.084375
1 0.225 0.6609375 0.2125 0.2671875
0 0.28125 0.58125 0.0703125 0.0921875
1 0.121875 0.6265625 0.2421875 0.3359375
0 0.1734375 0.5109375 0.065625 0.0953125
1 0.4640625 0.578125 0.15 0.43125
0 0.4671875 0.4171875 0.05625 0.0796875
1 0.365625 0.5796875 0.1203125 0.43125
0 0.378125 0.4078125 0.0578125 0.078125
1 0.2796875 0.578125 0.15 0.4328125
0 0.2859375 0.4171875 0.0578125 0.0828125
1 0.1484375 0.5609375 0.2 0.4671875
0 0.18125 0.378125 0.071875 0.0859375
1 0.8453125 0.51875 0.18125 0.4890625
0 0.8390625 0.3203125 0.0609375 0.0796875
1 0.665625 0.5359375 0.1453125 0.4375
0 0.653125 0.3625 0.05 0.078125
1 0.6171875 0.525 0.140625 0.45
0 0.5953125 0.3375 0.0578125 0.065625
1 0.646875 0.4953125 0.121875 0.46875
0 0.6390625 0.2953125 0.053125 0.0640625
1 0.540625 0.509375 0.109375 0.478125
0 0.5390625 0.31875 0.053125 0.065625
1 0.484375 0.5234375 0.1359375 0.46875
0 0.4953125 0.334375 0.0546875 0.0765625
1 0.3890625 0.51875 0.1375 0.475
0 0.38125 0.325 0.0640625 0.071875
1 0.3015625 0.5 0.159375 0.4546875
0 0.303125 0.3203125 0.065625 0.0765625
1 0.3296875 0.46875 0.1484375 0.453125
0 0.3375 0.2890625 0.05 0.0640625
1 0.109375 0.4859375 0.21875 0.56875
0 0.128125 0.3390625 0.0625 0.075
1 0.45625 0.4640625 0.2 0.528125
0 0.4609375 0.2359375 0.053125 0.065625
1 0.775 0.4640625 0.29375 0.525
0 0.775 0.2796875 0.059375 0.078125