1 0.115625 0.7171875 0.103125 0.1859375
0 0.1375 0.6484375 0.0359375 0.0453125
1 0.1796875 0.7171875 0.0796875 0.1796875
0 0.1859375 0.6515625 0.0359375 0.0453125
1 0.25625 0.7109375 0.0828125 0.184375
0 0.2546875 0.64375 0.0328125 0.0453125
1 0.3328125 0.70625 0.0953125 0.1796875
0 0.340625 0.640625 0.0328125 0.0421875
1 0.41875 0.7109375 0.075 0.165625
0 0.4203125 0.653125 0.0328125 0.04375
1 0.4953125 0.7125 0.1046875 0.1796875
0 0.4953125 0.6484375 0.034375 0.046875
1 0.575 0.709375 0.0859375 0.190625
0 0.578125 0.6390625 0.0296875 0.04375
1 0.6515625 0.7109375 0.09375 0.2015625
0 0.65625 0.634375 0.03125 0.046875
1 0.7390625 0.7078125 0.090625 0.1859375
0 0.7375 0.6390625 0.0328125 0.04375
1 0.803125 0.7203125 0.0984375 0.2109375
0 0.7984375 0.6421875 0.0328125 0.05
1 0.8828125 0.7234375 0.1015625 0.20625
0 0.8828125 0.646875 0.0359375 0.05
1 0.1390625 0.65 0.1890625 0.23125
0 0.125 0.5609375 0.03125 0.0421875
1 0.1953125 0.653125 0.11875 0.23125
0 0.190625 0.5625 0.03125 0.0390625
1 0.253125 0.65625 0.1140625 0.2
0 0.2515625 0.58125 0.0328125 0.0453125
1 0.309375 0.653125 0.1140625 0.225
0 0.3203125 0.565625 0.03125 0.040625
1 0.3828125 0.646875 0.1171875 0.2203125
0 0.3890625 0.5578125 0.0328125 0.0359375
1 0.446875 0.653125 0.109375 0.225
0 0.45 0.5640625 0.0359375 0.0453125
1 0.540625 0.6515625 0.16875 0.225
0 0.51875 0.56875 0.0296875 0.040625
1 0.590625 0.6578125 0.109375 0.215625
0 0.5890625 0.5734375 0.028125 0.04375
1 0.6515625 0.6453125 0.09375 0.2171875
0 0.65625 0.565625 0.03125 0.0421875
1 0.71875 0.65 0.0984375 0.2125
0 0.725 0.5671875 0.0328125 0.040625
1 0.78125 0.6453125 0.1078125 0.21875
0 0.78125 0.559375 0.034375 0.040625
1 0.840625 0.640625 0.1078125 0.2328125
0 0.846875 0.5578125 0.0390625 0.0484375
1 0.315625 0.5609375 0.09375 0.221875
0 0.3265625 0.4734375 0.028125 0.0390625
1 0.3765625 0.565625 0.0875 0.2125
0 0.375 0.48125 0.0296875 0.0359375
1 0.4578125 0.565625 0.13125 0.196875
0 0.446875 0.496875 0.03125 0.0421875
1 0.5203125 0.56875 0.11875 0.2171875
0 0.51875 0.4890625 0.028125 0.0421875
1 0.5921875 0.5796875 0.134375 0.215625
0 0.5921875 0.49375 0.0328125 0.040625
1 0.6765625 0.5734375 0.15625 0.228125
0 0.6625 0.48125 0.03125 0.040625
1 0.725 0.5796875 0.08125 0.21875
0 0.7171875 0.49375 0.0296875 0.0375
1 0.8015625 0.5171875 0.090625 0.234375
0 0.7921875 0.421875 0.028125 0.0375
1 0.75625 0.5109375 0.1359375 0.2390625
0 0.734375 0.4125 0.028125 0.0390625
1 0.6765625 0.515625 0.0953125 0.2296875
0 0.675 0.4234375 0.03125 0.0375
1 0.6171875 0.515625 0.0875 0.2265625
0 0.6234375 0.425 0.0234375 0.0359375
1 0.5578125 0.5109375 0.0796875 0.2296875
0 0.5625 0.41875 0.0265625 0.0359375
1 0.50625 0.509375 0.090625 0.2203125
0 0.509375 0.421875 0.0265625 0.0359375
1 0.4484375 0.5015625 0.0875 0.2265625
0 0.453125 0.4109375 0.028125 0.0390625
1 0.4 0.503125 0.0953125 0.221875
0 0.3984375 0.415625 0.025 0.0390625
1 0.3640625 0.50625 0.1203125 0.2109375
0 0.34375 0.425 0.028125 0.0359375