1 0.4921875 0.6609375 0.1171875 0.3859375
0 0.4953125 0.49375 0.040625 0.04375
1 0.371875 0.621875 0.0796875 0.2671875
0 0.3765625 0.5046875 0.0296875 0.03125
1 0.2921875 0.6265625 0.090625 0.259375
0 0.2953125 0.5140625 0.0265625 0.0296875
1 0.2453125 0.546875 0.03125 0.0703125
0 0.24375 0.51875 0.009375 0.0109375
1 0.2125 0.5453125 0.0359375 0.0859375
0 0.215625 0.5109375 0.0109375 0.0125
1 0.2265625 0.540625 0.021875 0.06875
0 0.2265625 0.5140625 0.0109375 0.009375
1 0.0171875 0.584375 0.0296875 0.16875
0 0.00625 0.5125 0.0078125 0.01875