1 0.1671875 0.6703125 0.2859375 0.3015625
0 0.0734375 0.5609375 0.08125 0.0734375
1 0.1234375 0.621875 0.225 0.2640625
0 0.046875 0.53125 0.0703125 0.075
1 0.078125 0.553125 0.153125 0.18125
0 0.025 0.4875 0.05 0.0484375
1 0.046875 0.4671875 0.084375 0.1453125
0 0.0375 0.415625 0.034375 0.03125
1 0.3703125 0.60625 0.2171875 0.259375
0 0.3359375 0.5125 0.05625 0.0640625
1 0.3234375 0.56875 0.16875 0.20625
0 0.3140625 0.4953125 0.046875 0.0484375
1 0.25625 0.5453125 0.1515625 0.184375
0 0.2140625 0.4875 0.04375 0.05625
1 0.221875 0.51875 0.1109375 0.146875
0 0.19375 0.4703125 0.0375 0.0375
1 0.190625 0.5 0.0984375 0.1359375
0 0.175 0.45 0.03125 0.03125
1 0.159375 0.4859375 0.09375 0.125
0 0.171875 0.453125 0.03125 0.03125
1 0.1359375 0.4578125 0.071875 0.09375
0 0.11875 0.425 0.0265625 0.0265625
1 0.4703125 0.565625 0.1640625 0.203125
0 0.428125 0.490625 0.0390625 0.0453125
1 0.4265625 0.540625 0.125 0.14375
0 0.440625 0.51875 0.028125 0.0296875
1 0.4734375 0.525 0.09375 0.1375
0 0.45 0.4765625 0.0296875 0.03125
1 0.2859375 0.475 0.0703125 0.09375
0 0.2765625 0.446875 0.0328125 0.03125
1 0.2421875 0.4671875 0.059375 0.0828125
0 0.23125 0.44375 0.025 0.0265625
1 0.2953125 0.440625 0.05 0.075
0 0.2953125 0.4140625 0.0171875 0.01875
1 0.228125 0.4375 0.05 0.078125
0 0.221875 0.409375 0.015625 0.01875
1 0.246875 0.4203125 0.046875 0.0640625
0 0.2421875 0.4 0.0171875 0.01875
1 0.2546875 0.409375 0.0421875 0.05625
0 0.2515625 0.3953125 0.0140625 0.01875
1 0.5875 0.53125 0.096875 0.13125
0 0.5578125 0.4828125 0.025 0.0234375
1 0.54375 0.5203125 0.08125 0.1125
0 0.528125 0.48125 0.025 0.0265625
1 0.490625 0.496875 0.08125 0.1125
0 0.4796875 0.4578125 0.025 0.0296875
1 0.5890625 0.496875 0.0671875 0.1
0 0.578125 0.4609375 0.0234375 0.0234375
1 0.51875 0.478125 0.05625 0.09375
0 0.50625 0.446875 0.021875 0.0234375
1 0.490625 0.4703125 0.05625 0.0875
0 0.4765625 0.440625 0.021875 0.0234375
1 0.40625 0.428125 0.0328125 0.05625
0 0.409375 0.409375 0.0125 0.015625
1 0.3625 0.471875 0.0515625 0.075
0 0.3484375 0.45 0.0234375 0.0265625
1 0.3828125 0.48125 0.059375 0.0796875
0 0.375 0.459375 0.0265625 0.0296875
1 0.4015625 0.465625 0.0515625 0.078125
0 0.390625 0.4390625 0.0203125 0.01875
1 0.6875 0.440625 0.1 0.1421875
0 0.7 0.3828125 0.0171875 0.01875
1 0.640625 0.7328125 0.2828125 0.2765625
0 0.628125 0.6625 0.0984375 0.1125
1 0.9078125 0.7484375 0.178125 0.2453125
0 0.95625 0.703125 0.0796875 0.13125
1 0.7375 0.7296875 0.209375 0.284375
0 0.728125 0.634375 0.0625 0.075
1 0.775 0.6609375 0.14375 0.259375
0 0.759375 0.559375 0.04375 0.04375
1 0.915625 0.6703125 0.1359375 0.2515625
0 0.9046875 0.571875 0.0515625 0.05
1 0.8046875 0.584375 0.1171875 0.1984375
0 0.8 0.5125 0.046875 0.05
1 0.9203125 0.59375 0.13125 0.2
0 0.9203125 0.521875 0.0421875 0.040625
1 0.8390625 0.5265625 0.065625 0.125
0 0.84375 0.48125 0.0265625 0.0265625
1 0.915625 0.5421875 0.075 0.128125
0 0.9140625 0.496875 0.0265625 0.03125
1 0.971875 0.553125 0.05 0.1359375
0 0.9875 0.5140625 0.0171875 0.0515625
1 0.8125 0.55625 0.08125 0.1390625
0 0.80625 0.5 0.0296875 0.0265625