1 0.3734375 0.5890625 0.01875 0.0484375
0 0.3734375 0.56875 0.00625 0.00625
1 0.3875 0.584375 0.0125 0.034375
0 0.3875 0.5703125 0.003125 0.003125
1 0.4546875 0.590625 0.0171875 0.04375
0 0.45625 0.571875 0.0046875 0.00625
1 0.79375 0.671875 0.053125 0.1921875
0 0.7890625 0.5921875 0.0296875 0.0328125
1 0.7625 0.6875 0.065625 0.215625
0 0.76875 0.59375 0.021875 0.028125
1 0.6828125 0.6734375 0.06875 0.2046875
0 0.6796875 0.5859375 0.0203125 0.021875
1 0.6453125 0.6796875 0.0765625 0.240625
0 0.6390625 0.578125 0.0296875 0.0296875
1 0.5328125 0.7140625 0.0953125 0.2453125
0 0.53125 0.6140625 0.0265625 0.0375
1 0.4515625 0.7171875 0.103125 0.2359375
0 0.4375 0.61875 0.034375 0.0390625
1 0.403125 0.7484375 0.1625 0.2953125
0 0.4 0.625 0.0375 0.05
1 0.4015625 0.78125 0.1359375 0.2640625
0 0.390625 0.6765625 0.0421875 0.05
1 0.2796875 0.74375 0.1296875 0.271875
0 0.2796875 0.63125 0.0359375 0.0421875
1 0.3140625 0.709375 0.084375 0.2515625
0 0.325 0.603125 0.0328125 0.0375
1 0.2921875 0.6859375 0.0765625 0.21875
0 0.2953125 0.59375 0.025 0.025