1 0.8328125 0.821875 0.08125 0.353125
0 0.8359375 0.6875 0.065625 0.05625
1 0.7125 0.68125 0.096875 0.234375
0 0.715625 0.5796875 0.0234375 0.028125
1 0.85 0.6609375 0.0484375 0.140625
0 0.846875 0.603125 0.0171875 0.0171875
1 0.8109375 0.6296875 0.034375 0.1
0 0.8015625 0.5890625 0.0125 0.0140625
1 0.8328125 0.60625 0.0203125 0.05625
0 0.834375 0.58125 0.00625 0.0078125
1 0.8234375 0.58125 0.0078125 0.025
0 0.825 0.571875 0.003125 0.003125
1 0.8265625 0.5828125 0.0078125 0.0234375
0 0.8265625 0.571875 0.003125 0.003125
1 0.8375 0.5828125 0.0109375 0.025
0 0.8375 0.571875 0.003125 0.003125
1 0.85 0.5796875 0.0109375 0.025
0 0.85 0.5703125 0.003125 0.003125
1 0.809375 0.58125 0.009375 0.028125
0 0.809375 0.5703125 0.003125 0.003125
1 0.6796875 0.61875 0.0171875 0.0453125
0 0.678125 0.6 0.00625 0.00625
1 0.6796875 0.6125 0.021875 0.05625
0 0.68125 0.5875 0.00625 0.0078125
1 0.6546875 0.6125 0.0140625 0.0390625
0 0.65625 0.596875 0.00625 0.0046875
1 0.64375 0.6109375 0.0125 0.0421875
0 0.6453125 0.5921875 0.0046875 0.0046875
1 0.659375 0.60625 0.01875 0.0484375
0 0.6609375 0.5875 0.00625 0.00625
1 0.6328125 0.6015625 0.0125 0.0359375
0 0.6328125 0.5859375 0.003125 0.0046875
1 0.625 0.609375 0.0109375 0.025
0 0.6234375 0.5984375 0.003125 0.003125
1 0.6 0.6078125 0.0109375 0.03125
0 0.5984375 0.5953125 0.003125 0.0046875
1 0.603125 0.5984375 0.0203125 0.04375
0 0.6015625 0.58125 0.0046875 0.0046875
1 0.5703125 0.615625 0.025 0.0625
0 0.56875 0.5890625 0.00625 0.0078125
1 0.55 0.6171875 0.021875 0.0625
0 0.55 0.590625 0.00625 0.0078125
1 0.5484375 0.6171875 0.0328125 0.0609375
0 0.5515625 0.590625 0.00625 0.0078125
1 0.515625 0.6171875 0.0234375 0.05625
0 0.5125 0.59375 0.00625 0.0078125
1 0.5 0.6015625 0.01875 0.0421875
0 0.5015625 0.584375 0.0046875 0.00625
1 0.4890625 0.603125 0.015625 0.040625
0 0.490625 0.5859375 0.0046875 0.0046875
1 0.4453125 0.6203125 0.03125 0.0734375
0 0.4453125 0.5921875 0.0078125 0.0078125
1 0.4328125 0.625 0.0421875 0.071875
0 0.4328125 0.5953125 0.0078125 0.009375
1 0.4171875 0.6078125 0.0171875 0.0421875
0 0.4171875 0.5890625 0.0046875 0.0046875
1 0.4234375 0.5890625 0.0109375 0.0296875
0 0.425 0.5765625 0.003125 0.003125
1 0.409375 0.5921875 0.0125 0.028125
0 0.409375 0.5796875 0.003125 0.003125
1 0.359375 0.628125 0.0265625 0.078125
0 0.3625 0.5953125 0.009375 0.0109375
1 0.340625 0.625 0.03125 0.08125
0 0.34375 0.5890625 0.0109375 0.009375
1 0.378125 0.60625 0.01875 0.046875
0 0.3765625 0.5859375 0.0046875 0.0046875
1 0.36875 0.6046875 0.0140625 0.0421875
0 0.36875 0.5875 0.0046875 0.0046875
1 0.3265625 0.6015625 0.025 0.0453125
0 0.3234375 0.5859375 0.003125 0.003125
1 0.30625 0.6046875 0.0125 0.0390625
0 0.309375 0.5875 0.0046875 0.00625
1 0.190625 0.6078125 0.0265625 0.0671875
0 0.19375 0.58125 0.00625 0.009375
1 0.2140625 0.559375 0.0140625 0.0375
0 0.215625 0.54375 0.0046875 0.0046875
1 0.6671875 0.584375 0.009375 0.0296875
0 0.665625 0.571875 0.003125 0.003125
1 0.4375 0.6015625 0.015625 0.0421875
0 0.4375 0.584375 0.003125 0.003125
1 0.4484375 0.6140625 0.025 0.05
0 0.4453125 0.590625 0.009375 0.009375