1 0.9734375 0.3484375 0.0453125 0.2953125
0 0.984375 0.228125 0.0234375 0.046875
1 0.8890625 0.3890625 0.16875 0.5046875
0 0.8796875 0.18125 0.05625 0.0765625
1 0.7890625 0.5015625 0.2765625 0.8046875
0 0.7890625 0.1859375 0.1 0.1296875
1 0.66875 0.4375 0.19375 0.5890625
0 0.65 0.21875 0.0703125 0.08125
1 0.53125 0.346875 0.1078125 0.3171875
0 0.534375 0.228125 0.034375 0.0375
1 0.36875 0.375 0.1265625 0.3953125
0 0.36875 0.209375 0.05 0.0578125
1 0.4015625 0.434375 0.20625 0.609375
0 0.403125 0.2 0.0703125 0.0734375
1 0.2296875 0.5171875 0.334375 0.8578125
0 0.2015625 0.1640625 0.103125 0.128125
1 0.1125 0.3921875 0.13125 0.45
0 0.1078125 0.2140625 0.05 0.05625
1 0.0484375 0.353125 0.09375 0.2546875
0 0.05 0.253125 0.0265625 0.0265625