1 0.959375 0.728125 0.075 0.203125
0 0.9859375 0.665625 0.0234375 0.0484375
1 0.959375 0.7078125 0.075 0.2421875
0 0.9875 0.61875 0.01875 0.0515625
1 0.9125 0.6921875 0.1171875 0.275
0 0.9109375 0.590625 0.0515625 0.065625
1 0.975 0.684375 0.0453125 0.290625
0 0.984375 0.5671875 0.025 0.0484375
1 0.965625 0.6109375 0.0640625 0.215625
0 0.9828125 0.5265625 0.028125 0.0359375
1 0.8375 0.690625 0.1171875 0.278125
0 0.8390625 0.58125 0.0453125 0.05625
1 0.746875 0.7046875 0.140625 0.2515625
0 0.7640625 0.6109375 0.0453125 0.059375
1 0.6796875 0.7578125 0.090625 0.14375
0 0.6796875 0.71875 0.0453125 0.059375
1 0.9015625 0.68125 0.0890625 0.3
0 0.915625 0.55625 0.0421875 0.046875
1 0.9328125 0.6078125 0.0671875 0.1765625
0 0.928125 0.5375 0.0265625 0.0328125
1 0.9703125 0.5640625 0.0546875 0.1796875
0 0.96875 0.49375 0.025 0.0296875
1 0.8859375 0.5875 0.0515625 0.175
0 0.8953125 0.521875 0.0296875 0.0328125
1 0.846875 0.5875 0.0703125 0.1984375
0 0.84375 0.509375 0.034375 0.0328125
1 0.7734375 0.6515625 0.084375 0.278125
0 0.76875 0.5328125 0.03125 0.0328125
1 0.6875 0.678125 0.1203125 0.3046875
0 0.6875 0.559375 0.046875 0.0640625
1 0.5671875 0.71875 0.15 0.2234375
0 0.5703125 0.64375 0.059375 0.065625
1 0.603125 0.6875 0.140625 0.2828125
0 0.5875 0.5890625 0.0671875 0.075
1 0.5140625 0.7046875 0.1015625 0.1984375
0 0.5171875 0.6296875 0.0453125 0.04375
1 0.5015625 0.6953125 0.1125 0.26875
0 0.5125 0.59375 0.0421875 0.0609375
1 0.5421875 0.7015625 0.1515625 0.2546875
0 0.5625 0.609375 0.046875 0.0546875
1 0.64375 0.646875 0.0921875 0.2515625
0 0.640625 0.5515625 0.046875 0.0515625
1 0.6671875 0.6015625 0.0796875 0.2234375
0 0.6609375 0.509375 0.0359375 0.0359375
1 0.690625 0.6328125 0.09375 0.2484375
0 0.6875 0.5296875 0.0375 0.040625
1 0.559375 0.6734375 0.10625 0.2828125
0 0.559375 0.559375 0.034375 0.046875
1 0.5015625 0.6890625 0.134375 0.2828125
0 0.509375 0.5734375 0.028125 0.04375
1 0.4890625 0.6859375 0.134375 0.278125
0 0.484375 0.5734375 0.03125 0.046875
1 0.5171875 0.584375 0.0671875 0.1578125
0 0.5171875 0.525 0.0234375 0.0328125
1 0.46875 0.6015625 0.0671875 0.16875
0 0.46875 0.534375 0.025 0.0296875
1 0.3703125 0.6796875 0.15 0.3
0 0.38125 0.5703125 0.0515625 0.06875
1 0.3375 0.6921875 0.134375 0.2734375
0 0.334375 0.590625 0.05 0.0578125
1 0.4203125 0.6703125 0.09375 0.2859375
0 0.4171875 0.553125 0.03125 0.04375
1 0.4515625 0.584375 0.071875 0.1765625
0 0.45 0.5171875 0.0296875 0.0390625
1 0.2171875 0.671875 0.16875 0.3140625
0 0.215625 0.5578125 0.0578125 0.0671875
1 0.2625 0.6453125 0.0640625 0.2390625
0 0.2578125 0.54375 0.03125 0.0328125
1 0.3453125 0.565625 0.0578125 0.1796875
0 0.3484375 0.49375 0.0265625 0.0359375
1 0.2625 0.5625 0.05625 0.165625
0 0.2625 0.496875 0.01875 0.028125
1 0.30625 0.559375 0.05625 0.1578125
0 0.3078125 0.4984375 0.021875 0.03125
1 0.296875 0.5875 0.0640625 0.184375
0 0.296875 0.5125 0.025 0.0296875
1 0.1828125 0.6875 0.1484375 0.2828125
0 0.1671875 0.575 0.0328125 0.04375
1 0.1359375 0.6140625 0.0546875 0.2625
0 0.1328125 0.5015625 0.025 0.0328125
1 0.153125 0.5796875 0.0546875 0.18125
0 0.146875 0.5015625 0.025 0.0296875
1 0.053125 0.6609375 0.103125 0.3359375
0 0.0234375 0.5390625 0.04375 0.0828125
1 0.0703125 0.6890625 0.096875 0.28125
0 0.071875 0.575 0.040625 0.046875
1 0.0859375 0.6640625 0.1140625 0.2859375
0 0.084375 0.5484375 0.0359375 0.0484375
1 0.1015625 0.6296875 0.0546875 0.2265625
0 0.1 0.534375 0.0265625 0.03125
1 0.034375 0.5953125 0.0671875 0.203125
0 0.0390625 0.509375 0.01875 0.025
1 0.0765625 0.5921875 0.0671875 0.171875
0 0.0703125 0.525 0.0265625 0.0296875