1 0.346875 0.7484375 0.4453125 0.4984375
0 0.2953125 0.7796875 0.3421875 0.4359375
1 0.38125 0.6921875 0.515625 0.6109375
0 0.375 0.390625 0.1671875 0.203125
1 0.1953125 0.478125 0.1421875 0.3421875
0 0.1671875 0.3578125 0.075 0.0890625
1 0.571875 0.5828125 0.325 0.8296875
0 0.55625 0.378125 0.1046875 0.115625
1 0.525 0.534375 0.1578125 0.484375
0 0.503125 0.3390625 0.0796875 0.0875
1 0.4703125 0.5046875 0.1078125 0.3328125
0 0.4796875 0.3703125 0.0546875 0.0640625
1 0.70625 0.5140625 0.1265625 0.39375
0 0.73125 0.3609375 0.0703125 0.0859375
1 0.696875 0.6390625 0.1671875 0.521875
0 0.728125 0.4296875 0.090625 0.0984375
1 0.7625 0.6953125 0.21875 0.6046875
0 0.73125 0.43125 0.075 0.0921875
1 0.8375 0.6171875 0.0671875 0.6
0 0.84375 0.3734375 0.05625 0.1015625
1 0.4390625 0.3578125 0.0875 0.203125
0 0.4421875 0.2796875 0.0359375 0.0484375
1 0.5640625 0.2859375 0.025 0.071875
0 0.5625 0.259375 0.0109375 0.0171875