1 0.2984375 0.5 0.2328125 0.6140625
0 0.315625 0.2609375 0.0859375 0.109375
1 0.45 0.5015625 0.1640625 0.4671875
0 0.440625 0.3125 0.059375 0.0765625
1 0.4125 0.4875 0.1109375 0.396875
0 0.4140625 0.3296875 0.0421875 0.053125
1 0.6640625 0.490625 0.1265625 0.3953125
0 0.665625 0.3359375 0.0453125 0.0578125
1 0.69375 0.4875 0.1484375 0.4953125
0 0.703125 0.2875 0.046875 0.06875
1 0.8265625 0.496875 0.153125 0.4046875
0 0.8359375 0.3296875 0.046875 0.059375
1 0.8640625 0.4890625 0.18125 0.5
0 0.8515625 0.284375 0.0640625 0.075