1 0.2546875 0.6328125 0.309375 0.2703125
0 0.209375 0.4671875 0.1296875 0.121875
1 0.0890625 0.471875 0.025 0.046875
0 0.090625 0.4515625 0.0078125 0.00625
1 0.1046875 0.46875 0.021875 0.05
0 0.1 0.45 0.0078125 0.00625
1 0.2828125 0.4578125 0.0140625 0.0375
0 0.284375 0.4421875 0.0046875 0.0046875
1 0.35 0.45625 0.0125 0.0296875
0 0.35 0.446875 0.003125 0.003125
1 0.39375 0.4546875 0.0109375 0.0296875
0 0.3953125 0.44375 0.003125 0.0046875
1 0.403125 0.45625 0.0078125 0.025
0 0.4046875 0.446875 0.003125 0.0046875
1 0.428125 0.453125 0.0109375 0.0296875
0 0.428125 0.440625 0.0015625 0.003125
1 0.4359375 0.453125 0.0078125 0.025
0 0.4375 0.44375 0.0015625 0.003125
1 0.515625 0.4484375 0.0046875 0.01875
0 0.515625 0.440625 0.0015625 0.003125
1 0.56875 0.446875 0.0078125 0.01875
0 0.56875 0.440625 0.0015625 0.0015625
1 0.7109375 0.5125 0.04375 0.15
0 0.7046875 0.45 0.0203125 0.021875
1 0.75625 0.5421875 0.0828125 0.23125
0 0.765625 0.446875 0.025 0.028125
1 0.8390625 0.559375 0.090625 0.2421875
0 0.8390625 0.45625 0.028125 0.0328125
1 0.90625 0.5046875 0.0765625 0.1625
0 0.9046875 0.4359375 0.025 0.01875
1 0.9484375 0.4984375 0.046875 0.1203125
0 0.940625 0.446875 0.015625 0.0125
1 0.871875 0.4734375 0.021875 0.0671875
0 0.875 0.446875 0.0078125 0.0078125
1 0.85 0.4734375 0.025 0.0796875
0 0.8453125 0.440625 0.009375 0.0109375
1 0.8171875 0.5 0.046875 0.128125
0 0.825 0.4484375 0.0203125 0.021875
1 0.728125 0.46875 0.028125 0.0734375
0 0.728125 0.4390625 0.009375 0.0109375
1 0.7375 0.4609375 0.0125 0.053125
0 0.7375 0.440625 0.00625 0.00625
1 0.7875 0.471875 0.0234375 0.071875
0 0.784375 0.4421875 0.0078125 0.009375