1 0.0546875 0.7359375 0.040625 0.0875
0 0.059375 0.703125 0.0109375 0.0109375
1 0.284375 0.665625 0.00625 0.01875
0 0.284375 0.659375 0.0015625 0.0015625
1 0.3203125 0.6640625 0.00625 0.0140625
0 0.321875 0.659375 0.0015625 0.003125
1 0.3375 0.665625 0.0078125 0.0234375
0 0.3359375 0.65625 0.0015625 0.003125
1 0.3890625 0.665625 0.0140625 0.0078125
0 0.3953125 0.6640625 0.0015625 0.0015625
1 0.415625 0.6625 0.00625 0.0125
0 0.415625 0.6578125 0.0015625 0.0015625
1 0.4203125 0.6625 0.00625 0.0140625
0 0.4203125 0.6578125 0.0015625 0.003125
1 0.509375 0.6609375 0.0078125 0.0203125
0 0.509375 0.653125 0.0015625 0.0015625
1 0.5484375 0.6609375 0.0140625 0.01875
0 0.546875 0.653125 0.003125 0.0015625
1 0.5515625 0.659375 0.009375 0.0203125
0 0.553125 0.65 0.0015625 0.0015625
1 0.634375 0.6609375 0.0078125 0.0234375
0 0.6359375 0.653125 0.0015625 0.003125
1 0.64375 0.6609375 0.009375 0.0234375
0 0.64375 0.65 0.0015625 0.0015625
1 0.7765625 0.659375 0.0078125 0.0203125
0 0.7765625 0.65 0.003125 0.003125
1 0.7890625 0.659375 0.009375 0.0203125
0 0.7890625 0.65 0.003125 0.003125