1 0.0546875 0.6671875 0.0234375 0.0328125
0 0.059375 0.6546875 0.0046875 0.003125
1 0.025 0.6671875 0.015625 0.0265625
0 0.0265625 0.6578125 0.003125 0.003125
1 0.0109375 0.6703125 0.01875 0.0359375
0 0.0140625 0.65625 0.003125 0.0046875
1 0.0390625 0.66875 0.0109375 0.025
0 0.040625 0.659375 0.003125 0.003125
1 0.1046875 0.6828125 0.0234375 0.0546875
0 0.109375 0.6640625 0.0078125 0.00625
1 0.1203125 0.684375 0.025 0.04375
0 0.1234375 0.66875 0.00625 0.00625
1 0.0515625 0.7296875 0.078125 0.1375
0 0.0765625 0.6734375 0.0171875 0.0171875
1 0.1234375 0.75 0.103125 0.159375
0 0.1515625 0.6859375 0.028125 0.025
1 0.1296875 0.759375 0.1140625 0.140625
0 0.16875 0.7078125 0.028125 0.03125
1 0.2359375 0.7546875 0.0734375 0.1515625
0 0.246875 0.69375 0.0296875 0.028125
1 0.2703125 0.7234375 0.0359375 0.10625
0 0.278125 0.6796875 0.0125 0.0140625
1 0.240625 0.6796875 0.0171875 0.034375
0 0.246875 0.665625 0.0046875 0.0046875
1 0.265625 0.675 0.0171875 0.0328125
0 0.26875 0.6625 0.003125 0.003125
1 0.3234375 0.678125 0.0140625 0.0359375
0 0.3265625 0.6625 0.003125 0.003125
1 0.3171875 0.68125 0.0140625 0.0390625
0 0.31875 0.6671875 0.003125 0.0046875
1 0.3453125 0.7140625 0.0390625 0.0984375
0 0.353125 0.6734375 0.0109375 0.0125
1 0.3703125 0.6875 0.0171875 0.0453125
0 0.371875 0.66875 0.0046875 0.00625
1 0.396875 0.684375 0.0125 0.0296875
0 0.396875 0.6734375 0.0015625 0.003125
1 0.4109375 0.684375 0.0125 0.0265625
0 0.4109375 0.6734375 0.003125 0.003125
1 0.534375 0.6640625 0.0265625 0.05
0 0.5375 0.6453125 0.00625 0.00625
1 0.5671875 0.6734375 0.0265625 0.0265625
0 0.565625 0.665625 0.0078125 0.0078125
1 0.678125 0.7328125 0.04375 0.109375
0 0.675 0.6875 0.009375 0.0125
1 0.7546875 0.734375 0.065625 0.153125
0 0.75 0.66875 0.015625 0.01875
1 0.775 0.75625 0.0734375 0.146875
0 0.75625 0.696875 0.028125 0.0296875
1 0.8125 0.75 0.0640625 0.146875
0 0.8 0.6890625 0.015625 0.0171875
1 0.903125 0.7265625 0.0625 0.071875
0 0.925 0.7046875 0.015625 0.0140625
1 0.8953125 0.69375 0.0375 0.0625
0 0.896875 0.66875 0.009375 0.009375
1 0.965625 0.7140625 0.0578125 0.1140625
0 0.9484375 0.6671875 0.015625 0.015625
1 0.9546875 0.7203125 0.0296875 0.0578125
0 0.9453125 0.7 0.0078125 0.0109375
1 0.715625 0.678125 0.0125 0.0328125
0 0.7171875 0.665625 0.0046875 0.0046875
1 0.7296875 0.6765625 0.0140625 0.03125
0 0.728125 0.665625 0.003125 0.0046875
1 0.7375 0.6734375 0.015625 0.028125
0 0.7375 0.6609375 0.003125 0.003125
1 0.853125 0.6625 0.0109375 0.01875
0 0.853125 0.65625 0.0015625 0.003125
1 0.3609375 0.6859375 0.0125 0.0453125
0 0.3625 0.665625 0.00625 0.00625
1 0.8890625 0.690625 0.0203125 0.0671875
0 0.8875 0.6625 0.0078125 0.00625