1 0.8171875 0.6078125 0.2609375 0.5140625
0 0.815625 0.4015625 0.08125 0.096875
1 0.8921875 0.653125 0.184375 0.425
0 0.8828125 0.4796875 0.065625 0.06875
1 0.9109375 0.471875 0.1421875 0.4125
0 0.9203125 0.303125 0.05 0.0609375
1 0.26875 0.615625 0.246875 0.5015625
0 0.2609375 0.4109375 0.0765625 0.09375
1 0.1078125 0.621875 0.20625 0.4859375
0 0.1203125 0.428125 0.059375 0.0765625
1 0.428125 0.59375 0.20625 0.49375
0 0.4140625 0.38125 0.05625 0.05625
1 0.35625 0.5828125 0.1265625 0.440625
0 0.375 0.3875 0.0421875 0.05
1 0.2578125 0.5171875 0.146875 0.3796875
0 0.2796875 0.3625 0.0421875 0.0515625
1 0.4859375 0.48125 0.1171875 0.359375
0 0.4921875 0.3265625 0.040625 0.040625