1 0.734375 0.6734375 0.2296875 0.3109375
0 0.740625 0.6203125 0.078125 0.0734375
1 0.503125 0.6640625 0.2609375 0.3296875
0 0.5046875 0.7296875 0.1265625 0.15
1 0.25 0.7046875 0.1921875 0.246875
0 0.2375 0.675 0.0515625 0.0734375
1 0.096875 0.690625 0.1890625 0.2765625
0 0.1109375 0.6078125 0.0765625 0.0765625
1 0.21875 0.7125 0.10625 0.2328125
0 0.2421875 0.628125 0.046875 0.053125
1 0.3375 0.7078125 0.121875 0.2421875
0 0.3109375 0.60625 0.034375 0.0375
1 0.434375 0.709375 0.11875 0.240625
0 0.421875 0.615625 0.0375 0.04375
1 0.5546875 0.7046875 0.0890625 0.240625
0 0.55625 0.603125 0.021875 0.0265625
1 0.640625 0.6625 0.071875 0.196875
0 0.6484375 0.58125 0.021875 0.0234375
1 0.5796875 0.625 0.0375 0.1140625
0 0.5796875 0.578125 0.0125 0.0140625
1 0.5984375 0.6203125 0.0296875 0.10625
0 0.5921875 0.578125 0.0109375 0.0125
1 0.3421875 0.6359375 0.05 0.15
0 0.340625 0.571875 0.01875 0.0171875
1 0.321875 0.6234375 0.0421875 0.134375
0 0.3203125 0.56875 0.0171875 0.01875
1 0.05 0.640625 0.059375 0.15625
0 0.0625 0.571875 0.015625 0.0140625
1 0.946875 0.73125 0.08125 0.1953125
0 0.9375 0.65625 0.028125 0.034375
1 0.9640625 0.7 0.0578125 0.2140625
0 0.978125 0.615625 0.034375 0.0390625
1 0.4890625 0.6859375 0.05625 0.19375
0 0.4796875 0.6046875 0.0203125 0.0265625
1 0.934375 0.6390625 0.046875 0.1328125
0 0.934375 0.5828125 0.0140625 0.0171875
1 0.7953125 0.596875 0.01875 0.053125
0 0.796875 0.575 0.00625 0.00625
1 0.821875 0.5921875 0.015625 0.0453125
0 0.821875 0.575 0.00625 0.00625
1 0.809375 0.5953125 0.0140625 0.0453125
0 0.809375 0.578125 0.0046875 0.00625
1 0.7671875 0.6140625 0.0265625 0.09375
0 0.765625 0.571875 0.009375 0.0125