1 0.94375 0.55625 0.109375 0.4390625
0 0.9625 0.3671875 0.053125 0.0546875
1 0.9328125 0.4890625 0.0890625 0.21875
0 0.9265625 0.396875 0.0203125 0.028125
1 0.8375 0.4828125 0.084375 0.2
0 0.8421875 0.403125 0.025 0.0359375
1 0.7734375 0.5515625 0.128125 0.359375
0 0.7765625 0.40625 0.0453125 0.04375
1 0.671875 0.6 0.2203125 0.4609375
0 0.6671875 0.409375 0.0734375 0.075
1 0.6 0.590625 0.13125 0.425
0 0.6046875 0.4125 0.053125 0.0640625
1 0.49375 0.5703125 0.159375 0.365625
0 0.496875 0.415625 0.040625 0.0546875
1 0.3875 0.5515625 0.140625 0.390625
0 0.384375 0.3875 0.0453125 0.0578125
1 0.734375 0.5359375 0.0828125 0.2859375
0 0.7296875 0.415625 0.034375 0.040625
1 0.759375 0.48125 0.0625 0.2265625
0 0.753125 0.384375 0.025 0.0265625
1 0.5625 0.4703125 0.059375 0.1546875
0 0.5625 0.4078125 0.025 0.028125
1 0.534375 0.5078125 0.1140625 0.2703125
0 0.528125 0.39375 0.03125 0.0375
1 0.4546875 0.503125 0.0796875 0.2671875
0 0.4546875 0.396875 0.0265625 0.034375
1 0.4203125 0.4890625 0.0671875 0.2390625
0 0.4265625 0.3890625 0.0234375 0.0328125
1 0.4390625 0.5203125 0.1 0.2796875
0 0.4328125 0.3984375 0.03125 0.034375
1 0.3125 0.5359375 0.1421875 0.35625
0 0.315625 0.390625 0.034375 0.0453125
1 0.3125 0.4984375 0.1078125 0.309375
0 0.30625 0.3703125 0.0390625 0.0453125
1 0.221875 0.596875 0.2 0.4671875
0 0.2203125 0.4015625 0.0640625 0.06875
1 0.1765625 0.534375 0.1375 0.3828125
0 0.1671875 0.371875 0.0421875 0.0515625