1 0.93125 0.559375 0.1265625 0.346875
0 0.95 0.415625 0.0515625 0.0578125
1 0.9140625 0.51875 0.1671875 0.3390625
0 0.9421875 0.3796875 0.0453125 0.053125
1 0.8671875 0.534375 0.1046875 0.2203125
0 0.8671875 0.45 0.0296875 0.040625
1 0.7703125 0.55 0.1171875 0.3125
0 0.76875 0.421875 0.040625 0.05
1 0.709375 0.53125 0.078125 0.25625
0 0.7125 0.43125 0.034375 0.04375
1 0.6625 0.496875 0.075 0.2421875
0 0.6609375 0.3953125 0.021875 0.0328125
1 0.6796875 0.44375 0.0515625 0.1609375
0 0.675 0.3765625 0.01875 0.025
1 0.6375 0.4625 0.059375 0.184375
0 0.634375 0.3859375 0.021875 0.028125
1 0.59375 0.5015625 0.0765625 0.240625
0 0.596875 0.4 0.0265625 0.0328125
1 0.5484375 0.5171875 0.0921875 0.225
0 0.546875 0.425 0.0265625 0.034375
1 0.4828125 0.5078125 0.071875 0.21875
0 0.475 0.41875 0.0296875 0.0375
1 0.4109375 0.5546875 0.1234375 0.3015625
0 0.4078125 0.43125 0.04375 0.05
1 0.5140625 0.459375 0.046875 0.1890625
0 0.5140625 0.38125 0.0234375 0.0265625
1 0.478125 0.46875 0.0671875 0.215625
0 0.48125 0.38125 0.021875 0.028125
1 0.396875 0.4546875 0.0546875 0.184375
0 0.396875 0.3765625 0.0203125 0.0265625
1 0.3703125 0.509375 0.071875 0.2296875
0 0.3765625 0.4171875 0.025 0.034375
1 0.29375 0.5359375 0.134375 0.3140625
0 0.284375 0.40625 0.0390625 0.0515625
1 0.315625 0.459375 0.04375 0.1265625
0 0.3109375 0.409375 0.01875 0.01875
1 0.2296875 0.4546875 0.0515625 0.184375
0 0.23125 0.3796875 0.0234375 0.0296875
1 0.2359375 0.4375 0.0640625 0.171875
0 0.2375 0.378125 0.021875 0.028125
1 0.1671875 0.559375 0.140625 0.3453125
0 0.1640625 0.415625 0.04375 0.0546875
1 0.115625 0.4546875 0.046875 0.15625
0 0.11875 0.39375 0.01875 0.028125
1 0.078125 0.4640625 0.078125 0.1890625
0 0.071875 0.3875 0.0234375 0.03125
1 0.059375 0.5859375 0.115625 0.253125
0 0.0703125 0.4921875 0.0421875 0.053125
1 0.046875 0.4984375 0.059375 0.1640625
0 0.0375 0.4328125 0.0265625 0.028125
1 0.0890625 0.425 0.0515625 0.15
0 0.0859375 0.365625 0.0171875 0.025
1 0.034375 0.41875 0.046875 0.1171875
0 0.028125 0.3703125 0.0140625 0.01875