1 0.7265625 0.5765625 0.25 0.5078125
0 0.7015625 0.3421875 0.10625 0.1171875
1 0.95625 0.6328125 0.0859375 0.3953125
0 0.9609375 0.471875 0.0484375 0.05625
1 0.5828125 0.6453125 0.1171875 0.3703125
0 0.5796875 0.4921875 0.046875 0.053125
1 0.3203125 0.6234375 0.1515625 0.4015625
0 0.30625 0.459375 0.04375 0.05625
1 0.18125 0.659375 0.046875 0.1375
0 0.18125 0.603125 0.0140625 0.015625
1 0.02890625 0.65078125 0.0578125 0.1359375
0 0.03125 0.5953125 0.0171875 0.0234375
1 0.046875 0.64375 0.059375 0.1421875
0 0.0421875 0.5828125 0.0140625 0.0171875
1 0.1609375 0.653125 0.046875 0.0890625
0 0.1546875 0.6203125 0.0125 0.015625