1 0.03125 0.6015625 0.025 0.0625
0 0.0359375 0.5765625 0.00625 0.00625
1 0.05 0.5953125 0.0171875 0.0515625
0 0.0546875 0.575 0.0078125 0.009375
1 0.0609375 0.6140625 0.025 0.0890625
0 0.065625 0.5765625 0.0125 0.0125
1 0.0796875 0.6125 0.0203125 0.0765625
0 0.08125 0.5796875 0.0078125 0.0109375
1 0.0953125 0.621875 0.0359375 0.084375
0 0.1 0.5859375 0.009375 0.009375
1 0.1234375 0.6140625 0.03125 0.0921875
0 0.128125 0.575 0.0109375 0.0125
1 0.1609375 0.6171875 0.0359375 0.078125
0 0.165625 0.5828125 0.0078125 0.0109375
1 0.2 0.6453125 0.0640625 0.153125
0 0.2109375 0.5828125 0.0171875 0.0171875
1 0.240625 0.6 0.0125 0.034375
0 0.2390625 0.5875 0.00625 0.00625
1 0.26875 0.665625 0.078125 0.1796875
0 0.2671875 0.5890625 0.025 0.0234375
1 0.290625 0.6140625 0.025 0.0703125
0 0.2921875 0.5859375 0.0078125 0.009375
1 0.3234375 0.615625 0.028125 0.0734375
0 0.3265625 0.584375 0.00625 0.0078125
1 0.334375 0.6609375 0.0578125 0.1609375
0 0.340625 0.59375 0.01875 0.0171875
1 0.3765625 0.6984375 0.096875 0.2265625
0 0.384375 0.603125 0.0296875 0.03125
1 0.4328125 0.678125 0.0640625 0.2265625
0 0.4328125 0.58125 0.0265625 0.0296875
1 0.446875 0.7015625 0.1 0.2515625
0 0.45 0.596875 0.0328125 0.03125
1 0.5234375 0.7 0.090625 0.2453125
0 0.534375 0.596875 0.0296875 0.0296875
1 0.646875 0.7109375 0.1296875 0.3046875
0 0.63125 0.584375 0.034375 0.0453125
1 0.8296875 0.709375 0.13125 0.3046875
0 0.80625 0.59375 0.0390625 0.046875
1 0.3171875 0.6078125 0.0171875 0.05
0 0.31875 0.5875 0.00625 0.0078125