1 0.95625 0.565625 0.0765625 0.190625
0 0.959375 0.4890625 0.025 0.0265625
1 0.8796875 0.4953125 0.071875 0.16875
0 0.8796875 0.428125 0.021875 0.025
1 0.85625 0.4546875 0.0453125 0.134375
0 0.859375 0.4 0.015625 0.0171875
1 0.7453125 0.4609375 0.059375 0.134375
0 0.7421875 0.409375 0.025 0.028125
1 0.69375 0.3921875 0.0484375 0.115625
0 0.69375 0.3421875 0.0125 0.0125
1 0.4859375 0.6046875 0.053125 0.225
0 0.4859375 0.5078125 0.025 0.028125
1 0.3796875 0.4734375 0.0640625 0.165625
0 0.384375 0.40625 0.0203125 0.025
1 0.3109375 0.4015625 0.0484375 0.140625
0 0.303125 0.3421875 0.0140625 0.015625
1 0.6734375 0.7609375 0.0890625 0.1359375
0 0.6640625 0.7203125 0.03125 0.0421875
1 0.521875 0.6703125 0.0625 0.2171875
0 0.515625 0.5828125 0.028125 0.03125
1 0.51875 0.640625 0.05625 0.2171875
0 0.5125 0.55 0.025 0.028125
1 0.4765625 0.5796875 0.0609375 0.178125
0 0.4734375 0.5078125 0.01875 0.025
1 0.446875 0.5484375 0.06875 0.1609375
0 0.4453125 0.4828125 0.01875 0.021875
1 0.39375 0.5234375 0.075 0.15
0 0.390625 0.459375 0.0140625 0.015625
1 0.4296875 0.5296875 0.05625 0.184375
0 0.4390625 0.453125 0.021875 0.021875
1 0.4015625 0.51875 0.0484375 0.1390625
0 0.4078125 0.4609375 0.0171875 0.01875
1 0.3921875 0.5015625 0.06875 0.1453125
0 0.396875 0.4421875 0.021875 0.021875
1 0.3265625 0.4078125 0.0375 0.13125
0 0.3234375 0.35625 0.021875 0.0203125
1 0.3296875 0.4265625 0.046875 0.1359375
0 0.328125 0.36875 0.015625 0.01875
1 0.2890625 0.384375 0.04375 0.128125
0 0.2890625 0.334375 0.01875 0.01875
1 0.6515625 0.73125 0.0890625 0.1953125
0 0.6609375 0.6578125 0.028125 0.034375
1 0.6140625 0.734375 0.0984375 0.1890625
0 0.634375 0.6578125 0.0265625 0.03125
1 0.5890625 0.7171875 0.09375 0.2109375
0 0.59375 0.6328125 0.03125 0.034375
1 0.5765625 0.70625 0.084375 0.2203125
0 0.578125 0.615625 0.0265625 0.03125
1 0.5609375 0.6953125 0.0859375 0.234375
0 0.5609375 0.596875 0.0265625 0.034375
1 0.55625 0.6828125 0.0890625 0.228125
0 0.55625 0.584375 0.03125 0.03125
1 0.7125 0.76875 0.084375 0.1203125
0 0.709375 0.796875 0.03125 0.0375
1 0.8015625 0.771875 0.103125 0.1140625
0 0.8015625 0.8125 0.0359375 0.0375
1 0.865625 0.76875 0.090625 0.121875
0 0.884375 0.7859375 0.034375 0.0390625
1 0.7421875 0.7578125 0.0875 0.1421875
0 0.74375 0.7171875 0.040625 0.0421875
1 0.56875 0.334375 0.028125 0.08125
0 0.565625 0.3 0.0125 0.0140625
1 0.5625 0.3171875 0.028125 0.078125
0 0.5625 0.2875 0.0125 0.0140625
1 0.5984375 0.3328125 0.03125 0.090625
0 0.5984375 0.296875 0.0109375 0.0140625
1 0.653125 0.3703125 0.040625 0.103125
0 0.65 0.328125 0.015625 0.0140625
1 0.275 0.3765625 0.034375 0.1171875
0 0.275 0.325 0.0140625 0.0140625
1 0.796875 0.7609375 0.059375 0.1375
0 0.7921875 0.71875 0.0375 0.0453125
1 0.8453125 0.7640625 0.071875 0.13125
0 0.834375 0.71875 0.0375 0.040625
1 0.7765625 0.70625 0.075 0.196875
0 0.7671875 0.6328125 0.0296875 0.0421875
1 0.7375 0.7234375 0.059375 0.146875
0 0.7328125 0.6703125 0.034375 0.034375
1 0.70625 0.69375 0.06875 0.1640625
0 0.696875 0.640625 0.03125 0.040625
1 0.81875 0.6265625 0.05 0.15
0 0.815625 0.5765625 0.028125 0.0359375
1 0.5671875 0.5546875 0.04375 0.15
0 0.5625 0.4984375 0.0265625 0.028125
1 0.9265625 0.728125 0.05625 0.203125
0 0.9328125 0.646875 0.034375 0.0359375
1 0.8828125 0.7015625 0.053125 0.184375
0 0.875 0.63125 0.025 0.03125
1 0.90625 0.64375 0.0484375 0.1859375
0 0.9015625 0.5703125 0.0265625 0.028125
1 0.8078125 0.590625 0.05625 0.171875
0 0.8 0.521875 0.0265625 0.028125
1 0.7109375 0.5078125 0.05 0.128125
0 0.7078125 0.4578125 0.0234375 0.025