1 0.625 0.8578125 0.1 0.2796875
0 0.6390625 0.75 0.040625 0.05
1 0.6953125 0.83125 0.0953125 0.3125
0 0.703125 0.709375 0.034375 0.0390625
1 0.775 0.8203125 0.0765625 0.2453125
0 0.7828125 0.7203125 0.0296875 0.034375
1 0.809375 0.8421875 0.0375 0.2109375
0 0.8171875 0.75625 0.021875 0.0296875
1 0.7359375 0.8078125 0.065625 0.215625
0 0.7359375 0.721875 0.0265625 0.03125
1 0.6875 0.821875 0.0828125 0.2765625
0 0.6734375 0.7046875 0.025 0.0359375
1 0.5578125 0.83125 0.121875 0.25625
0 0.5734375 0.7265625 0.03125 0.0390625
1 0.6125 0.8140625 0.090625 0.240625
0 0.6109375 0.7140625 0.0328125 0.034375
1 0.2625 0.809375 0.10625 0.28125
0 0.2546875 0.7015625 0.0421875 0.0453125
1 0.2953125 0.80625 0.096875 0.2609375
0 0.30625 0.7046875 0.04375 0.0453125
1 0.403125 0.76875 0.05 0.1640625
0 0.40625 0.7015625 0.0203125 0.01875
1 0.43125 0.78125 0.0515625 0.165625
0 0.4359375 0.7125 0.01875 0.0203125
1 0.484375 0.778125 0.053125 0.175
0 0.4859375 0.709375 0.0265625 0.0265625