1 0.9203125 0.63125 0.1203125 0.4875
0 0.909375 0.421875 0.0546875 0.0640625
1 0.721875 0.6421875 0.184375 0.4828125
0 0.740625 0.4375 0.05625 0.06875
1 0.809375 0.6015625 0.115625 0.4375
0 0.803125 0.415625 0.05 0.053125
1 0.5390625 0.63125 0.1375 0.5
0 0.51875 0.4140625 0.0484375 0.0625
1 0.621875 0.6140625 0.1109375 0.4203125
0 0.621875 0.4375 0.0484375 0.0625
1 0.425 0.64375 0.1265625 0.4828125
0 0.421875 0.4375 0.046875 0.0609375
1 0.296875 0.6390625 0.153125 0.4921875
0 0.3078125 0.428125 0.046875 0.0640625
1 0.1546875 0.6640625 0.1453125 0.4671875
0 0.165625 0.465625 0.0484375 0.0671875
1 0.134375 0.609375 0.1671875 0.4359375
0 0.1296875 0.425 0.0453125 0.053125
1 0.2453125 0.6109375 0.125 0.4375
0 0.2453125 0.43125 0.040625 0.0546875
1 0.46875 0.575 0.0875 0.3796875
0 0.4671875 0.4140625 0.040625 0.046875
1 0.5375 0.5390625 0.0953125 0.3765625
0 0.53125 0.3796875 0.0421875 0.05
1 0.7015625 0.6 0.109375 0.4140625
0 0.6921875 0.4234375 0.0421875 0.0546875
1 0.9015625 0.5671875 0.13125 0.4234375
0 0.884375 0.3890625 0.0484375 0.0578125
1 0.7953125 0.5453125 0.0890625 0.3671875
0 0.8015625 0.390625 0.046875 0.0515625
1 0.6359375 0.5578125 0.1078125 0.3875
0 0.6203125 0.3890625 0.0359375 0.046875
1 0.3890625 0.5578125 0.1359375 0.41875
0 0.3828125 0.38125 0.040625 0.05625
1 0.08125 0.565625 0.1265625 0.421875
0 0.084375 0.3875 0.0453125 0.059375
1 0.1765625 0.528125 0.0921875 0.3625
0 0.1828125 0.378125 0.040625 0.046875
1 0.2421875 0.54375 0.090625 0.3734375
0 0.24375 0.384375 0.0375 0.0484375