1 0.20625 0.371875 0.090625 0.2359375
0 0.2125 0.2734375 0.03125 0.034375
1 0.8640625 0.3796875 0.1140625 0.234375
0 0.884375 0.284375 0.03125 0.040625
1 0.778125 0.3859375 0.09375 0.25
0 0.75625 0.28125 0.0296875 0.0390625
1 0.8484375 0.4671875 0.1328125 0.4140625
0 0.846875 0.3 0.0484375 0.05625
1 0.7484375 0.4515625 0.125 0.403125
0 0.7359375 0.278125 0.040625 0.053125
1 0.6375 0.496875 0.1359375 0.5140625
0 0.6265625 0.2828125 0.0640625 0.0796875
1 0.56875 0.525 0.1859375 0.578125
0 0.55 0.2828125 0.0671875 0.0796875
1 0.121875 0.534375 0.18125 0.5890625
0 0.121875 0.2875 0.071875 0.090625
1 0.0484375 0.5875 0.09375 0.484375
0 0.0296875 0.3796875 0.05625 0.0984375