1 0.5140625 0.54375 0.0171875 0.053125
0 0.5140625 0.521875 0.0046875 0.0046875
1 0.4921875 0.546875 0.025 0.05625
0 0.4875 0.5234375 0.00625 0.00625
1 0.5 0.5484375 0.015625 0.04375
0 0.496875 0.5296875 0.0046875 0.00625
1 0.5 0.5421875 0.0140625 0.046875
0 0.4984375 0.5234375 0.00625 0.0078125
1 0.50625 0.540625 0.0125 0.05
0 0.50625 0.5203125 0.00625 0.00625
1 0.478125 0.55 0.0140625 0.0515625
0 0.4765625 0.53125 0.0046875 0.0046875
1 0.4703125 0.546875 0.0140625 0.053125
0 0.471875 0.525 0.00625 0.0078125
1 0.465625 0.553125 0.0140625 0.0484375
0 0.465625 0.5328125 0.00625 0.00625
1 0.4546875 0.55625 0.01875 0.0546875
0 0.453125 0.534375 0.00625 0.0078125
1 0.4359375 0.5578125 0.021875 0.0640625
0 0.4375 0.53125 0.0078125 0.0078125
1 0.4265625 0.5515625 0.0171875 0.053125
0 0.428125 0.528125 0.00625 0.0046875
1 0.4078125 0.5625 0.0171875 0.05625
0 0.4078125 0.5375 0.00625 0.0046875
1 0.4078125 0.5578125 0.0203125 0.053125
0 0.40625 0.5375 0.00625 0.0078125
1 0.284375 0.58125 0.053125 0.075
0 0.290625 0.5484375 0.009375 0.0109375