1 0.621875 0.2953125 0.03125 0.0890625
0 0.6203125 0.2609375 0.0171875 0.0171875
1 0.8390625 0.63125 0.08125 0.25
0 0.8375 0.5265625 0.025 0.0296875
1 0.8375 0.6140625 0.1140625 0.228125
0 0.840625 0.5140625 0.0234375 0.025
1 0.3015625 0.640625 0.1625 0.31875
0 0.2875 0.509375 0.0453125 0.0453125
1 0.3265625 0.61875 0.0859375 0.271875
0 0.3234375 0.503125 0.03125 0.0359375
1 0.378125 0.6078125 0.0859375 0.2125
0 0.3828125 0.5171875 0.0265625 0.0265625
1 0.3953125 0.6390625 0.1078125 0.2578125
0 0.3796875 0.5296875 0.03125 0.034375
1 0.43125 0.5953125 0.078125 0.2109375
0 0.4265625 0.50625 0.025 0.028125
1 0.50625 0.6390625 0.0890625 0.30625
0 0.5109375 0.5125 0.0375 0.0453125
1 0.584375 0.653125 0.215625 0.4234375
0 0.5671875 0.4765625 0.0640625 0.0625