1 0.178125 0.590625 0.028125 0.090625
0 0.178125 0.553125 0.0109375 0.0109375
1 0.159375 0.59375 0.0296875 0.0859375
0 0.1609375 0.559375 0.0125 0.0109375
1 0.234375 0.703125 0.1515625 0.3375
0 0.24375 0.565625 0.0484375 0.059375
1 0.3375 0.7109375 0.128125 0.321875
0 0.3453125 0.5734375 0.0453125 0.04375
1 0.371875 0.61875 0.0625 0.178125
0 0.375 0.5484375 0.0171875 0.025
1 0.3984375 0.675 0.0515625 0.225
0 0.4046875 0.5796875 0.028125 0.0296875
1 0.4453125 0.7078125 0.14375 0.328125
0 0.44375 0.571875 0.0328125 0.0390625
1 0.4796875 0.5796875 0.0234375 0.0828125
0 0.478125 0.5484375 0.0125 0.0140625
1 0.4890625 0.5875 0.025 0.0859375
0 0.4921875 0.5546875 0.009375 0.0109375
1 0.503125 0.5921875 0.0390625 0.1078125
0 0.503125 0.54375 0.0140625 0.0140625
1 0.540625 0.671875 0.096875 0.2875
0 0.528125 0.5484375 0.0375 0.0375
1 0.5515625 0.6375 0.0484375 0.18125
0 0.5515625 0.5640625 0.0171875 0.0203125
1 0.84375 0.696875 0.2078125 0.35
0 0.8203125 0.5578125 0.0625 0.0671875
1 0.878125 0.7109375 0.184375 0.325
0 0.88125 0.5734375 0.0625 0.05