1 0.2046875 0.621875 0.153125 0.4203125
0 0.2078125 0.446875 0.0484375 0.0640625
1 0.284375 0.60625 0.13125 0.4078125
0 0.28125 0.4359375 0.0421875 0.0546875
1 0.321875 0.5921875 0.0953125 0.371875
0 0.325 0.4359375 0.040625 0.0515625
1 0.3953125 0.590625 0.1171875 0.396875
0 0.39375 0.4234375 0.04375 0.0546875
1 0.4625 0.5828125 0.115625 0.3828125
0 0.465625 0.421875 0.0453125 0.053125
1 0.5046875 0.6296875 0.096875 0.34375
0 0.50625 0.4875 0.0390625 0.040625
1 0.5234375 0.559375 0.10625 0.3515625
0 0.525 0.4078125 0.0359375 0.04375
1 0.559375 0.603125 0.13125 0.3859375
0 0.55625 0.440625 0.0453125 0.053125
1 0.628125 0.5875 0.1203125 0.365625
0 0.628125 0.43125 0.0421875 0.0515625
1 0.678125 0.5546875 0.0828125 0.2984375
0 0.675 0.4328125 0.03125 0.040625
1 0.6890625 0.5921875 0.134375 0.346875
0 0.690625 0.4515625 0.040625 0.046875
1 0.7640625 0.578125 0.125 0.365625
0 0.7546875 0.428125 0.0375 0.046875
1 0.846875 0.575 0.115625 0.35625
0 0.8421875 0.425 0.0390625 0.0515625
1 0.909375 0.5890625 0.1328125 0.4
0 0.9 0.4359375 0.0453125 0.05