1 0.946875 0.515625 0.090625 0.290625
0 0.94375 0.3921875 0.0359375 0.040625
1 0.759375 0.5765625 0.2015625 0.4671875
0 0.734375 0.3796875 0.0484375 0.06875
1 0.5921875 0.590625 0.19375 0.50625
0 0.6453125 0.38125 0.0625 0.078125
1 0.5328125 0.5203125 0.0515625 0.2203125
0 0.5296875 0.428125 0.025 0.028125
1 0.4796875 0.565625 0.096875 0.328125
0 0.4890625 0.4265625 0.040625 0.04375
1 0.46875 0.53125 0.090625 0.275
0 0.4765625 0.4140625 0.034375 0.040625
1 0.5046875 0.509375 0.0453125 0.2078125
0 0.509375 0.421875 0.0203125 0.028125
1 0.446875 0.525 0.0859375 0.278125
0 0.459375 0.4078125 0.028125 0.0375
1 0.4265625 0.51875 0.071875 0.25625
0 0.4234375 0.4125 0.025 0.034375
1 0.4140625 0.509375 0.0765625 0.2484375
0 0.415625 0.403125 0.0265625 0.034375
1 0.365625 0.5140625 0.06875 0.2140625
0 0.365625 0.425 0.025 0.03125
1 0.3671875 0.5046875 0.0625 0.1984375
0 0.365625 0.4234375 0.0234375 0.0328125
1 0.35 0.4921875 0.0640625 0.1671875
0 0.353125 0.41875 0.0140625 0.01875
1 0.3453125 0.4875 0.0625 0.153125
0 0.3453125 0.4234375 0.0171875 0.0203125
1 0.1546875 0.48125 0.0453125 0.1078125
0 0.15 0.4390625 0.0140625 0.015625
1 0.15625 0.475 0.053125 0.1203125
0 0.1546875 0.425 0.015625 0.0140625
1 0.215625 0.4828125 0.046875 0.1171875
0 0.2109375 0.434375 0.0125 0.0140625
1 0.2359375 0.478125 0.034375 0.1265625
0 0.2359375 0.4265625 0.015625 0.01875
1 0.3015625 0.4921875 0.0453125 0.146875
0 0.3015625 0.4328125 0.015625 0.0234375
1 0.290625 0.553125 0.078125 0.28125
0 0.2875 0.4359375 0.0421875 0.046875
1 0.275 0.5453125 0.065625 0.2453125
0 0.2671875 0.440625 0.0296875 0.03125
1 0.26875 0.5421875 0.0640625 0.246875
0 0.259375 0.434375 0.0234375 0.025
1 0.271875 0.5265625 0.0578125 0.25
0 0.2640625 0.41875 0.025 0.0296875
1 0.2703125 0.5265625 0.0578125 0.2421875
0 0.2546875 0.4203125 0.01875 0.021875
1 0.38125 0.4109375 0.0359375 0.1078125
0 0.3765625 0.36875 0.0125 0.0171875