1 0.209375 0.528125 0.1890625 0.546875
0 0.2125 0.30625 0.053125 0.08125
1 0.365625 0.5734375 0.159375 0.4015625
0 0.3703125 0.40625 0.0546875 0.0640625
1 0.3625 0.565625 0.11875 0.36875
0 0.3578125 0.409375 0.0390625 0.053125
1 0.4625 0.565625 0.125 0.3671875
0 0.4640625 0.4203125 0.0515625 0.0625
1 0.54375 0.5453125 0.134375 0.4078125
0 0.546875 0.38125 0.0453125 0.0640625
1 0.49375 0.60625 0.1609375 0.3734375
0 0.475 0.453125 0.046875 0.0640625
1 0.6046875 0.58125 0.128125 0.4171875
0 0.6125 0.409375 0.0546875 0.065625
1 0.65625 0.5484375 0.1203125 0.3953125
0 0.653125 0.384375 0.0421875 0.0515625
1 0.7765625 0.54375 0.14375 0.403125
0 0.790625 0.409375 0.04375 0.065625