1 0.734375 0.5296875 0.01875 0.0390625
0 0.734375 0.515625 0.003125 0.0046875
1 0.934375 0.6015625 0.034375 0.0796875
0 0.9390625 0.56875 0.0140625 0.009375
1 0.896875 0.5984375 0.0375 0.09375
0 0.903125 0.5609375 0.0109375 0.0125
1 0.8890625 0.66875 0.0625 0.1625
0 0.8796875 0.6015625 0.0171875 0.021875
1 0.9 0.6546875 0.0671875 0.1390625
0 0.88125 0.596875 0.015625 0.0171875
1 0.8109375 0.6515625 0.05 0.14375
0 0.81875 0.590625 0.015625 0.015625
1 0.76875 0.721875 0.075 0.1765625
0 0.771875 0.646875 0.0171875 0.021875
1 0.6953125 0.640625 0.046875 0.1234375
0 0.696875 0.590625 0.0125 0.0171875
1 0.790625 0.5796875 0.0296875 0.075
0 0.784375 0.55 0.0078125 0.009375
1 0.8265625 0.5734375 0.021875 0.0703125
0 0.8265625 0.5453125 0.0078125 0.0125
1 0.8515625 0.575 0.0265625 0.065625
0 0.8484375 0.55 0.00625 0.0078125