1 0.146875 0.55625 0.090625 0.2953125
0 0.153125 0.4359375 0.0328125 0.040625
1 0.178125 0.5859375 0.1078125 0.3375
0 0.1890625 0.446875 0.0453125 0.053125
1 0.2296875 0.55625 0.075 0.3015625
0 0.228125 0.4296875 0.034375 0.040625
1 0.275 0.5375 0.065625 0.2453125
0 0.2703125 0.4375 0.0296875 0.0328125
1 0.315625 0.571875 0.15 0.3359375
0 0.315625 0.43125 0.0421875 0.0515625
1 0.378125 0.5625 0.0953125 0.2875
0 0.3890625 0.446875 0.03125 0.0375
1 0.353125 0.4578125 0.0890625 0.2078125
0 0.3484375 0.3734375 0.0296875 0.0296875
1 0.371875 0.40625 0.059375 0.14375
0 0.3703125 0.353125 0.0265625 0.03125
1 0.4171875 0.50625 0.0703125 0.21875
0 0.40625 0.415625 0.025 0.0296875
1 0.375 0.3609375 0.0734375 0.1765625
0 0.378125 0.290625 0.025 0.025
1 0.421875 0.35 0.0484375 0.134375
0 0.4203125 0.3 0.015625 0.015625
1 0.4265625 0.3671875 0.05 0.1171875
0 0.4390625 0.3328125 0.015625 0.0140625
1 0.45 0.4546875 0.0734375 0.2078125
0 0.4609375 0.3703125 0.025 0.025
1 0.921875 0.5953125 0.1484375 0.4375
0 0.9390625 0.4234375 0.0890625 0.08125
1 0.571875 0.5671875 0.0875 0.25625
0 0.5625 0.459375 0.034375 0.0359375
1 0.6734375 0.55 0.08125 0.309375
0 0.6640625 0.4234375 0.0375 0.04375
1 0.734375 0.5625 0.096875 0.3640625
0 0.725 0.4109375 0.05 0.0484375
1 0.7640625 0.5484375 0.0796875 0.296875
0 0.7625 0.4234375 0.0421875 0.040625
1 0.7890625 0.5484375 0.0671875 0.221875
0 0.7921875 0.4546875 0.025 0.03125
1 0.70625 0.5328125 0.05 0.2328125
0 0.7 0.44375 0.0296875 0.0359375
1 0.6 0.471875 0.0765625 0.225
0 0.596875 0.3796875 0.0265625 0.0296875
1 0.6125 0.5046875 0.0921875 0.2796875
0 0.6109375 0.384375 0.03125 0.03125
1 0.51875 0.503125 0.075 0.209375
0 0.5171875 0.41875 0.0296875 0.03125
1 0.521875 0.4546875 0.071875 0.1796875
0 0.5203125 0.3828125 0.0265625 0.03125
1 0.6125 0.378125 0.084375 0.2
0 0.609375 0.296875 0.0265625 0.0265625
1 0.5875 0.3484375 0.071875 0.175
0 0.5859375 0.278125 0.021875 0.021875