1 0.8515625 0.5625 0.15625 0.371875
0 0.8203125 0.4078125 0.0421875 0.053125
1 0.725 0.5703125 0.1296875 0.346875
0 0.6953125 0.428125 0.04375 0.0546875
1 0.6875 0.509375 0.1796875 0.3046875
0 0.7296875 0.3875 0.04375 0.05625
1 0.5671875 0.571875 0.134375 0.33125
0 0.5421875 0.434375 0.0390625 0.053125
1 0.5578125 0.5109375 0.134375 0.259375
0 0.5765625 0.4140625 0.0421875 0.059375
1 0.4421875 0.56875 0.1484375 0.3078125
0 0.4375 0.4484375 0.040625 0.053125
1 0.4484375 0.5078125 0.21875 0.315625
0 0.41875 0.38125 0.0421875 0.0453125
1 0.30625 0.534375 0.16875 0.371875
0 0.309375 0.3765625 0.04375 0.046875
1 0.2890625 0.4078125 0.1671875 0.3125
0 0.328125 0.2921875 0.0421875 0.0546875
1 0.165625 0.5375 0.128125 0.3609375
0 0.1796875 0.3890625 0.0375 0.046875
1 0.1625 0.4734375 0.178125 0.346875
0 0.1625 0.334375 0.0421875 0.053125