1 0.9234375 0.734375 0.0765625 0.0859375
0 0.94375 0.74375 0.028125 0.0359375
1 0.5984375 0.6484375 0.0890625 0.1359375
0 0.6109375 0.59375 0.0234375 0.0296875
1 0.8046875 0.5375 0.06875 0.13125
0 0.815625 0.4859375 0.0203125 0.0203125
1 0.7046875 0.5421875 0.0640625 0.1359375
0 0.7234375 0.490625 0.0203125 0.028125
1 0.5890625 0.503125 0.053125 0.1140625
0 0.603125 0.4578125 0.01875 0.0203125
1 0.4234375 0.575 0.0640625 0.1296875
0 0.4203125 0.528125 0.01875 0.0234375
1 0.4609375 0.559375 0.0515625 0.121875
0 0.4546875 0.5109375 0.01875 0.028125
1 0.2875 0.5328125 0.065625 0.1140625
0 0.2828125 0.490625 0.01875 0.0234375
1 0.34375 0.528125 0.0578125 0.121875
0 0.3359375 0.4796875 0.01875 0.0234375
1 0.215625 0.4953125 0.0625 0.128125
0 0.2 0.4453125 0.015625 0.0234375
1 0.2234375 0.4234375 0.059375 0.1
0 0.2109375 0.384375 0.0140625 0.01875
1 0.271875 0.4109375 0.0546875 0.121875
0 0.2546875 0.365625 0.015625 0.0234375
1 0.371875 0.465625 0.05 0.109375
0 0.3765625 0.4234375 0.01875 0.0203125
1 0.446875 0.4109375 0.0484375 0.121875
0 0.446875 0.3625 0.01875 0.021875
1 0.4609375 0.3953125 0.0671875 0.11875
0 0.475 0.35 0.015625 0.021875
1 0.50625 0.3671875 0.0421875 0.1125
0 0.515625 0.325 0.0140625 0.0203125
1 0.5484375 0.3640625 0.0328125 0.1078125
0 0.553125 0.321875 0.015625 0.0234375
1 0.628125 0.371875 0.046875 0.1234375
0 0.634375 0.321875 0.0140625 0.021875
1 0.6765625 0.459375 0.0546875 0.1234375
0 0.684375 0.4109375 0.01875 0.0234375
1 0.75625 0.41875 0.0453125 0.0890625
0 0.76875 0.3859375 0.0140625 0.01875
1 0.7828125 0.4078125 0.05625 0.109375
0 0.796875 0.3671875 0.01875 0.0234375
1 0.7703125 0.334375 0.0765625 0.121875
0 0.7828125 0.2875 0.01875 0.028125
1 0.83125 0.334375 0.065625 0.115625
0 0.8359375 0.2875 0.015625 0.021875
1 0.70625 0.275 0.0578125 0.115625
0 0.7171875 0.23125 0.0140625 0.0203125
1 0.590625 0.309375 0.0453125 0.1046875
0 0.59375 0.26875 0.0140625 0.0171875
1 0.4390625 0.3171875 0.0453125 0.1078125
0 0.4296875 0.271875 0.01875 0.0171875
1 0.334375 0.2921875 0.05625 0.1
0 0.328125 0.2515625 0.0140625 0.015625
1 0.25625 0.325 0.0515625 0.1078125
0 0.2546875 0.28125 0.015625 0.015625
1 0.1515625 0.3640625 0.0546875 0.1203125
0 0.1359375 0.3171875 0.0203125 0.0234375
1 0.0984375 0.296875 0.059375 0.11875
0 0.0796875 0.25 0.0109375 0.0140625
1 0.1984375 0.296875 0.06875 0.1078125
0 0.1765625 0.2546875 0.0140625 0.015625
1 0.20625 0.271875 0.05 0.1
0 0.1953125 0.23125 0.0140625 0.015625
1 0.2578125 0.2640625 0.046875 0.090625
0 0.2484375 0.221875 0.0109375 0.0046875
1 0.0234375 0.2578125 0.0421875 0.078125
0 0.009375 0.221875 0.01875 0.00625
1 0.5625 0.2453125 0.0453125 0.0515625
0 0.5671875 0.221875 0.0140625 0.00625