1 0.4 0.5984375 0.38125 0.8
0 0.384375 0.2453125 0.159375 0.1984375
1 0.6515625 0.465625 0.103125 0.375
0 0.640625 0.3171875 0.0484375 0.06875
1 0.8015625 0.4828125 0.14375 0.5296875
0 0.8453125 0.25625 0.05625 0.0640625
1 0.7875 0.625 0.171875 0.7453125
0 0.8234375 0.6203125 0.1 0.7578125
1 0.6109375 0.5359375 0.1578125 0.465625
0 0.590625 0.340625 0.05625 0.065625
1 0.765625 0.4296875 0.1109375 0.3828125
0 0.76875 0.2703125 0.046875 0.0515625
1 0.765625 0.4109375 0.1171875 0.390625
0 0.79375 0.25 0.0421875 0.0546875
1 0.6796875 0.378125 0.05625 0.2734375
0 0.6734375 0.2640625 0.0296875 0.0375
1 0.5546875 0.6234375 0.2765625 0.75
0 0.5015625 0.3265625 0.109375 0.1328125
1 0.259375 0.6078125 0.1625 0.7828125
0 0.2546875 0.2734375 0.096875 0.09375