1 0.078125 0.565625 0.153125 0.4265625
0 0.065625 0.396875 0.0765625 0.0859375
1 0.2140625 0.5359375 0.221875 0.4625
0 0.21875 0.35625 0.071875 0.1
1 0.325 0.6015625 0.2453125 0.3546875
0 0.33125 0.4875 0.0921875 0.1046875
1 0.5625 0.5796875 0.21875 0.4
0 0.615625 0.4515625 0.0890625 0.1078125
1 0.7 0.5671875 0.153125 0.4234375
0 0.7234375 0.4 0.075 0.0796875
1 0.8421875 0.4984375 0.196875 0.5
0 0.8765625 0.3 0.0828125 0.090625
1 0.509375 0.534375 0.1265625 0.3796875
0 0.5140625 0.3875 0.05625 0.0765625
1 0.384375 0.53125 0.178125 0.496875
0 0.3671875 0.340625 0.0859375 0.10625
1 0.578125 0.434375 0.0953125 0.26875
0 0.5765625 0.328125 0.0375 0.046875
1 0.6296875 0.3671875 0.0828125 0.2328125
0 0.63125 0.278125 0.0296875 0.040625
1 0.5234375 0.353125 0.078125 0.2265625
0 0.525 0.2671875 0.028125 0.040625
1 0.7796875 0.4515625 0.140625 0.4109375
0 0.7984375 0.2875 0.05625 0.0734375