1 0.83125 0.609375 0.115625 0.140625
0 0.8765625 0.55625 0.025 0.0296875
1 0.775 0.5796875 0.134375 0.1375
0 0.803125 0.5328125 0.028125 0.028125
1 0.7734375 0.578125 0.096875 0.11875
0 0.803125 0.5328125 0.025 0.025
1 0.928125 0.6296875 0.1140625 0.3875
0 0.9625 0.46875 0.0515625 0.065625
1 0.6234375 0.5234375 0.0484375 0.0953125
0 0.6203125 0.484375 0.0125 0.0140625
1 0.5875 0.4984375 0.0140625 0.040625
0 0.5859375 0.48125 0.0046875 0.0046875
1 0.5734375 0.5 0.015625 0.04375
0 0.5734375 0.4828125 0.0046875 0.0046875
1 0.5484375 0.4984375 0.0125 0.04375
0 0.55 0.4828125 0.0046875 0.0046875
1 0.5671875 0.515625 0.0328125 0.078125
0 0.5671875 0.4828125 0.009375 0.0109375
1 0.5203125 0.5046875 0.0171875 0.040625
0 0.5203125 0.4875 0.0046875 0.0046875
1 0.50625 0.503125 0.0234375 0.0515625
0 0.5078125 0.4828125 0.0046875 0.0046875
1 0.3546875 0.55625 0.084375 0.1875
0 0.365625 0.4765625 0.0234375 0.025