1 0.8546875 0.4734375 0.1640625 0.609375
0 0.8625 0.340625 0.05625 0.0703125
1 0.978125 0.4734375 0.0390625 0.1515625
0 0.9921875 0.4109375 0.009375 0.0203125
1 0.7875 0.4984375 0.1375 0.2828125
0 0.8046875 0.3796875 0.034375 0.0421875
1 0.671875 0.4578125 0.0828125 0.196875
0 0.659375 0.3765625 0.021875 0.028125
1 0.55625 0.459375 0.1140625 0.25
0 0.5671875 0.35625 0.0296875 0.0359375
1 0.5015625 0.5203125 0.2078125 0.3984375
0 0.5109375 0.353125 0.0515625 0.0578125
1 0.415625 0.4515625 0.0796875 0.20625
0 0.4171875 0.365625 0.0296875 0.028125
1 0.3828125 0.4796875 0.1328125 0.2828125
0 0.3734375 0.3578125 0.034375 0.0359375
1 0.2515625 0.5125 0.1421875 0.3125
0 0.253125 0.38125 0.040625 0.04375
1 0.2921875 0.4578125 0.0546875 0.15625
0 0.296875 0.39375 0.0203125 0.0234375
1 0.15625 0.5125 0.2140625 0.4609375
0 0.1296875 0.35625 0.0625 0.0578125
1 0.0375 0.4625 0.071875 0.1671875
0 0.0296875 0.3953125 0.0171875 0.0234375
1 0.01875 0.4203125 0.03125 0.09375
0 0.015625 0.384375 0.0125 0.015625
1 0.321875 0.403125 0.0171875 0.040625
0 0.3265625 0.3875 0.00625 0.0078125
1 0.3421875 0.4015625 0.0125 0.03125
0 0.3421875 0.3890625 0.0046875 0.0046875
1 0.3515625 0.4 0.009375 0.028125
0 0.3515625 0.3890625 0.0046875 0.0046875
1 0.359375 0.3984375 0.0125 0.028125
0 0.3609375 0.3875 0.0015625 0.0046875