1 0.378125 0.621875 0.053125 0.196875
0 0.3734375 0.546875 0.0234375 0.0328125
1 0.4265625 0.6328125 0.06875 0.2234375
0 0.4125 0.5421875 0.028125 0.034375
1 0.4546875 0.621875 0.0609375 0.171875
0 0.45625 0.553125 0.0171875 0.0234375
1 0.5203125 0.665625 0.0921875 0.30625
0 0.534375 0.5375 0.03125 0.046875
1 0.6078125 0.6796875 0.1234375 0.3859375
0 0.5859375 0.5265625 0.046875 0.0578125
1 0.6578125 0.728125 0.203125 0.284375
0 0.5890625 0.6203125 0.05 0.0578125
1 0.696875 0.7015625 0.1046875 0.3390625
0 0.684375 0.565625 0.0484375 0.0578125
1 0.7484375 0.696875 0.11875 0.3453125
0 0.7609375 0.553125 0.0390625 0.05
1 0.1546875 0.6265625 0.0703125 0.2046875
0 0.175 0.546875 0.0265625 0.0328125
1 0.56875 0.671875 0.0796875 0.31875
0 0.5671875 0.5421875 0.040625 0.05