1 0.490625 0.5171875 0.13125 0.234375
0 0.4890625 0.4359375 0.0421875 0.05
1 0.1265625 0.6125 0.2484375 0.4046875
0 0.1109375 0.478125 0.0921875 0.128125
1 0.1703125 0.609375 0.321875 0.4109375
0 0.1609375 0.46875 0.08125 0.1203125
1 0.2015625 0.6109375 0.3 0.4046875
0 0.221875 0.465625 0.0703125 0.0953125
1 0.225 0.5875 0.265625 0.3515625
0 0.2203125 0.4640625 0.065625 0.0953125
1 0.8078125 0.578125 0.2609375 0.3515625
0 0.8515625 0.4609375 0.08125 0.1
1 0.8109375 0.5828125 0.2515625 0.3578125
0 0.7953125 0.4515625 0.065625 0.090625
1 0.825 0.5953125 0.3015625 0.378125
0 0.85625 0.4609375 0.0859375 0.109375
1 0.859375 0.6109375 0.2734375 0.4046875
0 0.9140625 0.4703125 0.0953125 0.1078125
1 0.890625 0.615625 0.2109375 0.3984375
0 0.9484375 0.4953125 0.096875 0.1375
1 0.746875 0.559375 0.2 0.275
0 0.746875 0.4640625 0.0625 0.0765625