1 0.696875 0.6796875 0.2515625 0.3859375
0 0.659375 0.5421875 0.084375 0.10625
1 0.503125 0.659375 0.209375 0.4265625
0 0.49375 0.5234375 0.09375 0.125
1 0.2921875 0.6859375 0.2640625 0.375
0 0.29375 0.559375 0.0953125 0.1265625
1 0.7421875 0.659375 0.171875 0.409375
0 0.734375 0.5 0.0640625 0.0828125
1 0.58125 0.6578125 0.1625 0.41875
0 0.584375 0.509375 0.075 0.1
1 0.40625 0.6578125 0.1625 0.4125
0 0.4109375 0.496875 0.0671875 0.078125
1 0.3765625 0.6 0.1765625 0.328125
0 0.375 0.475 0.053125 0.071875
1 0.5328125 0.6015625 0.1140625 0.33125
0 0.534375 0.4828125 0.0484375 0.0703125
1 0.70625 0.6078125 0.1390625 0.3515625
0 0.6875 0.465625 0.0515625 0.0625
1 0.61875 0.6 0.096875 0.328125
0 0.621875 0.46875 0.04375 0.059375
1 0.4578125 0.5078125 0.090625 0.2015625
0 0.465625 0.434375 0.0390625 0.05
1 0.6578125 0.4890625 0.08125 0.159375
0 0.6625 0.428125 0.028125 0.0375
1 0.4890625 0.459375 0.0375 0.096875
0 0.4890625 0.4296875 0.021875 0.0265625
1 0.509375 0.478125 0.065625 0.153125
0 0.509375 0.421875 0.025 0.028125
1 0.5203125 0.4671875 0.0578125 0.121875
0 0.509375 0.421875 0.0234375 0.028125
1 0.540625 0.4328125 0.071875 0.090625
0 0.5421875 0.4015625 0.0171875 0.021875
1 0.640625 0.4671875 0.06875 0.1453125
0 0.646875 0.4109375 0.028125 0.0328125
1 0.6078125 0.475 0.065625 0.134375
0 0.6140625 0.4234375 0.028125 0.03125
1 0.6078125 0.459375 0.059375 0.13125
0 0.6125 0.4125 0.021875 0.025
1 0.584375 0.471875 0.046875 0.10625
0 0.58125 0.4375 0.01875 0.025
1 0.55625 0.4984375 0.0625 0.1359375
0 0.5578125 0.446875 0.0296875 0.0296875