1 0.1046875 0.525 0.2 0.5421875
0 0.0875 0.303125 0.06875 0.090625
1 0.1546875 0.515625 0.1609375 0.5046875
0 0.1453125 0.309375 0.05625 0.078125
1 0.2828125 0.4984375 0.265625 0.521875
0 0.2953125 0.2875 0.0640625 0.0859375
1 0.3953125 0.5 0.1828125 0.5234375
0 0.421875 0.2765625 0.05 0.06875
1 0.515625 0.503125 0.1765625 0.56875
0 0.5328125 0.265625 0.065625 0.0875
1 0.634375 0.50625 0.140625 0.578125
0 0.6296875 0.2625 0.0640625 0.078125
1 0.834375 0.50625 0.3234375 0.58125
0 0.7625 0.259375 0.0640625 0.09375
1 0.8703125 0.5234375 0.2546875 0.5453125
0 0.896875 0.3046875 0.084375 0.096875