1 0.23125 0.515625 0.146875 0.275
0 0.2296875 0.4140625 0.046875 0.0625
1 0.3046875 0.5171875 0.165625 0.2671875
0 0.325 0.4140625 0.0453125 0.0578125
1 0.4296875 0.521875 0.128125 0.2671875
0 0.4203125 0.4234375 0.0484375 0.065625
1 0.525 0.5203125 0.1296875 0.2734375
0 0.5171875 0.415625 0.04375 0.0625
1 0.6203125 0.525 0.2796875 0.2671875
0 0.6046875 0.4234375 0.0546875 0.0578125
1 0.7078125 0.5328125 0.1375 0.303125
0 0.6890625 0.41875 0.053125 0.0671875
1 0.784375 0.4859375 0.13125 0.334375
0 0.7640625 0.3515625 0.05 0.0640625
1 0.678125 0.4734375 0.090625 0.30625
0 0.675 0.35 0.040625 0.05
1 0.609375 0.475 0.0921875 0.3140625
0 0.6140625 0.35 0.0390625 0.046875
1 0.55 0.475 0.1015625 0.3
0 0.5546875 0.3578125 0.040625 0.05625
1 0.4484375 0.471875 0.1015625 0.3046875
0 0.4609375 0.35 0.0421875 0.0546875
1 0.3890625 0.475 0.096875 0.309375
0 0.3875 0.3515625 0.0453125 0.0546875
1 0.309375 0.4828125 0.0859375 0.2953125
0 0.3140625 0.3640625 0.034375 0.046875
1 0.2125 0.475 0.1078125 0.3046875
0 0.228125 0.353125 0.0390625 0.053125