1 0.01875 0.4125 0.0328125 0.134375
0 0.00625 0.353125 0.0125 0.0171875
1 0.03125 0.4203125 0.0375 0.1109375
0 0.0359375 0.375 0.0125 0.015625
1 0.046875 0.409375 0.034375 0.1171875
0 0.046875 0.359375 0.0140625 0.015625
1 0.059375 0.421875 0.059375 0.15625
0 0.0671875 0.3546875 0.021875 0.021875
1 0.059375 0.4453125 0.0796875 0.1796875
0 0.075 0.3703125 0.021875 0.025
1 0.0984375 0.4265625 0.0625 0.15625
0 0.1015625 0.3578125 0.0171875 0.015625
1 0.1265625 0.409375 0.028125 0.078125
0 0.121875 0.378125 0.009375 0.009375
1 0.1515625 0.4125 0.046875 0.1109375
0 0.1578125 0.3671875 0.009375 0.0125
1 0.165625 0.41875 0.05625 0.125
0 0.165625 0.36875 0.0125 0.015625