1 0.0734375 0.7078125 0.1421875 0.240625
0 0.059375 0.625 0.0625 0.0625
1 0.1734375 0.70625 0.15 0.24375
0 0.2046875 0.615625 0.0453125 0.0609375
1 0.121875 0.690625 0.1 0.2765625
0 0.1265625 0.575 0.040625 0.0453125
1 0.2375 0.6953125 0.0765625 0.265625
0 0.225 0.5921875 0.028125 0.0328125
1 0.31875 0.696875 0.0953125 0.2375
0 0.3 0.596875 0.0265625 0.0296875
1 0.334375 0.621875 0.046875 0.0875
0 0.3359375 0.5890625 0.009375 0.0125
1 0.36875 0.6953125 0.0640625 0.1703125
0 0.365625 0.621875 0.021875 0.025
1 0.43125 0.7015625 0.0625 0.1453125
0 0.434375 0.64375 0.01875 0.025
1 0.45625 0.61875 0.0328125 0.0828125
0 0.45625 0.5875 0.009375 0.0109375
1 0.434375 0.653125 0.05 0.096875
0 0.4296875 0.6140625 0.015625 0.0171875
1 0.4890625 0.6875 0.0546875 0.1625
0 0.4890625 0.6203125 0.0265625 0.0265625
1 0.51875 0.615625 0.034375 0.0875
0 0.51875 0.58125 0.0125 0.0125
1 0.5421875 0.6203125 0.040625 0.0921875
0 0.5421875 0.584375 0.0140625 0.01875
1 0.5375 0.690625 0.05625 0.14375
0 0.5421875 0.6359375 0.025 0.0296875
1 0.5328125 0.7375 0.1046875 0.1828125
0 0.50625 0.66875 0.0375 0.0359375
1 0.584375 0.73125 0.1046875 0.1953125
0 0.5828125 0.6671875 0.0421875 0.04375
1 0.63125 0.60625 0.03125 0.0765625
0 0.6296875 0.578125 0.0125 0.0125
1 0.68125 0.6203125 0.0546875 0.125
0 0.68125 0.575 0.0140625 0.01875
1 0.653125 0.7578125 0.13125 0.1421875
0 0.6296875 0.715625 0.0421875 0.0546875
1 0.684375 0.7328125 0.15 0.19375
0 0.64375 0.6578125 0.04375 0.040625
1 0.7171875 0.640625 0.0546875 0.1453125
0 0.7125 0.584375 0.021875 0.025
1 0.7515625 0.64375 0.0453125 0.11875
0 0.74375 0.5984375 0.0203125 0.01875
1 0.796875 0.653125 0.0625 0.171875
0 0.79375 0.5828125 0.025 0.0265625
1 0.8265625 0.6296875 0.053125 0.1375
0 0.828125 0.578125 0.01875 0.025
1 0.8765625 0.625 0.046875 0.1078125
0 0.875 0.584375 0.015625 0.01875
1 0.9015625 0.6234375 0.0546875 0.1203125
0 0.8953125 0.5765625 0.0171875 0.01875
1 0.91875 0.6078125 0.0421875 0.1
0 0.9171875 0.5671875 0.015625 0.015625
1 0.9328125 0.6078125 0.04375 0.1
0 0.928125 0.565625 0.0125 0.0125
1 0.971875 0.603125 0.0515625 0.109375
0 0.96875 0.5609375 0.015625 0.01875
1 0 0.165625 0 0
0 0.6890625 0.659375 0.028125 0.034375
1 0.76875 0.7234375 0.14375 0.209375
0 0.7421875 0.64375 0.0421875 0.04375
1 0.80625 0.7171875 0.08125 0.184375
0 0.7921875 0.646875 0.0328125 0.034375
1 0.878125 0.740625 0.1625 0.1765625
0 0.853125 0.684375 0.0453125 0.05
1 0.890625 0.728125 0.1 0.203125
0 0.8890625 0.653125 0.034375 0.05
1 0.928125 0.7421875 0.1375 0.1734375
0 0.940625 0.7125 0.078125 0.071875
1 0.95 0.715625 0.090625 0.1875
0 0.9375 0.64375 0.03125 0.0359375
1 0.028125 0.696875 0.0515625 0.2625
0 0.0140625 0.5984375 0.025 0.05
1 0.0453125 0.6921875 0.0625 0.265625
0 0.05 0.5875 0.0390625 0.0421875
1 0.0875 0.6875 0.05625 0.284375
0 0.0859375 0.5703125 0.0328125 0.0375
1 0.16875 0.671875 0.0625 0.2171875
0 0.1734375 0.58125 0.025 0.0265625
1 0.41875 0.6203125 0.0390625 0.078125
0 0.41875 0.5875 0.0125 0.0125
1 0.4484375 0.61875 0.0296875 0.0828125
0 0.45 0.5859375 0.0125 0.0125
1 0.4765625 0.6203125 0.0296875 0.0828125
0 0.46875 0.590625 0.0125 0.0125
1 0.565625 0.6859375 0.046875 0.146875
0 0.5640625 0.6265625 0.0203125 0.0203125
1 0.6015625 0.684375 0.0640625 0.1453125
0 0.590625 0.6265625 0.021875 0.021875
1 0.634375 0.6828125 0.05625 0.15
0 0.63125 0.625 0.0203125 0.025
1 0.675 0.6828125 0.0515625 0.1515625
0 0.66875 0.621875 0.021875 0.025
1 0.4609375 0.675 0.04375 0.115625
0 0.45625 0.6296875 0.0171875 0.0171875
1 0.8765625 0.64375 0.05 0.0875
0 0.871875 0.615625 0.0171875 0.0203125