1 0.15625 0.6609375 0.196875 0.421875
0 0.1625 0.4953125 0.0515625 0.0640625
1 0.29375 0.66875 0.146875 0.4078125
0 0.30625 0.5109375 0.0421875 0.046875
1 0.4265625 0.6625 0.1375 0.4203125
0 0.4375 0.4953125 0.046875 0.05625
1 0.5359375 0.6671875 0.1171875 0.4046875
0 0.5296875 0.4984375 0.046875 0.053125
1 0.64375 0.6734375 0.1265625 0.3875
0 0.6328125 0.5140625 0.03125 0.04375
1 0.740625 0.6625 0.159375 0.3984375
0 0.7171875 0.509375 0.046875 0.0484375
1 0.796875 0.6390625 0.14375 0.3890625
0 0.765625 0.490625 0.0375 0.0390625
1 0.234375 0.6015625 0.125 0.421875
0 0.234375 0.4359375 0.0421875 0.0515625
1 0.34375 0.6140625 0.1265625 0.4015625
0 0.35 0.4515625 0.0453125 0.0515625
1 0.4046875 0.5734375 0.109375 0.3796875
0 0.403125 0.425 0.0390625 0.040625
1 0.484375 0.571875 0.10625 0.3625
0 0.4796875 0.4265625 0.040625 0.0421875
1 0.5890625 0.5703125 0.1015625 0.346875
0 0.5828125 0.4328125 0.0375 0.04375
1 0.65625 0.5734375 0.0921875 0.3171875
0 0.659375 0.4484375 0.040625 0.0453125
1 0.7109375 0.55 0.0953125 0.3421875
0 0.7015625 0.4125 0.0328125 0.04375
1 0.75625 0.521875 0.134375 0.3265625
0 0.74375 0.390625 0.040625 0.0453125
1 0.60625 0.5171875 0.09375 0.34375
0 0.6078125 0.3796875 0.034375 0.0453125
1 0.521875 0.528125 0.096875 0.3328125
0 0.525 0.3921875 0.034375 0.0421875
1 0.4296875 0.53125 0.0828125 0.3390625
0 0.4328125 0.39375 0.0375 0.04375
1 0.34375 0.5140625 0.1 0.31875
0 0.346875 0.3875 0.0359375 0.0375
1 0.3015625 0.53125 0.1171875 0.3578125
0 0.3 0.3890625 0.0375 0.04375
1 0.196875 0.53125 0.1421875 0.3703125
0 0.2203125 0.3765625 0.0390625 0.04375