1 0.6140625 0.534375 0.0390625 0.10625
0 0.615625 0.4921875 0.0125 0.01875
1 0.6359375 0.5359375 0.0328125 0.1046875
0 0.6375 0.4953125 0.015625 0.0203125
1 0.778125 0.4828125 0.1 0.2640625
0 0.796875 0.38125 0.03125 0.0296875
1 0.91875 0.5359375 0.05 0.1359375
0 0.9265625 0.48125 0.015625 0.0203125
1 0.9390625 0.540625 0.0359375 0.128125
0 0.940625 0.4875 0.015625 0.01875
1 0.978125 0.534375 0.0390625 0.125
0 0.9765625 0.4828125 0.015625 0.0171875
1 0.9875 0.5375 0.01875 0.11875
0 0.9921875 0.4890625 0.009375 0.01875
1 0.521875 0.528125 0.028125 0.1109375
0 0.5203125 0.484375 0.0140625 0.01875
1 0.5046875 0.5390625 0.025 0.0953125
0 0.5078125 0.503125 0.0140625 0.01875