1 0.7984375 0.85 0.14375 0.29375
0 0.7984375 0.7421875 0.0546875 0.05625
1 0.5953125 0.83125 0.15625 0.33125
0 0.6171875 0.69375 0.0484375 0.0484375
1 0.684375 0.79375 0.053125 0.175
0 0.6796875 0.71875 0.01875 0.021875
1 0.6578125 0.7890625 0.0421875 0.153125
0 0.6515625 0.7234375 0.0171875 0.01875
1 0.5 0.7875 0.0765625 0.2015625
0 0.4953125 0.70625 0.01875 0.028125
1 0.44375 0.790625 0.05625 0.159375
0 0.4421875 0.7234375 0.015625 0.01875
1 0.403125 0.7875 0.0546875 0.1703125
0 0.4046875 0.715625 0.021875 0.021875
1 0.3890625 0.7453125 0.021875 0.0875
0 0.3890625 0.7125 0.0109375 0.0109375
1 0.3015625 0.7671875 0.0546875 0.140625
0 0.303125 0.7078125 0.0171875 0.01875
1 0.3125 0.7671875 0.0390625 0.109375
0 0.31875 0.721875 0.0140625 0.0171875
1 0.321875 0.75625 0.034375 0.1125
0 0.321875 0.709375 0.0125 0.0140625
1 0.26875 0.7671875 0.040625 0.121875
0 0.2734375 0.7171875 0.0140625 0.01875
1 0.265625 0.7609375 0.03125 0.115625
0 0.265625 0.7125 0.0125 0.0140625
1 0.2375 0.7671875 0.04375 0.1015625
0 0.2453125 0.7265625 0.0125 0.0125
1 0.165625 0.796875 0.08125 0.1921875
0 0.175 0.715625 0.021875 0.025
1 0.3625 0.759375 0.034375 0.1
0 0.3703125 0.71875 0.0109375 0.0140625
1 0.4765625 0.740625 0.025 0.065625
0 0.4734375 0.7140625 0.00625 0.009375
1 0.525 0.7625 0.0421875 0.1109375
0 0.521875 0.7140625 0.0125 0.0109375
1 0.540625 0.7546875 0.0234375 0.0875
0 0.54375 0.721875 0.0125 0.0125