1 0.9078125 0.5984375 0.178125 0.546875
0 0.871875 0.3875 0.090625 0.10625
1 0.659375 0.4875 0.1265625 0.30625
0 0.6875 0.36875 0.0359375 0.04375
1 0.528125 0.5296875 0.0875 0.2546875
0 0.5359375 0.4296875 0.03125 0.0359375
1 0.43125 0.503125 0.109375 0.2453125
0 0.446875 0.40625 0.0296875 0.0390625
1 0.390625 0.58125 0.19375 0.3578125
0 0.365625 0.4375 0.046875 0.059375
1 0.3546875 0.5015625 0.1 0.2171875
0 0.353125 0.421875 0.0390625 0.0515625
1 0.284375 0.63125 0.321875 0.425
0 0.2234375 0.4625 0.0796875 0.08125
1 0.2984375 0.5515625 0.2125 0.3109375
0 0.2546875 0.425 0.0515625 0.0546875
1 0.28125 0.4640625 0.1046875 0.1921875
0 0.275 0.396875 0.034375 0.0453125
1 0.296875 0.403125 0.0796875 0.184375
0 0.2953125 0.33125 0.021875 0.0296875
1 0.209375 0.4015625 0.0640625 0.178125
0 0.20625 0.3296875 0.021875 0.025
1 0.2140625 0.45625 0.1078125 0.1734375
0 0.196875 0.390625 0.0328125 0.0375
1 0.175 0.4171875 0.1046875 0.2109375
0 0.1765625 0.33125 0.0296875 0.0328125
1 0.1140625 0.6015625 0.225 0.384375
0 0.1234375 0.45 0.05625 0.065625
1 0.121875 0.46875 0.1625 0.2140625
0 0.096875 0.39375 0.05 0.0578125
1 0.053125 0.5703125 0.103125 0.34375
0 0.02890625 0.434375 0.0578125 0.06875