1 0.6375 0.7546875 0.0171875 0.034375
0 0.6390625 0.7421875 0.0046875 0.0046875
1 0.58125 0.7828125 0.0140625 0.0453125
0 0.5828125 0.765625 0.0046875 0.0046875
1 0.403125 0.746875 0.0171875 0.04375
0 0.40625 0.73125 0.00625 0.0078125
1 0.1046875 0.6671875 0.015625 0.03125
0 0.103125 0.65625 0.0046875 0.0046875
1 0.1109375 0.6625 0.015625 0.03125
0 0.1109375 0.6515625 0.003125 0.0046875
1 0.125 0.659375 0.0140625 0.0296875
0 0.1265625 0.6484375 0.0046875 0.0046875
1 0.090625 0.5078125 0.0125 0.025
0 0.090625 0.5 0.003125 0.0046875
1 0.0703125 0.4984375 0.015625 0.025
0 0.0703125 0.490625 0.003125 0.003125
1 0.240625 0.4578125 0.0125 0.0203125
0 0.240625 0.453125 0.003125 0.003125
1 0.2515625 0.3953125 0.0125 0.0265625
0 0.2515625 0.3890625 0.003125 0.003125
1 0.3140625 0.4359375 0.0140625 0.0234375
0 0.315625 0.4296875 0.0046875 0.0046875
1 0.3203125 0.434375 0.0140625 0.0296875
0 0.321875 0.4265625 0.003125 0.0046875
1 0.3828125 0.5109375 0.015625 0.0265625
0 0.38125 0.503125 0.003125 0.003125
1 0.5171875 0.5484375 0.015625 0.03125
0 0.51875 0.5375 0.003125 0.003125
1 0.7359375 0.659375 0.01875 0.04375
0 0.7390625 0.6453125 0.00625 0.0046875
1 0.734375 0.63125 0.015625 0.0359375
0 0.734375 0.61875 0.0078125 0.0078125
1 0.9171875 0.44375 0.0171875 0.0328125
0 0.9203125 0.4375 0.0046875 0.00625
1 0.734375 0.4421875 0.0140625 0.03125
0 0.7375 0.434375 0.003125 0.0046875