1 0.825 0.5390625 0.2578125 0.471875
0 0.834375 0.3578125 0.053125 0.0546875
1 0.7203125 0.5140625 0.2046875 0.4453125
0 0.74375 0.378125 0.04375 0.034375
1 0.6328125 0.496875 0.1921875 0.4078125
0 0.63125 0.36875 0.0390625 0.046875
1 0.5453125 0.5015625 0.1984375 0.403125
0 0.5578125 0.365625 0.0390625 0.04375
1 0.5796875 0.571875 0.1625 0.340625
0 0.6078125 0.428125 0.040625 0.046875
1 0.528125 0.571875 0.2046875 0.334375
0 0.5765625 0.496875 0.0453125 0.0609375
1 0.4578125 0.5296875 0.15 0.36875
0 0.4734375 0.378125 0.0328125 0.046875
1 0.40625 0.6 0.175 0.3015625
0 0.428125 0.4984375 0.046875 0.0640625
1 0.3734375 0.528125 0.1421875 0.35
0 0.3796875 0.378125 0.0359375 0.040625
1 0.3453125 0.5515625 0.140625 0.375
0 0.36875 0.4140625 0.0421875 0.0421875
1 0.2765625 0.5125 0.115625 0.353125
0 0.271875 0.3703125 0.0375 0.0453125
1 0.278125 0.63125 0.1421875 0.2453125
0 0.2765625 0.5390625 0.0484375 0.0515625
1 0.1875 0.540625 0.1234375 0.3640625
0 0.190625 0.384375 0.0390625 0.05
1 0.1359375 0.5828125 0.165625 0.34375
0 0.1546875 0.45 0.0515625 0.0625