1 0.9046875 0.4578125 0.1265625 0.253125
0 0.9125 0.353125 0.03125 0.0375
1 0.4234375 0.490625 0.0875 0.290625
0 0.4234375 0.3703125 0.03125 0.03125
1 0.340625 0.453125 0.115625 0.3140625
0 0.365625 0.3234375 0.0421875 0.046875
1 0.209375 0.4859375 0.0953125 0.3609375
0 0.2109375 0.3359375 0.040625 0.0546875
1 0.1546875 0.51875 0.16875 0.4125
0 0.1484375 0.3453125 0.0609375 0.0609375
1 0.03125 0.409375 0.0609375 0.1953125
0 0.0109375 0.3265625 0.021875 0.0203125
1 0.2578125 0.403125 0.053125 0.1546875
0 0.2609375 0.3390625 0.0171875 0.0234375
1 0.0625 0.365625 0.0328125 0.0828125
0 0.0609375 0.3328125 0.009375 0.009375
1 0.3140625 0.396875 0.0453125 0.1359375
0 0.3140625 0.3390625 0.0140625 0.0140625