1 0.0328125 0.515625 0.0625 0.1953125
0 0.03125 0.4390625 0.03125 0.0390625
1 0.08125 0.521875 0.1046875 0.2421875
0 0.0828125 0.425 0.034375 0.0421875
1 0.165625 0.5203125 0.1 0.240625
0 0.171875 0.421875 0.0296875 0.0390625
1 0.346875 0.5140625 0.1359375 0.2546875
0 0.3125 0.421875 0.025 0.0296875
1 0.321875 0.503125 0.0875 0.2015625
0 0.3125 0.4234375 0.0265625 0.0296875
1 0.01875 0.49375 0.0328125 0.175
0 0.0109375 0.428125 0.01875 0.0359375
1 0.053125 0.4984375 0.0515625 0.1796875
0 0.05 0.428125 0.0265625 0.0359375
1 0.0984375 0.5125 0.0828125 0.2140625
0 0.115625 0.4265625 0.03125 0.0375
1 0.8765625 0.5234375 0.1046875 0.2265625
0 0.865625 0.434375 0.03125 0.0421875
1 0.95625 0.521875 0.08125 0.225
0 0.959375 0.43125 0.034375 0.0375
1 0.740625 0.4921875 0.1515625 0.4421875
0 0.740625 0.3125 0.0515625 0.075
1 0.2375 0.465625 0.14375 0.5234375
0 0.2421875 0.246875 0.0640625 0.06875