1 0.646875 0.45 0.071875 0.14375
0 0.6484375 0.3921875 0.0203125 0.025
1 0.5984375 0.4828125 0.1171875 0.2
0 0.578125 0.403125 0.028125 0.034375
1 0.5609375 0.5 0.178125 0.2140625
0 0.5328125 0.41875 0.040625 0.04375
1 0.4671875 0.528125 0.16875 0.2484375
0 0.428125 0.4359375 0.0484375 0.046875
1 0.4453125 0.565625 0.2015625 0.2734375
0 0.425 0.4640625 0.0625 0.059375
1 0.3953125 0.6 0.3375 0.3515625
0 0.2796875 0.4640625 0.071875 0.0703125
1 0.346875 0.603125 0.33125 0.35
0 0.2828125 0.4671875 0.059375 0.0703125
1 0.2453125 0.6140625 0.2359375 0.3234375
0 0.215625 0.5109375 0.06875 0.0859375
1 0.55 0.64375 0.1625 0.265625
0 0.5625 0.571875 0.0734375 0.0984375
1 0.825 0.559375 0.2375 0.3
0 0.9125 0.4453125 0.05 0.0640625