1 0.140625 0.56875 0.0703125 0.153125
0 0.1453125 0.503125 0.0203125 0.025
1 0.171875 0.565625 0.053125 0.14375
0 0.1609375 0.5046875 0.015625 0.01875
1 0.1953125 0.5640625 0.040625 0.128125
0 0.1921875 0.5125 0.0140625 0.0203125
1 0.21875 0.5578125 0.0390625 0.1265625
0 0.2171875 0.50625 0.0140625 0.0203125
1 0.2375 0.55625 0.0359375 0.1234375
0 0.234375 0.50625 0.0140625 0.0203125
1 0.25 0.553125 0.034375 0.1140625
0 0.25 0.5046875 0.0140625 0.0171875
1 0.2671875 0.5484375 0.0296875 0.1078125
0 0.265625 0.5046875 0.0109375 0.01875
1 0.2875 0.5625 0.0546875 0.16875
0 0.2859375 0.49375 0.0203125 0.0265625
1 0.3203125 0.5625 0.0453125 0.153125
0 0.3125 0.4984375 0.01875 0.0234375
1 0.3265625 0.5640625 0.0421875 0.1421875
0 0.3234375 0.5046875 0.015625 0.0203125
1 0.346875 0.5578125 0.046875 0.1375
0 0.3421875 0.5015625 0.015625 0.021875
1 0.3546875 0.5578125 0.0421875 0.125
0 0.3515625 0.50625 0.0125 0.0171875
1 0.375 0.553125 0.0375 0.121875
0 0.375 0.503125 0.0140625 0.01875
1 0.3890625 0.5546875 0.03125 0.109375
0 0.3890625 0.509375 0.0125 0.0171875
1 0.434375 0.571875 0.053125 0.1609375
0 0.43125 0.50625 0.01875 0.0234375
1 0.4453125 0.56875 0.046875 0.146875
0 0.4421875 0.5078125 0.015625 0.01875
1 0.4578125 0.5671875 0.046875 0.1421875
0 0.45625 0.509375 0.0140625 0.0203125
1 0.475 0.5609375 0.0421875 0.13125
0 0.46875 0.50625 0.015625 0.0203125
1 0.4875 0.5546875 0.0453125 0.128125
0 0.4859375 0.5015625 0.0140625 0.015625
1 0.5015625 0.5546875 0.0375 0.103125
0 0.5 0.5140625 0.0125 0.0171875
1 0.5828125 0.5671875 0.0609375 0.1796875
0 0.5765625 0.4921875 0.0203125 0.028125
1 0.6015625 0.5609375 0.0421875 0.13125
0 0.6 0.5046875 0.0125 0.0171875
1 0.9765625 0.5296875 0.021875 0.0484375
0 0.9765625 0.5109375 0.00625 0.00625