1 0.1796875 0.5703125 0.0546875 0.1703125
0 0.178125 0.496875 0.021875 0.021875
1 0.2890625 0.575 0.11875 0.2265625
0 0.2734375 0.4828125 0.0265625 0.034375
1 0.4203125 0.5953125 0.10625 0.19375
0 0.384375 0.5171875 0.0265625 0.0328125
1 0.44375 0.54375 0.0875 0.15625
0 0.4375 0.478125 0.01875 0.01875
1 0.5046875 0.6046875 0.09375 0.325
0 0.49375 0.46875 0.0390625 0.0453125
1 0.5609375 0.5484375 0.05 0.175
0 0.5609375 0.478125 0.0203125 0.021875
1 0.6921875 0.5296875 0.0734375 0.1765625
0 0.68125 0.4546875 0.021875 0.0234375
1 0.8171875 0.5765625 0.0734375 0.184375
0 0.8 0.5015625 0.0296875 0.03125