1 0.9453125 0.496875 0.103125 0.46875
0 0.9875 0.3109375 0.0203125 0.0625
1 0.8625 0.5453125 0.1421875 0.303125
0 0.8796875 0.41875 0.0390625 0.040625
1 0.8328125 0.4921875 0.1234375 0.34375
0 0.828125 0.3484375 0.0375 0.0484375
1 0.809375 0.5046875 0.09375 0.265625
0 0.79375 0.3984375 0.0296875 0.040625
1 0.7265625 0.5125 0.1046875 0.3046875
0 0.71875 0.3859375 0.034375 0.040625
1 0.6125 0.5203125 0.16875 0.475
0 0.6125 0.3171875 0.05625 0.0671875
1 0.5484375 0.5421875 0.1171875 0.3015625
0 0.559375 0.4234375 0.0421875 0.05
1 0.4203125 0.5421875 0.1015625 0.3109375
0 0.4265625 0.415625 0.046875 0.0546875
1 0.4703125 0.5015625 0.0890625 0.284375
0 0.4703125 0.3828125 0.0296875 0.0390625
1 0.5203125 0.4875 0.0671875 0.2109375
0 0.5265625 0.4015625 0.0265625 0.0296875
1 0.375 0.50625 0.084375 0.2828125
0 0.384375 0.3890625 0.0375 0.0421875
1 0.3046875 0.4875 0.1125 0.2734375
0 0.315625 0.375 0.0296875 0.0359375
1 0.2046875 0.528125 0.09375 0.2515625
0 0.2046875 0.425 0.0296875 0.0390625
1 0.2203125 0.4953125 0.10625 0.271875
0 0.225 0.3859375 0.0296875 0.046875
1 0.1625 0.4953125 0.046875 0.1265625
0 0.1640625 0.440625 0.0140625 0.0140625
1 0.11875 0.5046875 0.0984375 0.196875
0 0.121875 0.4234375 0.021875 0.025
1 0.075 0.5140625 0.0640625 0.1765625
0 0.08125 0.440625 0.0265625 0.0234375
1 0.0390625 0.5125 0.075 0.178125
0 0.05 0.4375 0.021875 0.025
1 0.034375 0.5 0.065625 0.1953125
0 0.0265625 0.4203125 0.0234375 0.0296875
1 0.0546875 0.4953125 0.0625 0.1625
0 0.0625 0.4296875 0.015625 0.0234375
1 0.278125 0.496875 0.034375 0.103125
0 0.2734375 0.4515625 0.0109375 0.0109375
1 0.6375 0.515625 0.1515625 0.421875
0 0.6203125 0.3453125 0.0421875 0.04375