1 0.3421875 0.79375 0.06875 0.0734375
0 0.3515625 0.775 0.0171875 0.0265625
1 0.4015625 0.6890625 0.0390625 0.103125
0 0.4 0.6484375 0.0125 0.0140625
1 0.640625 0.646875 0.0421875 0.1
0 0.64375 0.6046875 0.0125 0.0109375
1 0.596875 0.646875 0.034375 0.084375
0 0.596875 0.6140625 0.0109375 0.0109375
1 0.2828125 0.6640625 0.0375 0.0984375
0 0.2796875 0.6234375 0.0125 0.0140625
1 0.253125 0.6359375 0.04375 0.0953125
0 0.25625 0.596875 0.0109375 0.0140625
1 0.30625 0.6296875 0.0296875 0.0828125
0 0.3 0.5953125 0.0109375 0.0125
1 0.3296875 0.6109375 0.0296875 0.0703125
0 0.33125 0.5875 0.009375 0.0140625
1 0.3640625 0.6328125 0.03125 0.0796875
0 0.3640625 0.6 0.009375 0.0109375
1 0.434375 0.59375 0.03125 0.0703125
0 0.4375 0.5671875 0.009375 0.0109375
1 0.45 0.59375 0.0328125 0.0671875
0 0.446875 0.5671875 0.00625 0.0109375
1 0.4921875 0.5875 0.0375 0.0625
0 0.484375 0.565625 0.009375 0.0140625
1 0.515625 0.590625 0.0296875 0.0640625
0 0.51875 0.5671875 0.0109375 0.0109375
1 0.6078125 0.5703125 0.025 0.0671875
0 0.609375 0.54375 0.009375 0.0109375
1 0.3828125 0.53125 0.021875 0.05
0 0.3796875 0.5125 0.00625 0.0078125
1 0.371875 0.571875 0.034375 0.0671875
0 0.375 0.54375 0.009375 0.0109375
1 0.275 0.50625 0.028125 0.05625
0 0.2828125 0.484375 0.00625 0.0078125
1 0.2609375 0.4859375 0.0265625 0.0609375
0 0.265625 0.459375 0.00625 0.00625
1 0.2453125 0.440625 0.021875 0.053125
0 0.246875 0.4171875 0.00625 0.0046875
1 0.2234375 0.4375 0.0234375 0.05
0 0.225 0.4171875 0.00625 0.0046875
1 0.240625 0.428125 0.021875 0.0515625
0 0.240625 0.4078125 0.00625 0.0078125
1 0.234375 0.40625 0.021875 0.0390625
0 0.23125 0.390625 0.00625 0.0046875
1 0.2375 0.5625 0.0265625 0.0640625
0 0.2375 0.5375 0.009375 0.009375
1 0.2171875 0.5703125 0.034375 0.0734375
0 0.21875 0.540625 0.009375 0.0109375
1 0.1953125 0.559375 0.0171875 0.0421875
0 0.19375 0.54375 0.00625 0.00625
1 0.2125 0.5484375 0.0234375 0.0609375
0 0.2125 0.5234375 0.0078125 0.0078125
1 0.8578125 0.68125 0.0421875 0.1296875
0 0.8578125 0.6265625 0.0140625 0.0203125
1 0.9515625 0.4625 0.0375 0.1015625
0 0.95625 0.4203125 0.009375 0.0109375
1 0.8765625 0.446875 0.0328125 0.078125
0 0.8796875 0.415625 0.009375 0.009375
1 0.6953125 0.371875 0.01875 0.053125
0 0.6921875 0.35 0.00625 0.0046875
1 0.0890625 0.2078125 0.0390625 0.078125
0 0.0796875 0.1734375 0.0125 0.0140625
1 0.678125 0.5453125 0.021875 0.0578125
0 0.6796875 0.521875 0.0078125 0.0078125
1 0.7 0.5359375 0.015625 0.0546875
0 0.7 0.5125 0.0078125 0.0078125
1 0.6515625 0.534375 0.0140625 0.046875
0 0.6515625 0.515625 0.00625 0.0046875
1 0.6390625 0.534375 0.01875 0.0484375
0 0.640625 0.515625 0.00625 0.0046875
1 0.5765625 0.528125 0.0296875 0.0640625
0 0.5765625 0.503125 0.00625 0.0078125
1 0.5328125 0.53125 0.025 0.0640625
0 0.53125 0.5046875 0.00625 0.0078125
1 0.5109375 0.53125 0.021875 0.059375
0 0.5125 0.509375 0.00625 0.0078125
1 0.3625 0.4296875 0.0140625 0.0359375
0 0.3625 0.4171875 0.0046875 0.0046875