1 0.490625 0.7515625 0.09375 0.0515625
0 0.496875 0.7453125 0.028125 0.028125
1 0.4078125 0.7109375 0.0609375 0.1328125
0 0.403125 0.65625 0.015625 0.0234375
1 0.21875 0.7015625 0.13125 0.1515625
0 0.225 0.6546875 0.0375 0.04375
1 0.125 0.7 0.1171875 0.153125
0 0.115625 0.65 0.0453125 0.04375
1 0.0328125 0.721875 0.0609375 0.1140625
0 0.0359375 0.6734375 0.015625 0.015625
1 0.01640625 0.71484375 0.0328125 0.0890625
0 0.0203125 0.678125 0.0109375 0.0140625
1 0.0765625 0.71875 0.0421875 0.1171875
0 0.0734375 0.66875 0.0140625 0.0140625
1 0.0609375 0.7 0.0234375 0.084375
0 0.0671875 0.6625 0.009375 0.009375
1 0.0484375 0.69375 0.01875 0.0671875
0 0.05 0.6640625 0.00625 0.009375
1 0.1640625 0.690625 0.01875 0.0515625
0 0.1640625 0.66875 0.00625 0.0078125
1 0.1828125 0.6859375 0.01875 0.05
0 0.1859375 0.665625 0.0046875 0.0078125
1 0.1921875 0.6953125 0.0203125 0.059375
0 0.1953125 0.6703125 0.00625 0.009375
1 0.28125 0.7234375 0.059375 0.1078125
0 0.28125 0.6859375 0.0234375 0.028125
1 0.30625 0.71875 0.0328125 0.1015625
0 0.30625 0.6703125 0.009375 0.0109375
1 0.3140625 0.6875 0.0140625 0.046875
0 0.3140625 0.671875 0.0046875 0.0078125
1 0.3296875 0.6859375 0.01875 0.0515625
0 0.3265625 0.6671875 0.00625 0.0078125
1 0.3625 0.6875 0.01875 0.053125
0 0.3640625 0.6671875 0.0046875 0.0078125
1 0.3765625 0.6875 0.028125 0.0578125
0 0.3796875 0.6640625 0.009375 0.0078125
1 0.3546875 0.68125 0.0140625 0.0375
0 0.3546875 0.6671875 0.0046875 0.0046875
1 0.35 0.6828125 0.0140625 0.0375
0 0.3484375 0.66875 0.0046875 0.003125
1 0.5015625 0.7109375 0.0375 0.1125
0 0.496875 0.6640625 0.0140625 0.015625
1 0.484375 0.7046875 0.028125 0.078125
0 0.4859375 0.6734375 0.009375 0.0109375
1 0.4734375 0.7015625 0.0453125 0.0921875
0 0.4734375 0.6640625 0.009375 0.0140625
1 0.5171875 0.6953125 0.0234375 0.065625
0 0.515625 0.66875 0.009375 0.009375
1 0.5484375 0.6953125 0.0375 0.0875
0 0.5515625 0.659375 0.0109375 0.0109375
1 0.5609375 0.6921875 0.01875 0.0578125
0 0.5609375 0.66875 0.00625 0.009375
1 0.45 0.6875 0.01875 0.0578125
0 0.4546875 0.6640625 0.009375 0.009375
1 0.5359375 0.6875 0.0234375 0.0609375
0 0.5375 0.6640625 0.00625 0.009375
1 0.578125 0.684375 0.0203125 0.0625
0 0.5796875 0.6609375 0.00625 0.009375
1 0.5953125 0.71875 0.05 0.1171875
0 0.6015625 0.6734375 0.01875 0.0234375
1 0.6125 0.7234375 0.0421875 0.10625
0 0.6109375 0.68125 0.0140625 0.0171875
1 0.6359375 0.696875 0.028125 0.078125
0 0.6296875 0.6671875 0.009375 0.0109375
1 0.6203125 0.7 0.0265625 0.0734375
0 0.6203125 0.66875 0.00625 0.009375
1 0.653125 0.690625 0.0265625 0.0734375
0 0.653125 0.659375 0.009375 0.009375
1 0.6640625 0.690625 0.0328125 0.0734375
0 0.659375 0.6578125 0.009375 0.009375
1 0.6890625 0.684375 0.0234375 0.0609375
0 0.6875 0.6609375 0.00625 0.009375
1 0.7109375 0.6828125 0.0109375 0.04375
0 0.7140625 0.6671875 0.0046875 0.0078125
1 0.734375 0.6890625 0.01875 0.065625
0 0.734375 0.6625 0.00625 0.009375
1 0.75 0.7 0.03125 0.0953125
0 0.75 0.6609375 0.015625 0.0140625
1 0.7515625 0.6984375 0.0359375 0.09375
0 0.7515625 0.6609375 0.0109375 0.0109375
1 0.76875 0.6828125 0.0234375 0.046875
0 0.7671875 0.6640625 0.00625 0.0078125
1 0.7921875 0.690625 0.028125 0.065625
0 0.7921875 0.665625 0.00625 0.009375
1 0.81875 0.6890625 0.028125 0.0703125
0 0.81875 0.6625 0.009375 0.009375
1 0.8359375 0.70625 0.03125 0.084375
0 0.8359375 0.6734375 0.0109375 0.0109375
1 0.8625 0.709375 0.0359375 0.084375
0 0.8578125 0.6734375 0.0109375 0.0140625
1 0.8765625 0.6921875 0.0234375 0.0796875
0 0.8796875 0.659375 0.009375 0.009375
1 0.903125 0.7046875 0.03125 0.1
0 0.90625 0.6640625 0.009375 0.0109375
1 0.928125 0.703125 0.046875 0.1078125
0 0.921875 0.659375 0.0109375 0.0140625
1 0.9359375 0.7015625 0.03125 0.0796875
0 0.9390625 0.66875 0.009375 0.009375
1 0.9703125 0.7015625 0.0421875 0.084375
0 0.9640625 0.66875 0.0140625 0.0109375
1 0.1359375 0.71875 0.065625 0.1171875
0 0.134375 0.6734375 0.01875 0.0234375