1 0.553125 0.7140625 0.0484375 0.0875
0 0.55625 0.6796875 0.0234375 0.0203125
1 0.5171875 0.684375 0.0484375 0.078125
0 0.5140625 0.6546875 0.0140625 0.01875
1 0.5484375 0.68125 0.0453125 0.0984375
0 0.5375 0.6421875 0.0171875 0.01875
1 0.5015625 0.6515625 0.053125 0.075
0 0.5078125 0.6234375 0.0140625 0.0171875
1 0.5578125 0.6578125 0.0421875 0.0765625
0 0.5640625 0.6296875 0.0125 0.0171875
1 0.515625 0.6640625 0.0484375 0.0734375
0 0.5234375 0.6375 0.015625 0.01875
1 0.5390625 0.5484375 0.0546875 0.121875
0 0.534375 0.496875 0.0109375 0.015625
1 0.58125 0.484375 0.025 0.0703125
0 0.575 0.45625 0.0078125 0.009375
1 0.5609375 0.4703125 0.0265625 0.065625
0 0.5609375 0.4453125 0.0078125 0.0109375
1 0.4765625 0.4765625 0.0265625 0.0640625
0 0.478125 0.45 0.00625 0.0078125
1 0.4984375 0.4328125 0.015625 0.040625
0 0.4984375 0.4171875 0.003125 0.00625
1 0.4765625 0.5109375 0.0203125 0.0359375
0 0.478125 0.5 0.0078125 0.0109375
1 0.4578125 0.515625 0.021875 0.0390625
0 0.4609375 0.503125 0.00625 0.009375
1 0.5109375 0.425 0.0125 0.0328125
0 0.5125 0.4125 0.003125 0.003125