1 0.1546875 0.553125 0.271875 0.640625
0 0.1203125 0.296875 0.0890625 0.1140625
1 0.2421875 0.5359375 0.4265625 0.6734375
0 0.284375 0.2625 0.0875 0.115625
1 0.371875 0.5625 0.3296875 0.61875
0 0.384375 0.30625 0.075 0.10625
1 0.5 0.5484375 0.271875 0.65
0 0.4921875 0.2796875 0.065625 0.1
1 0.65 0.546875 0.453125 0.65
0 0.625 0.2859375 0.0796875 0.1015625
1 0.784375 0.5578125 0.309375 0.63125
0 0.7546875 0.3015625 0.0890625 0.10625
1 0.44375 0.3015625 0.021875 0.0515625
0 0.440625 0.28125 0.00625 0.00625