1 0.8640625 0.54375 0.1546875 0.3671875
0 0.8734375 0.39375 0.040625 0.053125
1 0.7125 0.528125 0.15 0.409375
0 0.721875 0.35 0.046875 0.0546875
1 0.596875 0.5453125 0.128125 0.36875
0 0.6078125 0.3921875 0.04375 0.0546875
1 0.534375 0.55625 0.053125 0.13125
0 0.5421875 0.503125 0.0171875 0.0203125
1 0.35625 0.5609375 0.04375 0.1203125
0 0.3578125 0.5140625 0.015625 0.0171875
1 0.33125 0.515625 0.025 0.040625
0 0.3296875 0.503125 0.0046875 0.00625
1 0.3046875 0.559375 0.0609375 0.121875
0 0.303125 0.509375 0.01875 0.0140625
1 0.28125 0.559375 0.0515625 0.121875
0 0.284375 0.5109375 0.0171875 0.01875
1 0.225 0.5578125 0.046875 0.121875
0 0.2203125 0.50625 0.015625 0.0171875
1 0.1796875 0.559375 0.05 0.1171875
0 0.190625 0.5109375 0.0140625 0.015625
1 0.046875 0.5375 0.0265625 0.0609375
0 0.05 0.5140625 0.00625 0.009375