1 0.2765625 0.68125 0.146875 0.2125
0 0.275 0.6109375 0.04375 0.059375
1 0.45625 0.653125 0.14375 0.26875
0 0.4421875 0.55 0.0484375 0.059375
1 0.3484375 0.6234375 0.115625 0.3296875
0 0.3453125 0.4953125 0.040625 0.059375
1 0.1078125 0.4953125 0.125 0.340625
0 0.1046875 0.35625 0.0484375 0.0515625
1 0.2015625 0.5140625 0.103125 0.35
0 0.2203125 0.36875 0.04375 0.053125
1 0.2390625 0.484375 0.08125 0.2875
0 0.2359375 0.3640625 0.03125 0.0390625
1 0.3078125 0.5453125 0.153125 0.340625
0 0.3265625 0.4015625 0.040625 0.046875
1 0.3546875 0.478125 0.08125 0.2671875
0 0.3515625 0.3703125 0.034375 0.0453125
1 0.409375 0.4578125 0.0875 0.246875
0 0.40625 0.3546875 0.0296875 0.0390625
1 0.421875 0.4390625 0.078125 0.265625
0 0.41875 0.328125 0.0296875 0.0390625
1 0.4671875 0.4015625 0.071875 0.23125
0 0.46875 0.30625 0.0296875 0.0375
1 0.503125 0.453125 0.0796875 0.2609375
0 0.4953125 0.34375 0.0296875 0.0375
1 0.5890625 0.453125 0.1109375 0.3078125
0 0.584375 0.3203125 0.034375 0.040625
1 0.525 0.35 0.0890625 0.240625
0 0.521875 0.2515625 0.025 0.0328125
1 0.453125 0.328125 0.08125 0.209375
0 0.453125 0.2421875 0.0203125 0.0296875
1 0.3109375 0.425 0.10625 0.28125
0 0.30625 0.3109375 0.03125 0.0390625
1 0.2546875 0.3859375 0.0703125 0.2203125
0 0.2546875 0.296875 0.025 0.03125
1 0.3625 0.378125 0.08125 0.2015625
0 0.3625 0.2953125 0.025 0.0265625
1 0.3046875 0.3546875 0.0890625 0.215625
0 0.30625 0.26875 0.03125 0.0390625
1 0.2703125 0.278125 0.065625 0.140625
0 0.2640625 0.215625 0.0203125 0.0125
1 0.34375 0.3046875 0.0796875 0.1859375
0 0.3390625 0.23125 0.021875 0.034375
1 0.3671875 0.2796875 0.0625 0.14375
0 0.3640625 0.2203125 0.015625 0.025
1 0.440625 0.2890625 0.0703125 0.1625
0 0.4375 0.2140625 0.021875 0.0109375