1 0.0625 0.65 0.0828125 0.2234375
0 0.0859375 0.55625 0.03125 0.025
1 0.140625 0.5921875 0.0484375 0.11875
0 0.1375 0.5453125 0.0140625 0.015625
1 0.1703125 0.6328125 0.1171875 0.1875
0 0.1796875 0.55625 0.0265625 0.0265625
1 0.415625 0.5921875 0.028125 0.09375
0 0.415625 0.5546875 0.0109375 0.0125
1 0.5125 0.6234375 0.08125 0.16875
0 0.509375 0.5546875 0.0234375 0.0234375
1 0.521875 0.60625 0.0296875 0.1390625
0 0.525 0.5484375 0.015625 0.01875
1 0.5453125 0.640625 0.0484375 0.1734375
0 0.54375 0.5671875 0.01875 0.025
1 0.5953125 0.646875 0.0953125 0.2328125
0 0.578125 0.55 0.028125 0.0328125
1 0.65 0.65625 0.090625 0.2625
0 0.659375 0.5484375 0.0328125 0.0421875
1 0.678125 0.5890625 0.0265625 0.1140625
0 0.6765625 0.5421875 0.0125 0.0125
1 0.7890625 0.6328125 0.0796875 0.165625
0 0.7875 0.5609375 0.0234375 0.021875
1 0.9296875 0.64375 0.103125 0.21875
0 0.9328125 0.5546875 0.025 0.028125
1 0.6265625 0.6125 0.0421875 0.1390625
0 0.628125 0.5515625 0.0109375 0.0125