1 0.1140625 0.6296875 0.1875 0.396875
0 0.0671875 0.46875 0.0515625 0.0578125
1 0.134375 0.63125 0.16875 0.3953125
0 0.090625 0.4796875 0.0578125 0.0734375
1 0.375 0.628125 0.1625 0.4015625
0 0.375 0.4796875 0.05 0.0625
1 0.41875 0.6125 0.16875 0.4328125
0 0.4109375 0.4390625 0.071875 0.0703125
1 0.7375 0.6015625 0.146875 0.4546875
0 0.7078125 0.428125 0.059375 0.0640625
1 0.8453125 0.7546875 0.1328125 0.1484375
0 0.821875 0.7265625 0.053125 0.06875
1 0.928125 0.6109375 0.134375 0.434375
0 0.9328125 0.440625 0.0765625 0.0671875