1 0.48125 0.69375 0.046875 0.0640625
0 0.48125 0.6703125 0.0109375 0.0125
1 0.3015625 0.6859375 0.021875 0.046875
0 0.303125 0.66875 0.0078125 0.009375
1 0.3296875 0.684375 0.03125 0.0515625
0 0.325 0.6671875 0.009375 0.009375
1 0.296875 0.5953125 0.015625 0.0296875
0 0.296875 0.5828125 0.003125 0.0046875
1 0.409375 0.59375 0.0140625 0.03125
0 0.4109375 0.5828125 0.0046875 0.0078125
1 0.38125 0.584375 0.0125 0.025
0 0.3828125 0.5765625 0.0046875 0.0046875
1 0.40625 0.575 0.0109375 0.01875
0 0.4078125 0.56875 0.0046875 0.0046875
1 0.41875 0.575 0.009375 0.01875
0 0.41875 0.5703125 0.0046875 0.0046875
1 0.409375 0.5671875 0.0109375 0.0171875
0 0.409375 0.5625 0.003125 0.003125
1 0.4203125 0.5671875 0.0109375 0.0171875
0 0.4203125 0.5625 0.003125 0.0046875
1 0.525 0.578125 0.0109375 0.0234375
0 0.5234375 0.56875 0.003125 0.0046875
1 0.5265625 0.5859375 0.0125 0.0234375
0 0.5265625 0.5765625 0.003125 0.0046875
1 0.5390625 0.590625 0.0140625 0.028125
0 0.5390625 0.5796875 0.003125 0.0046875
1 0.5359375 0.5953125 0.0125 0.0296875
0 0.5359375 0.5859375 0.0046875 0.00625
1 0.5625 0.625 0.0171875 0.0578125
0 0.5625 0.6015625 0.00625 0.00625
1 0.5703125 0.5953125 0.015625 0.0296875
0 0.56875 0.584375 0.003125 0.0046875
1 0.571875 0.5828125 0.0109375 0.021875
0 0.5703125 0.575 0.003125 0.0046875
1 0.590625 0.584375 0.0125 0.0234375
0 0.5921875 0.5765625 0.0046875 0.0046875
1 0.565625 0.5765625 0.009375 0.01875
0 0.565625 0.56875 0.003125 0.0046875
1 0.578125 0.575 0.0078125 0.0203125
0 0.578125 0.56875 0.003125 0.0046875
1 0.5890625 0.653125 0.021875 0.0578125
0 0.5875 0.63125 0.0078125 0.009375
1 0.6421875 0.621875 0.021875 0.05
0 0.646875 0.6015625 0.0046875 0.0046875
1 0.66875 0.621875 0.0265625 0.0515625
0 0.6671875 0.5984375 0.00625 0.0046875
1 0.65 0.5953125 0.01875 0.03125
0 0.646875 0.584375 0.003125 0.0078125
1 0.6375 0.5828125 0.0109375 0.0234375
0 0.6375 0.575 0.003125 0.0046875
1 0.6234375 0.55 0.0109375 0.0265625
0 0.6234375 0.5390625 0.003125 0.003125
1 0.76875 0.6125 0.0171875 0.0390625
0 0.76875 0.596875 0.003125 0.003125
1 0.771875 0.6171875 0.0171875 0.0421875
0 0.7703125 0.6015625 0.00625 0.0046875
1 0.8046875 0.6140625 0.0140625 0.0390625
0 0.803125 0.5984375 0.0046875 0.0078125
1 0.8203125 0.6234375 0.015625 0.05
0 0.81875 0.6015625 0.0046875 0.0046875
1 0.8359375 0.61875 0.021875 0.04375
0 0.8359375 0.6 0.00625 0.0078125
1 0.8921875 0.5953125 0.0109375 0.0359375
0 0.89375 0.58125 0.003125 0.0046875
1 0.909375 0.6 0.025 0.04375
0 0.9109375 0.58125 0.0046875 0.0046875
1 0.9140625 0.5953125 0.0140625 0.0421875
0 0.9109375 0.5765625 0.00625 0.0046875
1 0.8203125 0.70625 0.0296875 0.0390625
0 0.8203125 0.6953125 0.009375 0.0140625
1 0.7984375 0.709375 0.025 0.0328125
0 0.8 0.7 0.009375 0.0125
1 0.7796875 0.709375 0.025 0.0328125
0 0.7796875 0.7 0.0078125 0.0109375
1 0.759375 0.709375 0.025 0.034375
0 0.75625 0.7 0.009375 0.0125
1 0.7359375 0.709375 0.025 0.034375
0 0.734375 0.7015625 0.009375 0.0125
1 0.7 0.6875 0.0296875 0.0453125
0 0.7 0.6703125 0.0078125 0.009375
1 0.7203125 0.684375 0.028125 0.05
0 0.71875 0.6671875 0.00625 0.009375
1 0.7515625 0.6921875 0.025 0.0390625
0 0.753125 0.678125 0.0078125 0.009375
1 0.775 0.6859375 0.025 0.0484375
0 0.7734375 0.6671875 0.0078125 0.0109375