1 0.8578125 0.6046875 0.0296875 0.1140625
0 0.8671875 0.5609375 0.0140625 0.0234375
1 0.8546875 0.6046875 0.0359375 0.075
0 0.853125 0.578125 0.015625 0.0171875
1 0.8390625 0.6203125 0.06875 0.1125
0 0.8328125 0.5765625 0.0171875 0.0234375
1 0.79375 0.6234375 0.059375 0.109375
0 0.7953125 0.58125 0.0171875 0.0203125
1 0.775 0.6078125 0.0421875 0.075
0 0.771875 0.578125 0.0125 0.0140625
1 0.759375 0.6109375 0.0390625 0.0703125
0 0.759375 0.5828125 0.009375 0.0109375
1 0.7265625 0.609375 0.0296875 0.0671875
0 0.725 0.5796875 0.00625 0.00625
1 0.6625 0.6375 0.109375 0.1265625
0 0.6625 0.6 0.0359375 0.0453125
1 0.6640625 0.6078125 0.0875 0.228125
0 0.6609375 0.5171875 0.028125 0.0328125
1 0.5296875 0.4609375 0.0859375 0.25625
0 0.5421875 0.3515625 0.0296875 0.025
1 0.5640625 0.2640625 0.059375 0.1921875
0 0.55 0.1875 0.0296875 0.0359375
1 0.3625 0.615625 0.0578125 0.0921875
0 0.35625 0.5828125 0.015625 0.0203125
1 0.3171875 0.6171875 0.05 0.075
0 0.3171875 0.5890625 0.0171875 0.0171875
1 0.2875 0.5953125 0.0265625 0.05625
0 0.2875 0.5734375 0.00625 0.0109375
1 0.2296875 0.640625 0.1046875 0.1828125
0 0.23125 0.571875 0.03125 0.0390625
1 0.171875 0.6484375 0.0953125 0.178125
0 0.196875 0.5765625 0.03125 0.0296875
1 0.14375 0.63125 0.0390625 0.1140625
0 0.1390625 0.5875 0.0171875 0.01875