1 0.6234375 0.3984375 0.0328125 0.078125
0 0.621875 0.371875 0.0140625 0.0171875
1 0.6375 0.4375 0.078125 0.140625
0 0.6578125 0.3859375 0.025 0.028125
1 0.6359375 0.4625 0.053125 0.1515625
0 0.6328125 0.403125 0.0234375 0.025
1 0.6671875 0.4703125 0.1078125 0.165625
0 0.6796875 0.40625 0.025 0.0296875
1 0.8375 0.5828125 0.1234375 0.328125
0 0.8453125 0.4484375 0.0484375 0.0546875
1 0.803125 0.634375 0.196875 0.3625
0 0.8328125 0.4828125 0.0671875 0.0640625
1 0.446875 0.446875 0.1109375 0.128125
0 0.4328125 0.403125 0.021875 0.028125
1 0.3953125 0.44375 0.0640625 0.1359375
0 0.3953125 0.39375 0.025 0.0265625
1 0.4328125 0.4546875 0.0765625 0.1515625
0 0.4328125 0.403125 0.021875 0.0265625
1 0.3765625 0.509375 0.1921875 0.215625
0 0.3078125 0.4296875 0.0453125 0.0515625
1 0.34375 0.5828125 0.165625 0.346875
0 0.31875 0.45 0.053125 0.0765625
1 0.23125 0.5953125 0.146875 0.315625
0 0.209375 0.4671875 0.040625 0.0546875
1 0.2328125 0.6453125 0.390625 0.371875
0 0.1140625 0.5015625 0.0671875 0.078125