1 0.915625 0.54375 0.165625 0.34375
0 0.915625 0.3921875 0.05625 0.06875
1 0.8046875 0.571875 0.1890625 0.2859375
0 0.7421875 0.459375 0.0546875 0.0578125
1 0.6375 0.5609375 0.2109375 0.309375
0 0.6015625 0.44375 0.0515625 0.071875
1 0.5 0.534375 0.1359375 0.3609375
0 0.49375 0.390625 0.053125 0.065625
1 0.3796875 0.5484375 0.1328125 0.334375
0 0.3765625 0.41875 0.046875 0.065625
1 0.2859375 0.528125 0.128125 0.375
0 0.296875 0.3828125 0.0515625 0.0640625
1 0.1875 0.534375 0.16875 0.3640625
0 0.1671875 0.3671875 0.0625 0.0765625
1 0.075 0.546875 0.15 0.3375
0 0.05625 0.40625 0.0671875 0.08125
1 0.0625 0.5234375 0.1234375 0.3859375
0 0.053125 0.3640625 0.059375 0.065625
1 0.121875 0.48125 0.08125 0.2203125
0 0.1171875 0.3875 0.0375 0.0328125
1 0.1890625 0.5015625 0.075 0.30625
0 0.196875 0.378125 0.0359375 0.053125
1 0.240625 0.540625 0.0953125 0.3484375
0 0.234375 0.4 0.0421875 0.0546875
1 0.240625 0.4875 0.08125 0.2875
0 0.2421875 0.36875 0.0375 0.046875
1 0.321875 0.540625 0.078125 0.35
0 0.3171875 0.39375 0.03125 0.0484375
1 0.375 0.50625 0.0890625 0.3234375
0 0.38125 0.371875 0.0328125 0.05
1 0.4125 0.5421875 0.0921875 0.34375
0 0.409375 0.3984375 0.0421875 0.0515625
1 0.453125 0.5015625 0.075 0.296875
0 0.4515625 0.3765625 0.0359375 0.04375
1 0.5453125 0.4953125 0.06875 0.3234375
0 0.54375 0.359375 0.0375 0.0484375
1 0.590625 0.5234375 0.096875 0.33125
0 0.590625 0.390625 0.0359375 0.05625
1 0.6484375 0.5421875 0.0765625 0.3171875
0 0.64375 0.4125 0.0390625 0.053125
1 0.625 0.4796875 0.06875 0.3125
0 0.6203125 0.35625 0.0421875 0.0546875
1 0.6453125 0.4796875 0.0703125 0.3140625
0 0.6453125 0.3515625 0.0359375 0.0484375
1 0.6859375 0.50625 0.0703125 0.2953125
0 0.68125 0.3875 0.03125 0.0484375
1 0.7140625 0.5484375 0.1140625 0.3359375
0 0.7078125 0.4140625 0.0453125 0.0609375
1 0.71875 0.5296875 0.121875 0.3671875
0 0.7140625 0.3796875 0.040625 0.0546875
1 0.7625 0.5015625 0.096875 0.340625
0 0.7625 0.3671875 0.04375 0.0484375
1 0.8296875 0.53125 0.134375 0.3703125
0 0.8109375 0.38125 0.0484375 0.0640625
1 0.85 0.51875 0.115625 0.3828125
0 0.8375 0.359375 0.0453125 0.0625