1 0.2359375 0.6703125 0.296875 0.3625
0 0.275 0.5265625 0.05 0.0578125
1 0.5515625 0.521875 0.2 0.4796875
0 0.546875 0.365625 0.034375 0.0453125
1 0.7390625 0.6203125 0.15 0.290625
0 0.7515625 0.5 0.05 0.046875
1 0.6078125 0.6125 0.1390625 0.2296875
0 0.6140625 0.5171875 0.0375 0.0390625
1 0.5 0.6 0.1421875 0.33125
0 0.4890625 0.4578125 0.046875 0.04375
1 0.3671875 0.5 0.1109375 0.5171875
0 0.3765625 0.36875 0.04375 0.0390625
1 0.3734375 0.6046875 0.159375 0.284375
0 0.409375 0.4875 0.03125 0.0390625
1 0.240625 0.4265625 0.1359375 0.45
0 0.2734375 0.34375 0.03125 0.0265625