1 0.0890625 0.5890625 0.11875 0.3015625
0 0.1109375 0.4625 0.03125 0.0421875
1 0.1640625 0.5921875 0.1359375 0.2921875
0 0.190625 0.471875 0.034375 0.04375
1 0.2671875 0.6046875 0.121875 0.2875
0 0.284375 0.48125 0.0328125 0.0390625
1 0.415625 0.596875 0.1671875 0.3296875
0 0.44375 0.4640625 0.040625 0.046875
1 0.475 0.6296875 0.121875 0.278125
0 0.4953125 0.5171875 0.0328125 0.0390625
1 0.6265625 0.6234375 0.1296875 0.303125
0 0.6421875 0.4921875 0.040625 0.0421875
1 0.546875 0.7328125 0.046875 0.0859375
0 0.5453125 0.7015625 0.015625 0.015625
1 0.7234375 0.6015625 0.1484375 0.3453125
0 0.7390625 0.45625 0.0453125 0.046875
1 0.90625 0.5859375 0.1828125 0.35625
0 0.9453125 0.434375 0.0453125 0.053125