1 0.1546875 0.5953125 0.14375 0.3546875
0 0.1484375 0.446875 0.0375 0.046875
1 0.240625 0.578125 0.10625 0.2953125
0 0.25 0.4546875 0.0328125 0.0375
1 0.2734375 0.565625 0.0796875 0.2421875
0 0.28125 0.4640625 0.025 0.0328125
1 0.35625 0.575 0.109375 0.2796875
0 0.3375 0.4609375 0.034375 0.0421875
1 0.50625 0.590625 0.14375 0.3765625
0 0.5078125 0.4421875 0.059375 0.071875
1 0.740625 0.584375 0.1234375 0.3203125
0 0.753125 0.446875 0.0375 0.0375
1 0.7921875 0.5671875 0.109375 0.2984375
0 0.78125 0.4453125 0.03125 0.0390625
1 0.871875 0.5484375 0.0921875 0.2078125
0 0.8640625 0.4640625 0.0265625 0.0234375
1 0.925 0.5375 0.0640625 0.2171875
0 0.921875 0.4484375 0.0296875 0.0296875