1 0.1890625 0.609375 0.134375 0.3671875
0 0.19375 0.4546875 0.0390625 0.046875
1 0.2921875 0.61875 0.1546875 0.35625
0 0.3140625 0.4671875 0.0421875 0.05
1 0.353125 0.5953125 0.1609375 0.334375
0 0.3484375 0.4546875 0.034375 0.04375
1 0.4078125 0.59375 0.1015625 0.325
0 0.3953125 0.4671875 0.0359375 0.04375
1 0.4359375 0.61875 0.1171875 0.36875
0 0.4375 0.459375 0.040625 0.046875
1 0.525 0.6234375 0.165625 0.4125
0 0.528125 0.4484375 0.04375 0.0578125
1 0.60625 0.6125 0.159375 0.375
0 0.56875 0.453125 0.040625 0.053125
1 0.6453125 0.621875 0.1375 0.415625
0 0.6265625 0.4421875 0.0453125 0.0515625
1 0.725 0.5953125 0.1609375 0.384375
0 0.7328125 0.43125 0.0421875 0.0546875
1 0.7890625 0.621875 0.11875 0.3890625
0 0.7765625 0.4578125 0.040625 0.0484375
1 0.8203125 0.6296875 0.15625 0.4
0 0.8109375 0.471875 0.05 0.059375