1 0.121875 0.5421875 0.0625 0.1390625
0 0.125 0.484375 0.01875 0.021875
1 0.1953125 0.54375 0.0625 0.1359375
0 0.1875 0.4890625 0.015625 0.0171875
1 0.43125 0.50625 0.0359375 0.0703125
0 0.4328125 0.4765625 0.0078125 0.009375
1 0.371875 0.496875 0.0140625 0.0421875
0 0.371875 0.48125 0.003125 0.0046875
1 0.384375 0.496875 0.0140625 0.0390625
0 0.384375 0.48125 0.0046875 0.0046875
1 0.39375 0.4984375 0.015625 0.0375
0 0.396875 0.484375 0.003125 0.003125
1 0.40625 0.496875 0.0171875 0.0390625
0 0.4046875 0.4796875 0.0046875 0.0046875
1 0.4796875 0.4921875 0.0125 0.0234375
0 0.4828125 0.4828125 0.0015625 0.0015625
1 0.534375 0.4921875 0.0078125 0.01875
0 0.534375 0.4859375 0.0015625 0.0015625
1 0.5640625 0.49375 0.00625 0.0234375
0 0.5640625 0.484375 0.003125 0.003125
1 0.5703125 0.49375 0.0078125 0.0234375
0 0.571875 0.484375 0.0015625 0.0015625
1 0.60625 0.496875 0.0109375 0.025
0 0.6078125 0.4875 0.003125 0.003125
1 0.615625 0.4953125 0.0109375 0.0265625
0 0.6171875 0.484375 0.0015625 0.003125
1 0.6375 0.496875 0.0078125 0.025
0 0.6375 0.4875 0.0015625 0.003125
1 0.6546875 0.49375 0.0078125 0.0203125
0 0.6546875 0.484375 0.0015625 0.0015625
1 0.6640625 0.496875 0.0125 0.021875
0 0.6640625 0.4875 0.0015625 0.0015625
1 0.675 0.496875 0.0078125 0.0203125
0 0.675 0.4875 0.0015625 0.0015625
1 0.6015625 0.4921875 0.00625 0.015625
0 0.6046875 0.4859375 0.0015625 0.0015625
1 0.6671875 0.49375 0.00625 0.01875
0 0.6671875 0.4859375 0.0015625 0.0015625
1 0.684375 0.496875 0.0078125 0.028125
0 0.6859375 0.484375 0.003125 0.003125
1 0.7078125 0.496875 0.0140625 0.028125
0 0.70625 0.484375 0.003125 0.003125
1 0.69375 0.4984375 0.009375 0.0265625
0 0.6921875 0.4875 0.0015625 0.003125
1 0.721875 0.5 0.0171875 0.034375
0 0.721875 0.484375 0.003125 0.003125
1 0.7390625 0.5 0.0140625 0.034375
0 0.7375 0.4859375 0.003125 0.0046875
1 0.8734375 0.515625 0.0390625 0.0765625
0 0.8734375 0.484375 0.009375 0.0109375
1 0.9234375 0.5140625 0.0265625 0.0515625
0 0.921875 0.4921875 0.00625 0.00625
1 0.9484375 0.5109375 0.0234375 0.05625
0 0.95 0.4875 0.00625 0.00625
1 0.89375 0.5078125 0.015625 0.0453125
0 0.89375 0.490625 0.003125 0.0046875
1 0.9046875 0.5078125 0.0171875 0.046875
0 0.9015625 0.4890625 0.0046875 0.00625
1 0.8296875 0.5078125 0.015625 0.0515625
0 0.8296875 0.4859375 0.0046875 0.0046875
1 0.853125 0.50625 0.0125 0.0390625
0 0.85 0.4890625 0.003125 0.0046875
1 0.84375 0.5078125 0.015625 0.0453125
0 0.8421875 0.4890625 0.0046875 0.00625
1 0.8640625 0.5078125 0.009375 0.040625
0 0.8625 0.490625 0.0046875 0.0046875
1 0.8578125 0.50625 0.009375 0.0421875
0 0.8578125 0.4890625 0.003125 0.003125
1 0.975 0.4921875 0.00625 0.0203125
0 0.975 0.4859375 0.0015625 0.003125
1 0.3515625 0.49375 0.009375 0.0234375
0 0.35 0.484375 0.0015625 0.003125
1 0.209375 0.4953125 0.0109375 0.0265625
0 0.2109375 0.4859375 0.003125 0.003125
1 0.21875 0.4953125 0.0109375 0.028125
0 0.21875 0.484375 0.003125 0.003125
1 0.14375 0.5 0.0109375 0.0359375
0 0.1453125 0.484375 0.003125 0.0046875
1 0.075 0.5015625 0.009375 0.025
0 0.075 0.490625 0.0015625 0.0015625
1 0.0671875 0.5 0.0109375 0.0296875
0 0.06875 0.4875 0.003125 0.003125
1 0.0546875 0.5 0.009375 0.0296875
0 0.0546875 0.4875 0.0015625 0.0015625
1 0.0296875 0.4984375 0.009375 0.0234375
0 0.03125 0.4890625 0.003125 0.003125
1 0.0203125 0.496875 0.009375 0.028125
0 0.0203125 0.484375 0.0015625 0.0015625
1 0.009375 0.496875 0.00625 0.0203125
0 0.009375 0.4875 0.0015625 0.003125
1 0.2703125 0.49375 0.0078125 0.0171875
0 0.26875 0.4875 0 0.0015625
1 0.746875 0.4921875 0.0046875 0.0140625
0 0.746875 0.4859375 0.0015625 0.0015625
1 0.74375 0.490625 0.0046875 0.0171875
0 0.74375 0.484375 0.0015625 0.0015625
1 0.7328125 0.490625 0.009375 0.0125
0 0.734375 0.4859375 0.0015625 0.0015625
1 0.515625 0.49375 0.0078125 0.0203125
0 0.51875 0.4859375 0.0015625 0.003125
1 0.0625 0.4984375 0.009375 0.0265625
0 0.0625 0.490625 0.0015625 0.003125
1 0.6828125 0.49375 0.00625 0.01875
0 0.6828125 0.484375 0.0015625 0.0015625
1 0.865625 0.5046875 0.009375 0.040625
0 0.8640625 0.4875 0.0046875 0.0046875
1 0.9453125 0.5078125 0.0140625 0.04375
0 0.9453125 0.490625 0.0046875 0.00625
1 0.93125 0.5015625 0.009375 0.03125
0 0.93125 0.4875 0.0015625 0.003125
1 0.9 0.509375 0.0109375 0.040625
0 0.896875 0.4921875 0.0046875 0.0046875
1 0.8921875 0.4953125 0.0078125 0.0265625
0 0.890625 0.4859375 0.0015625 0.003125
1 0.7046875 0.496875 0.0109375 0.0265625
0 0.70625 0.4875 0.003125 0.003125
1 0.3140625 0.4953125 0.0046875 0.01875
0 0.3125 0.4875 0.0015625 0.0015625
1 0.309375 0.4953125 0.0046875 0.01875
0 0.309375 0.4875 0.0015625 0.0015625
1 0.303125 0.4953125 0.00625 0.0234375
0 0.30625 0.484375 0.0015625 0.0015625