1 0.05 0.5453125 0.1 0.3453125
0 0.0453125 0.3984375 0.0359375 0.046875
1 0.0390625 0.4875 0.065625 0.2609375
0 0.0375 0.3734375 0.0265625 0.0296875
1 0.075 0.4953125 0.0734375 0.2421875
0 0.0671875 0.39375 0.025 0.0328125
1 0.090625 0.496875 0.0671875 0.203125
0 0.090625 0.409375 0.0265625 0.0265625
1 0.1171875 0.4890625 0.0453125 0.165625
0 0.1140625 0.41875 0.0203125 0.025
1 0.1453125 0.428125 0.025 0.084375
0 0.1453125 0.3921875 0.009375 0.0109375
1 0.1546875 0.5375 0.096875 0.275
0 0.1515625 0.425 0.0265625 0.0296875
1 0.1671875 0.421875 0.01875 0.0421875
0 0.1671875 0.40625 0.0046875 0.00625
1 0.1875 0.4203125 0.0203125 0.0390625
0 0.1875 0.40625 0.0046875 0.00625
1 0.209375 0.4203125 0.021875 0.0640625
0 0.2125 0.3953125 0.009375 0.0109375
1 0.20625 0.5390625 0.1484375 0.33125
0 0.2359375 0.39375 0.0421875 0.0390625
1 0.240625 0.48125 0.1015625 0.23125
0 0.2390625 0.3796875 0.025 0.0234375
1 0.246875 0.4953125 0.0703125 0.209375
0 0.2484375 0.4078125 0.025 0.028125
1 0.3 0.434375 0.0234375 0.0625
0 0.3 0.409375 0.0078125 0.009375
1 0.3390625 0.53125 0.121875 0.3078125
0 0.3328125 0.3984375 0.0453125 0.0390625
1 0.4046875 0.521875 0.078125 0.2703125
0 0.3984375 0.4078125 0.0296875 0.0328125
1 0.459375 0.3578125 0.015625 0.0203125
0 0.459375 0.353125 0.0046875 0.00625
1 0.5875 0.5078125 0.1546875 0.2875
0 0.5734375 0.3875 0.0359375 0.04375
1 0.6671875 0.5515625 0.15 0.3421875
0 0.6671875 0.403125 0.0328125 0.040625
1 0.75 0.584375 0.1296875 0.25
0 0.7515625 0.48125 0.0375 0.040625
1 0.621875 0.43125 0.0171875 0.04375
0 0.621875 0.415625 0.003125 0.003125
1 0.69375 0.43125 0.0171875 0.0453125
0 0.6953125 0.4140625 0.0046875 0.00625
1 0.715625 0.4375 0.015625 0.046875
0 0.71875 0.41875 0.0046875 0.0078125
1 0.7296875 0.4390625 0.0171875 0.0453125
0 0.73125 0.4203125 0.00625 0.00625
1 0.734375 0.4328125 0.0171875 0.0421875
0 0.7328125 0.415625 0.0046875 0.00625
1 0.7625 0.4328125 0.021875 0.059375
0 0.7609375 0.409375 0.00625 0.009375
1 0.7953125 0.434375 0.021875 0.0640625
0 0.796875 0.4078125 0.00625 0.009375
1 0.8578125 0.4328125 0.0234375 0.078125
0 0.8546875 0.4015625 0.009375 0.0109375
1 0.875 0.4484375 0.0421875 0.11875
0 0.88125 0.3984375 0.0140625 0.015625
1 0.896875 0.434375 0.0234375 0.0734375
0 0.8953125 0.4046875 0.0109375 0.009375
1 0.9 0.4359375 0.01875 0.06875
0 0.8953125 0.4046875 0.0078125 0.009375
1 0.9171875 0.4375 0.025 0.0671875
0 0.9203125 0.409375 0.0078125 0.009375
1 0.9296875 0.4375 0.0203125 0.0625
0 0.9296875 0.4109375 0.00625 0.0078125
1 0.9328125 0.4375 0.021875 0.0609375
0 0.9296875 0.4109375 0.0078125 0.009375
1 0.953125 0.45 0.0125 0.0546875
0 0.9546875 0.425 0.00625 0.00625
1 0.965625 0.4515625 0.0265625 0.06875
0 0.9703125 0.421875 0.0046875 0.00625
1 0.9484375 0.4296875 0.0125 0.0484375
0 0.95 0.4109375 0.0046875 0.0078125
1 0.940625 0.61875 0.1125 0.484375
0 0.9765625 0.3890625 0.0421875 0.1125