1 0.04375 0.7515625 0.0875 0.2453125
0 0.0484375 0.6984375 0.0546875 0.059375
1 0.19375 0.7609375 0.1359375 0.225
0 0.19375 0.7125 0.0484375 0.0515625
1 0.296875 0.7640625 0.121875 0.21875
0 0.284375 0.728125 0.04375 0.059375
1 0.7125 0.759375 0.10625 0.2265625
0 0.7078125 0.68125 0.046875 0.059375
1 0.871875 0.728125 0.1984375 0.290625
0 0.875 0.640625 0.075 0.0734375
1 0.7453125 0.753125 0.1203125 0.240625
0 0.734375 0.6609375 0.04375 0.0484375
1 0.6609375 0.7609375 0.0734375 0.225
0 0.6734375 0.665625 0.028125 0.03125
1 0.6265625 0.734375 0.0296875 0.1359375
0 0.6234375 0.68125 0.015625 0.01875
1 0.553125 0.775 0.0625 0.196875
0 0.553125 0.6953125 0.0328125 0.03125
1 0.5890625 0.7796875 0.0640625 0.1859375
0 0.584375 0.7078125 0.0265625 0.0328125
1 0.45625 0.775 0.0828125 0.1953125
0 0.45 0.6984375 0.028125 0.034375
1 0.4109375 0.775 0.0671875 0.1953125
0 0.4203125 0.7015625 0.0265625 0.0296875
1 0.353125 0.8046875 0.0609375 0.1375
0 0.3453125 0.753125 0.021875 0.0234375
1 0.3578125 0.775 0.0625 0.1953125
0 0.353125 0.696875 0.025 0.0296875
1 0.4859375 0.7796875 0.05 0.1859375
0 0.4828125 0.703125 0.021875 0.028125
1 0.5046875 0.759375 0.0390625 0.209375
0 0.50625 0.6734375 0.0234375 0.0265625
1 0.584375 0.7625 0.053125 0.2125
0 0.5796875 0.675 0.0203125 0.0265625
1 0.0921875 0.765625 0.0375 0.1453125
0 0.09375 0.7078125 0.01875 0.0203125
1 0.159375 0.765625 0.1140625 0.2140625
0 0.18125 0.684375 0.040625 0.0453125
1 0.2359375 0.765625 0.0390625 0.175
0 0.2390625 0.6921875 0.0171875 0.0171875
1 0.3125 0.784375 0.115625 0.178125
0 0.2859375 0.71875 0.0375 0.04375