1 0.84375 0.646875 0.05 0.128125
0 0.846875 0.5953125 0.01875 0.0203125
1 0.903125 0.646875 0.04375 0.125
0 0.90625 0.5953125 0.015625 0.0171875
1 0.9484375 0.6515625 0.0484375 0.1265625
0 0.946875 0.5984375 0.0125 0.021875
1 0.9828125 0.65625 0.0296875 0.140625
0 0.990625 0.596875 0.0140625 0.01875
1 0.790625 0.56875 0.034375 0.090625
0 0.7875 0.53125 0.009375 0.0125
1 0.715625 0.521875 0.025 0.065625
0 0.71875 0.496875 0.009375 0.009375
1 0.6953125 0.521875 0.021875 0.05625
0 0.696875 0.5 0.00625 0.0078125
1 0.0359375 0.6875 0.0515625 0.1390625
0 0.034375 0.6296875 0.015625 0.015625
1 0.1890625 0.640625 0.04375 0.1125
0 0.1859375 0.59375 0.0140625 0.015625
1 0.071875 0.6109375 0.0421875 0.1078125
0 0.078125 0.565625 0.0125 0.015625
1 0.1140625 0.6125 0.034375 0.09375
0 0.1109375 0.575 0.0125 0.0140625
1 0.165625 0.571875 0.0265625 0.0703125
0 0.165625 0.54375 0.0125 0.0109375
1 0.1734375 0.5625 0.0359375 0.084375
0 0.1703125 0.528125 0.0109375 0.0109375
1 0.2015625 0.54375 0.028125 0.075
0 0.2046875 0.5140625 0.009375 0.0109375
1 0.3640625 0.4984375 0.0234375 0.0453125
0 0.36875 0.4828125 0.00625 0.0078125
1 0.4 0.471875 0.0140625 0.0359375
0 0.4 0.459375 0.003125 0.00625