1 0.1546875 0.3140625 0.0171875 0.0359375
0 0.1546875 0.3 0.0046875 0.0046875
1 0.11875 0.4265625 0.025 0.059375
0 0.1203125 0.403125 0.00625 0.0078125
1 0.0859375 0.2828125 0.0109375 0.0234375
0 0.0890625 0.275 0.0015625 0.0015625
1 0.30625 0.45625 0.025 0.05
0 0.3046875 0.4375 0.0046875 0.00625
1 0.33125 0.4328125 0.0171875 0.040625
0 0.3328125 0.41875 0.00625 0.00625
1 0.3515625 0.4203125 0.015625 0.034375
0 0.3515625 0.40625 0.0046875 0.00625
1 0.3671875 0.4078125 0.0203125 0.0390625
0 0.3671875 0.3921875 0.0046875 0.00625
1 0.375 0.4109375 0.0234375 0.0359375
0 0.3765625 0.396875 0.0046875 0.0046875
1 0.38125 0.39375 0.0203125 0.034375
0 0.38125 0.38125 0.0046875 0.00625
1 0.35625 0.5234375 0.0265625 0.059375
0 0.3578125 0.5015625 0.00625 0.0078125
1 0.3671875 0.496875 0.0296875 0.05625
0 0.3671875 0.475 0.0078125 0.009375
1 0.4484375 0.471875 0.0234375 0.046875
0 0.45 0.4546875 0.0078125 0.009375
1 0.3296875 0.3828125 0.0171875 0.034375
0 0.3328125 0.371875 0.0046875 0.0046875
1 0.4375 0.6359375 0.0328125 0.09375
0 0.4359375 0.5953125 0.0109375 0.0125
1 0.6328125 0.584375 0.025 0.071875
0 0.634375 0.5578125 0.0078125 0.009375
1 0.5328125 0.534375 0.0203125 0.0625
0 0.5328125 0.509375 0.0078125 0.0078125
1 0.51875 0.5171875 0.03125 0.05625
0 0.5171875 0.496875 0.009375 0.009375
1 0.51875 0.50625 0.03125 0.0484375
0 0.51875 0.490625 0.009375 0.009375
1 0.5203125 0.4953125 0.028125 0.04375
0 0.5203125 0.48125 0.0078125 0.0078125
1 0.5421875 0.4890625 0.015625 0.05
0 0.5421875 0.46875 0.00625 0.00625
1 0.5375 0.4796875 0.015625 0.05
0 0.540625 0.4625 0.0078125 0.009375
1 0.571875 0.4875 0.0203125 0.05
0 0.5734375 0.4703125 0.0078125 0.009375
1 0.5703125 0.4796875 0.0171875 0.0484375
0 0.5734375 0.4609375 0.0078125 0.00625
1 0.5890625 0.484375 0.0171875 0.05625
0 0.590625 0.46875 0.0078125 0.0078125
1 0.6859375 0.665625 0.0375 0.103125
0 0.684375 0.625 0.015625 0.0171875
1 0.7203125 0.68125 0.0484375 0.1109375
0 0.7203125 0.6359375 0.0140625 0.0171875
1 0.778125 0.6984375 0.0484375 0.134375
0 0.775 0.6421875 0.0140625 0.01875
1 0.76875 0.725 0.0640625 0.165625
0 0.76875 0.6546875 0.0171875 0.0203125
1 0.9296875 0.621875 0.1359375 0.378125
0 0.94375 0.4671875 0.0546875 0.0609375
1 0.359375 0.421875 0.0125 0.0359375
0 0.359375 0.4078125 0.0046875 0.0046875
1 0.3296875 0.4390625 0.0171875 0.040625
0 0.3296875 0.4234375 0.0046875 0.0046875