1 0.234375 0.6640625 0.1265625 0.328125
0 0.2625 0.528125 0.0265625 0.0328125
1 0.2546875 0.665625 0.0875 0.321875
0 0.259375 0.528125 0.03125 0.0375
1 0.271875 0.65625 0.06875 0.2625
0 0.275 0.5453125 0.0265625 0.028125
1 0.31875 0.6296875 0.046875 0.121875
0 0.325 0.5796875 0.0140625 0.0125
1 0.3546875 0.6375 0.05 0.1125
0 0.3609375 0.590625 0.0125 0.015625
1 0.375 0.628125 0.0375 0.1265625
0 0.3765625 0.5765625 0.0140625 0.0171875
1 0.4015625 0.6125 0.021875 0.075
0 0.4 0.58125 0.0125 0.0109375
1 0.45 0.6546875 0.1015625 0.190625
0 0.45625 0.5765625 0.0234375 0.028125
1 0.5203125 0.6265625 0.05 0.11875
0 0.525 0.578125 0.0171875 0.0171875
1 0.609375 0.6609375 0.10625 0.2265625
0 0.5921875 0.5625 0.025 0.0234375
1 0.65625 0.621875 0.0421875 0.1234375
0 0.659375 0.5703125 0.0125 0.0125
1 0.7484375 0.6765625 0.1875 0.303125
0 0.7109375 0.559375 0.05625 0.059375
1 0.875 0.621875 0.0515625 0.1265625
0 0.86875 0.56875 0.025 0.01875
1 0.978125 0.6203125 0.0375 0.1640625
0 0.9875 0.5625 0.01875 0.025
1 0.9734375 0.60625 0.0484375 0.115625
0 0.978125 0.5625 0.0140625 0.015625