1 0.8875 0.621875 0.13125 0.3171875
0 0.8953125 0.4875 0.0328125 0.04375
1 0.821875 0.584375 0.09375 0.209375
0 0.8203125 0.4984375 0.03125 0.0328125
1 0.7203125 0.7390625 0.2125 0.1953125
0 0.6515625 0.671875 0.046875 0.0578125
1 0.7640625 0.7109375 0.2140625 0.2015625
0 0.6921875 0.6390625 0.04375 0.053125
1 0.553125 0.721875 0.1703125 0.2375
0 0.590625 0.6265625 0.0328125 0.0421875
1 0.715625 0.775 0.284375 0.0984375
0 0.6046875 0.796875 0.0390625 0.0484375
1 0.7453125 0.621875 0.103125 0.2578125
0 0.7609375 0.5328125 0.0328125 0.034375
1 0.59375 0.6234375 0.1234375 0.3265625
0 0.6078125 0.4875 0.0421875 0.046875
1 0.65 0.6046875 0.0890625 0.2546875
0 0.6390625 0.4984375 0.03125 0.0390625
1 0.671875 0.60625 0.0875 0.24375
0 0.6578125 0.5078125 0.025 0.0265625
1 0.3421875 0.6359375 0.1125 0.3578125
0 0.3515625 0.48125 0.0390625 0.0484375
1 0.06875 0.53125 0.046875 0.1359375
0 0.071875 0.4734375 0.015625 0.015625
1 0.0265625 0.534375 0.0484375 0.140625
0 0.028125 0.48125 0.015625 0.0265625
1 0.0890625 0.5171875 0.0390625 0.109375
0 0.0890625 0.471875 0.0140625 0.0140625
1 0.05 0.5078125 0.0265625 0.084375
0 0.0515625 0.4765625 0.0140625 0.015625
1 0.0125 0.51875 0.021875 0.0921875
0 0.00390625 0.48203125 0.0078125 0.0140625
1 0.0984375 0.4953125 0.01875 0.0609375
0 0.1 0.4703125 0.0109375 0.0109375