1 0.31875 0.665625 0.1703125 0.471875
0 0.334375 0.475 0.053125 0.0671875
1 0.44375 0.5828125 0.175 0.415625
0 0.475 0.415625 0.0390625 0.05
1 0.515625 0.559375 0.1375 0.3109375
0 0.5109375 0.4328125 0.0359375 0.0578125
1 0.60625 0.546875 0.1 0.328125
0 0.603125 0.4109375 0.0359375 0.0515625
1 0.6234375 0.6453125 0.20625 0.509375
0 0.6234375 0.4296875 0.05625 0.071875
1 0.6890625 0.5953125 0.146875 0.403125
0 0.68125 0.428125 0.046875 0.0625
1 0.7390625 0.575 0.115625 0.3796875
0 0.7359375 0.4125 0.0421875 0.053125
1 0.75 0.5546875 0.1015625 0.2953125
0 0.74375 0.4296875 0.0359375 0.0421875
1 0.8140625 0.525 0.0328125 0.2171875
0 0.8265625 0.4328125 0.009375 0.0234375