1 0.71875 0.36875 0.0578125 0.1734375
0 0.7234375 0.3015625 0.0203125 0.0203125
1 0.896875 0.4 0.0703125 0.2375
0 0.903125 0.3015625 0.0296875 0.0359375
1 0.059375 0.4359375 0.1125 0.228125
0 0.053125 0.3546875 0.0359375 0.0453125
1 0.140625 0.4421875 0.1046875 0.2171875
0 0.1328125 0.3609375 0.0328125 0.04375
1 0.225 0.45 0.0953125 0.2125
0 0.225 0.3796875 0.040625 0.046875
1 0.225 0.4046875 0.08125 0.140625
0 0.225 0.353125 0.0296875 0.0328125
1 0.284375 0.4046875 0.0984375 0.1375
0 0.290625 0.359375 0.028125 0.03125
1 0.2953125 0.4484375 0.1453125 0.171875
0 0.296875 0.390625 0.0453125 0.053125
1 0.3609375 0.5015625 0.1671875 0.19375
0 0.3375 0.440625 0.0453125 0.065625
1 0.28125 0.528125 0.225 0.215625
0 0.2796875 0.4609375 0.0640625 0.065625
1 0.3015625 0.58125 0.2328125 0.2828125
0 0.2875 0.4984375 0.0703125 0.0828125
1 0.35625 0.6203125 0.3625 0.2953125
0 0.31875 0.5234375 0.0875 0.0953125
1 0.409375 0.6640625 0.3953125 0.2109375
0 0.3203125 0.6734375 0.125 0.1453125
1 0.425 0.4171875 0.1328125 0.146875
0 0.428125 0.3671875 0.0375 0.0421875
1 0.4390625 0.4578125 0.1515625 0.15
0 0.4625 0.415625 0.0484375 0.05
1 0.625 0.4609375 0.0953125 0.3
0 0.640625 0.340625 0.0515625 0.0546875
1 0.6546875 0.540625 0.1890625 0.2703125
0 0.675 0.446875 0.0578125 0.075
1 0.790625 0.4546875 0.1078125 0.2109375
0 0.7765625 0.3828125 0.0421875 0.0484375
1 0.8296875 0.471875 0.1859375 0.19375
0 0.840625 0.4125 0.0453125 0.05625
1 0.8 0.4890625 0.1203125 0.190625
0 0.7859375 0.41875 0.0375 0.04375
1 0.8640625 0.4984375 0.1015625 0.23125
0 0.840625 0.4140625 0.0390625 0.05
1 0.7625 0.6328125 0.2171875 0.271875
0 0.7703125 0.5390625 0.075 0.0828125
1 0.8765625 0.634375 0.2390625 0.26875
0 0.875 0.5625 0.0828125 0.1171875
1 0.1890625 0.4984375 0.1953125 0.20625
0 0.1890625 0.4203125 0.0421875 0.04375