1 0.228125 0.5921875 0.1796875 0.3390625
0 0.2484375 0.446875 0.0359375 0.04375
1 0.3625 0.584375 0.128125 0.36875
0 0.36875 0.4265625 0.040625 0.053125
1 0.4734375 0.5640625 0.0734375 0.2296875
0 0.4703125 0.4671875 0.025 0.034375
1 0.6546875 0.559375 0.0671875 0.1984375
0 0.6453125 0.475 0.021875 0.0296875
1 0.7296875 0.5609375 0.0609375 0.2
0 0.715625 0.478125 0.0234375 0.028125
1 0.778125 0.56875 0.08125 0.2203125
0 0.7625 0.4765625 0.0265625 0.034375
1 0.878125 0.559375 0.0625 0.1578125
0 0.8796875 0.49375 0.01875 0.0234375
1 0.778125 0.546875 0.0671875 0.203125
0 0.76875 0.459375 0.025 0.0265625
1 0.721875 0.5546875 0.0484375 0.1640625
0 0.71875 0.4875 0.01875 0.01875