1 0.890625 0.765625 0.1703125 0.2109375
0 0.85625 0.696875 0.0421875 0.0484375
1 0.6921875 0.7609375 0.04375 0.1453125
0 0.6859375 0.703125 0.0171875 0.021875
1 0 0.125 0 0
0 0.6046875 0.7015625 0.021875 0.0234375
1 0.51875 0.76875 0.0484375 0.1453125
0 0.51875 0.7078125 0.015625 0.015625
1 0.490625 0.771875 0.0625 0.1609375
0 0.484375 0.70625 0.0171875 0.01875
1 0.4640625 0.790625 0.1171875 0.1609375
0 0.4640625 0.7359375 0.0390625 0.0375
1 0.378125 0.778125 0.0828125 0.1859375
0 0.3796875 0.703125 0.025 0.025
1 0.23125 0.790625 0.09375 0.1625
0 0.24375 0.7328125 0.040625 0.0375
1 0.309375 0.7515625 0.04375 0.128125
0 0.3109375 0.7 0.0125 0.0125
1 0.528125 0.7609375 0.0515625 0.1359375
0 0.525 0.70625 0.0171875 0.01875
1 0.2953125 0.790625 0.109375 0.1625
0 0.29375 0.7296875 0.0296875 0.0296875
1 0.634375 0.721875 0.0234375 0.0625
0 0.634375 0.7 0.00625 0.00625
1 0.34375 0.7953125 0.121875 0.153125
0 0.3390625 0.7484375 0.0390625 0.04375