1 0.1015625 0.609375 0.1578125 0.34375
0 0.1171875 0.4703125 0.040625 0.046875
1 0.165625 0.60625 0.090625 0.275
0 0.1609375 0.490625 0.040625 0.0328125
1 0.23125 0.6046875 0.10625 0.321875
0 0.2328125 0.4703125 0.0359375 0.04375
1 0.3203125 0.59375 0.0859375 0.24375
0 0.3234375 0.4953125 0.0328125 0.040625
1 0.340625 0.58125 0.0828125 0.209375
0 0.3609375 0.496875 0.0296875 0.0359375
1 0.5421875 0.5890625 0.1109375 0.2703125
0 0.54375 0.4765625 0.0328125 0.0375
1 0.7015625 0.66875 0.1546875 0.3203125
0 0.715625 0.5390625 0.0296875 0.034375