1 0.8765625 0.615625 0.2375 0.371875
0 0.853125 0.4515625 0.071875 0.0953125
1 0.946875 0.5671875 0.1 0.465625
0 0.984375 0.3859375 0.025 0.046875
1 0.9125 0.6140625 0.0953125 0.340625
0 0.909375 0.471875 0.04375 0.05
1 0.859375 0.5609375 0.1015625 0.2890625
0 0.8734375 0.446875 0.0390625 0.053125
1 0.7796875 0.5578125 0.1 0.2953125
0 0.784375 0.4359375 0.0296875 0.0390625
1 0.675 0.5703125 0.1390625 0.3015625
0 0.7125 0.4453125 0.0375 0.0421875
1 0.7296875 0.5453125 0.078125 0.2625
0 0.725 0.4328125 0.0265625 0.03125
1 0.7453125 0.5125 0.059375 0.175
0 0.7515625 0.4390625 0.0203125 0.028125
1 0.6328125 0.5296875 0.0890625 0.2078125
0 0.6328125 0.44375 0.021875 0.0296875
1 0.5625 0.553125 0.1 0.24375
0 0.5828125 0.45 0.0265625 0.03125
1 0.64375 0.521875 0.053125 0.196875
0 0.6453125 0.4390625 0.025 0.025
1 0.6421875 0.51875 0.0609375 0.190625
0 0.6453125 0.440625 0.025 0.028125
1 0.6125 0.496875 0.05 0.165625
0 0.6140625 0.4296875 0.01875 0.0265625
1 0.5390625 0.53125 0.0765625 0.2265625
0 0.54375 0.4328125 0.0234375 0.025
1 0.5109375 0.5171875 0.0625 0.203125
0 0.525 0.4328125 0.021875 0.025
1 0.4984375 0.484375 0.0421875 0.1171875
0 0.5046875 0.4375 0.0140625 0.0171875
1 0.4640625 0.4828125 0.0515625 0.1375
0 0.4609375 0.425 0.0171875 0.021875
1 0.45625 0.5046875 0.0421875 0.1578125
0 0.45625 0.4390625 0.0234375 0.025
1 0.4421875 0.5171875 0.0765625 0.2109375
0 0.440625 0.428125 0.025 0.028125
1 0.3953125 0.5 0.059375 0.175
0 0.396875 0.428125 0.01875 0.021875
1 0.3609375 0.534375 0.075 0.259375
0 0.3546875 0.425 0.0296875 0.0390625
1 0.3140625 0.4734375 0.040625 0.15
0 0.3140625 0.4140625 0.0171875 0.025
1 0.290625 0.4859375 0.04375 0.13125
0 0.2875 0.43125 0.01875 0.021875
1 0.2640625 0.4703125 0.0359375 0.1203125
0 0.2640625 0.4203125 0.0140625 0.0171875
1 0.259375 0.4609375 0.03125 0.121875
0 0.2640625 0.4125 0.0140625 0.0171875
1 0.246875 0.45 0.0265625 0.103125
0 0.246875 0.409375 0.0125 0.0140625
1 0.234375 0.48125 0.046875 0.1359375
0 0.2359375 0.4265625 0.01875 0.021875
1 0.21875 0.4734375 0.04375 0.1140625
0 0.2296875 0.4265625 0.0140625 0.0171875
1 0.215625 0.4484375 0.028125 0.084375
0 0.2171875 0.4140625 0.00625 0.0109375
1 0.1921875 0.4484375 0.0265625 0.0859375
0 0.1921875 0.4109375 0.009375 0.0109375
1 0.16875 0.4515625 0.0453125 0.1046875
0 0.16875 0.409375 0.0125 0.0171875
1 0.14375 0.4421875 0.034375 0.09375
0 0.1515625 0.403125 0.009375 0.0140625
1 0.1375 0.434375 0.0203125 0.078125
0 0.1390625 0.403125 0.0109375 0.0140625
1 0.1234375 0.4390625 0.0296875 0.0875
0 0.121875 0.403125 0.0140625 0.0140625
1 0.1015625 0.4390625 0.028125 0.096875
0 0.103125 0.3984375 0.0140625 0.0125
1 0.0765625 0.4359375 0.0359375 0.09375
0 0.08125 0.396875 0.009375 0.009375
1 0.0640625 0.4265625 0.0265625 0.075
0 0.0671875 0.39375 0.009375 0.009375
1 0.0359375 0.4296875 0.03125 0.075
0 0.0390625 0.4 0.0078125 0.0109375
1 0.1640625 0.4390625 0.0203125 0.071875
0 0.1625 0.409375 0.0078125 0.009375
1 0.0515625 0.425 0.01875 0.06875
0 0.053125 0.396875 0.00625 0.0078125
1 0.278125 0.4515625 0.025 0.09375
0 0.278125 0.4109375 0.009375 0.0140625
1 0.4671875 0.475 0.03125 0.115625
0 0.475 0.4296875 0.0171875 0.01875
1 0.5609375 0.5 0.046875 0.1640625
0 0.5609375 0.4296875 0.01875 0.01875
1 0.640625 0.509375 0.0578125 0.1828125
0 0.646875 0.43125 0.021875 0.021875
1 0.89375 0.43125 0.0140625 0.0375
0 0.89375 0.4171875 0.0046875 0.0046875