1 0.759375 0.6015625 0.471875 0.4578125
0 0.79375 0.3484375 0.1140625 0.125
1 0.371875 0.6078125 0.3421875 0.44375
0 0.365625 0.471875 0.090625 0.1109375
1 0.459375 0.6203125 0.259375 0.4203125
0 0.4578125 0.48125 0.075 0.1015625
1 0.5640625 0.6328125 0.084375 0.1953125
0 0.578125 0.5625 0.0203125 0.0296875
1 0.6046875 0.5640625 0.05 0.1359375
0 0.6015625 0.5078125 0.015625 0.021875
1 0.559375 0.5328125 0.05625 0.1296875
0 0.55625 0.484375 0.015625 0.0234375
1 0.60625 0.50625 0.0375 0.1109375
0 0.60625 0.459375 0.015625 0.015625
1 0.1640625 0.640625 0.08125 0.1890625
0 0.1578125 0.5625 0.021875 0.0265625
1 0.2109375 0.5859375 0.06875 0.1625
0 0.196875 0.515625 0.021875 0.0203125
1 0.503125 0.528125 0.0515625 0.121875
0 0.5078125 0.48125 0.015625 0.0234375
1 0.528125 0.478125 0.04375 0.1
0 0.5296875 0.440625 0.0125 0.0171875
1 0.5421875 0.5078125 0.040625 0.125
0 0.5421875 0.45625 0.015625 0.0203125
1 0.5828125 0.4765625 0.0484375 0.1171875
0 0.5796875 0.43125 0.0140625 0.015625
1 0.6234375 0.49375 0.04375 0.1140625
0 0.625 0.4453125 0.015625 0.0171875
1 0.9484375 0.540625 0.0671875 0.125
0 0.959375 0.49375 0.025 0.025
1 0.6515625 0.5359375 0.0546875 0.1171875
0 0.65625 0.4890625 0.015625 0.0234375
1 0.65625 0.51875 0.046875 0.115625
0 0.6578125 0.4734375 0.0171875 0.0203125
1 0.525 0.353125 0.0109375 0.0375
0 0.5234375 0.340625 0.00625 0.00625
1 0.7265625 0.3453125 0.025 0.0359375
0 0.728125 0.3296875 0.003125 0.003125
1 0.7109375 0.3484375 0.015625 0.040625
0 0.709375 0.33125 0.0046875 0.0046875
1 0.7 0.3390625 0.0171875 0.0390625
0 0.7 0.325 0.0046875 0.0046875
1 0.70625 0.3265625 0.01875 0.0359375
0 0.70625 0.3109375 0.003125 0.003125
1 0.7265625 0.38125 0.028125 0.0609375
0 0.7265625 0.3546875 0.0078125 0.0078125
1 0.740625 0.359375 0.0203125 0.04375
0 0.74375 0.340625 0.00625 0.00625
1 0.6921875 0.315625 0.0109375 0.025
0 0.69375 0.3046875 0.0015625 0.003125
1 0.6890625 0.30625 0.0078125 0.025
0 0.6875 0.2984375 0.0015625 0.0015625
1 0.5578125 0.3296875 0.0125 0.034375
0 0.55625 0.315625 0.0046875 0.0046875
1 0.5734375 0.3296875 0.0140625 0.03125
0 0.5703125 0.31875 0.00625 0.00625
1 0.584375 0.3234375 0.0109375 0.025
0 0.584375 0.3140625 0.0015625 0.003125
1 0.5828125 0.3203125 0.0109375 0.028125
0 0.58125 0.309375 0.003125 0.003125
1 0.5125 0.459375 0.053125 0.125
0 0.509375 0.409375 0.0109375 0.0125
1 0.5875 0.459375 0.040625 0.096875
0 0.5859375 0.4171875 0.0125 0.0109375
1 0.6984375 0.4609375 0.0359375 0.084375
0 0.6984375 0.4296875 0.009375 0.009375