1 0.9453125 0.6375 0.1046875 0.471875
0 0.96875 0.478125 0.0609375 0.1484375
1 0.953125 0.7015625 0.090625 0.3421875
0 0.9578125 0.56875 0.0765625 0.0734375
1 0.9453125 0.65 0.10625 0.2609375
0 0.9203125 0.553125 0.046875 0.05625
1 0.9 0.721875 0.1046875 0.303125
0 0.8890625 0.60625 0.05 0.053125
1 0.8140625 0.7015625 0.2296875 0.34375
0 0.7765625 0.58125 0.0765625 0.0953125
1 0.6921875 0.7265625 0.1140625 0.2921875
0 0.690625 0.6171875 0.0484375 0.0578125
1 0.6484375 0.721875 0.08125 0.303125
0 0.6421875 0.6046875 0.040625 0.05625
1 0.609375 0.7171875 0.1296875 0.3125
0 0.6046875 0.609375 0.053125 0.078125
1 0.5078125 0.6875 0.0875 0.24375
0 0.5 0.5921875 0.0421875 0.04375
1 0.5015625 0.6859375 0.3859375 0.3734375
0 0.4265625 0.6265625 0.103125 0.125
1 0.38125 0.709375 0.203125 0.3265625
0 0.3515625 0.6015625 0.0828125 0.0875
1 0.3 0.690625 0.103125 0.3015625
0 0.2859375 0.575 0.0421875 0.04375
1 0.2234375 0.715625 0.175 0.3171875
0 0.18125 0.5984375 0.0671875 0.0671875
1 0.0609375 0.6984375 0.121875 0.35
0 0.03125 0.5703125 0.0609375 0.08125