1 0.0875 0.6046875 0.1703125 0.4484375
0 0.034375 0.4328125 0.06875 0.084375
1 0.125 0.5828125 0.109375 0.253125
0 0.146875 0.4828125 0.025 0.0359375
1 0.2265625 0.5859375 0.1046875 0.2375
0 0.23125 0.490625 0.03125 0.0328125
1 0.2671875 0.5765625 0.046875 0.2109375
0 0.26875 0.496875 0.0171875 0.01875
1 0.3 0.5875 0.1171875 0.2484375
0 0.296875 0.4875 0.0296875 0.0375
1 0.3125 0.5828125 0.0640625 0.2015625
0 0.321875 0.5015625 0.025 0.0359375
1 0.3625 0.5828125 0.0765625 0.2265625
0 0.3515625 0.4875 0.0296875 0.0328125
1 0.3796875 0.575 0.0546875 0.221875
0 0.3796875 0.4828125 0.021875 0.0296875
1 0.43125 0.571875 0.0875 0.2796875
0 0.425 0.4515625 0.0296875 0.0359375
1 0.459375 0.578125 0.046875 0.2125
0 0.4515625 0.4890625 0.021875 0.025
1 0.534375 0.5859375 0.084375 0.18125
0 0.54375 0.5125 0.01875 0.025
1 0.5765625 0.578125 0.08125 0.21875
0 0.5671875 0.4859375 0.0296875 0.0296875
1 0.6296875 0.5703125 0.1171875 0.271875
0 0.609375 0.4578125 0.0375 0.04375
1 0.6421875 0.5828125 0.0546875 0.175
0 0.640625 0.5171875 0.0171875 0.01875
1 0.6984375 0.5765625 0.084375 0.196875
0 0.69375 0.496875 0.0265625 0.0328125
1 0.8 0.6140625 0.0640625 0.18125
0 0.7984375 0.5390625 0.021875 0.025
1 0.8171875 0.625 0.0640625 0.19375
0 0.8171875 0.546875 0.0265625 0.0296875
1 0.9046875 0.559375 0.184375 0.540625
0 0.9578125 0.35625 0.0765625 0.1140625