1 0.0609375 0.6203125 0.1203125 0.315625
0 0.0359375 0.5390625 0.06875 0.1328125
1 0.23125 0.56875 0.2703125 0.4203125
0 0.228125 0.425 0.109375 0.11875
1 0.2453125 0.546875 0.203125 0.44375
0 0.209375 0.375 0.0828125 0.096875
1 0.3140625 0.5609375 0.2046875 0.4359375
0 0.3015625 0.3984375 0.1015625 0.1
1 0.4421875 0.521875 0.1765625 0.4390625
0 0.4421875 0.365625 0.0890625 0.1078125
1 0.7109375 0.4984375 0.209375 0.5640625
0 0.7015625 0.2921875 0.0875 0.125
1 0.9015625 0.5703125 0.1921875 0.415625
0 0.9 0.4203125 0.0859375 0.1078125