1 0.6078125 0.6234375 0.0296875 0.0984375
0 0.6078125 0.58125 0.0125 0.0140625
1 0.578125 0.63125 0.0328125 0.09375
0 0.5765625 0.590625 0.0109375 0.0125
1 0.55 0.6328125 0.0296875 0.096875
0 0.5421875 0.5921875 0.0125 0.015625
1 0.540625 0.646875 0.0296875 0.1203125
0 0.5359375 0.5953125 0.0140625 0.015625
1 0.5421875 0.6515625 0.040625 0.115625
0 0.540625 0.6015625 0.0140625 0.015625
1 0.5015625 0.6375 0.040625 0.1078125
0 0.5015625 0.5921875 0.0125 0.0140625
1 0.509375 0.65 0.046875 0.11875
0 0.5125 0.6015625 0.015625 0.01875
1 0.5 0.565625 0.01875 0.0546875
0 0.496875 0.54375 0.00625 0.00625
1 0.4890625 0.575 0.0125 0.05625
0 0.4859375 0.5515625 0.00625 0.0078125
1 0.475 0.5734375 0.0171875 0.0640625
0 0.471875 0.5453125 0.0078125 0.0078125
1 0.459375 0.5765625 0.015625 0.05625
0 0.4578125 0.5515625 0.00625 0.00625
1 0.453125 0.5765625 0.015625 0.0609375
0 0.4546875 0.55 0.00625 0.0078125
1 0.4375 0.5640625 0.015625 0.04375
0 0.4390625 0.5484375 0.00625 0.0078125
1 0.440625 0.571875 0.0171875 0.053125
0 0.4453125 0.5515625 0.009375 0.009375
1 0.4390625 0.5859375 0.0203125 0.0640625
0 0.440625 0.5578125 0.0078125 0.0078125
1 0.4265625 0.5828125 0.0140625 0.0734375
0 0.428125 0.5515625 0.009375 0.0109375
1 0.4171875 0.584375 0.01875 0.0734375
0 0.41875 0.5546875 0.0078125 0.009375
1 0.40625 0.584375 0.0140625 0.06875
0 0.4078125 0.5546875 0.009375 0.009375
1 0.4015625 0.596875 0.0203125 0.0765625
0 0.4046875 0.565625 0.0109375 0.0125
1 0.39375 0.5875 0.015625 0.0734375
0 0.3953125 0.5578125 0.0109375 0.0109375
1 0.3796875 0.596875 0.028125 0.0796875
0 0.378125 0.5640625 0.0109375 0.0125
1 0.3671875 0.5953125 0.0171875 0.0765625
0 0.371875 0.5625 0.0078125 0.0109375
1 0.3640625 0.590625 0.0171875 0.0859375
0 0.3625 0.5515625 0.00625 0.00625
1 0.35 0.5953125 0.0140625 0.08125
0 0.3484375 0.559375 0.0078125 0.0109375
1 0.34375 0.59375 0.025 0.0859375
0 0.3421875 0.5578125 0.009375 0.0109375
1 0.3359375 0.6 0.0171875 0.0765625
0 0.33125 0.56875 0.009375 0.0125
1 0.328125 0.6109375 0.0234375 0.0921875
0 0.328125 0.5734375 0.0109375 0.0140625
1 0.31875 0.6125 0.021875 0.0953125
0 0.3203125 0.5734375 0.0109375 0.0140625
1 0.309375 0.609375 0.034375 0.1046875
0 0.3109375 0.5671875 0.0125 0.015625
1 0.2953125 0.5890625 0.0171875 0.05625
0 0.3 0.5671875 0.0109375 0.009375
1 0.2859375 0.6109375 0.0171875 0.0828125
0 0.284375 0.578125 0.0109375 0.0125
1 0.2765625 0.6125 0.0234375 0.0953125
0 0.2765625 0.5734375 0.0109375 0.0140625
1 0.26875 0.609375 0.021875 0.1
0 0.271875 0.565625 0.00625 0.009375
1 0.2609375 0.6125 0.0203125 0.0984375
0 0.26875 0.56875 0.0078125 0.009375
1 0.2390625 0.65625 0.05 0.1296875
0 0.234375 0.603125 0.0125 0.015625
1 0.234375 0.6265625 0.0234375 0.1265625
0 0.2296875 0.5734375 0.015625 0.0171875
1 0.221875 0.63125 0.021875 0.0953125
0 0.2234375 0.590625 0.0140625 0.0140625
1 0.2125 0.6359375 0.01875 0.1140625
0 0.2109375 0.5875 0.0109375 0.015625
1 0.2078125 0.6328125 0.028125 0.1265625
0 0.203125 0.578125 0.0140625 0.0171875
1 0.1890625 0.63125 0.0296875 0.1265625
0 0.1953125 0.578125 0.0171875 0.0203125
1 0.184375 0.6421875 0.0390625 0.1125
0 0.1859375 0.5921875 0.015625 0.0109375
1 0.134375 0.634375 0.0265625 0.1171875
0 0.1390625 0.584375 0.0109375 0.0140625
1 0.146875 0.6421875 0.053125 0.13125
0 0.14375 0.5875 0.0125 0.015625
1 0.0921875 0.61875 0.0390625 0.1078125
0 0.0890625 0.571875 0.0125 0.0109375
1 0.2578125 0.6015625 0.0125 0.08125
0 0.2609375 0.5703125 0.0109375 0.0125