1 0.1046875 0.646875 0.0375 0.096875
0 0.109375 0.6046875 0.0109375 0.0125
1 0.165625 0.6546875 0.0328125 0.0984375
0 0.16875 0.6140625 0.0109375 0.0140625
1 0.20625 0.6796875 0.06875 0.140625
0 0.2078125 0.621875 0.015625 0.0203125
1 0.25625 0.6765625 0.05 0.146875
0 0.2515625 0.615625 0.0203125 0.01875
1 0.2609375 0.6359375 0.034375 0.071875
0 0.2640625 0.6078125 0.0078125 0.009375
1 0.2359375 0.6453125 0.028125 0.0671875
0 0.2375 0.6171875 0.00625 0.0078125
1 0.3046875 0.6515625 0.0359375 0.0984375
0 0.3 0.609375 0.0109375 0.0140625
1 0.34375 0.6515625 0.0359375 0.090625
0 0.3421875 0.6140625 0.0125 0.0125
1 0.4 0.646875 0.03125 0.0859375
0 0.403125 0.6109375 0.009375 0.0125
1 0.490625 0.6265625 0.015625 0.040625
0 0.4921875 0.609375 0.0046875 0.0046875
1 0.5296875 0.621875 0.0109375 0.034375
0 0.528125 0.6078125 0.003125 0.0046875
1 0.5796875 0.6453125 0.0359375 0.078125
0 0.5796875 0.6109375 0.009375 0.009375
1 0.6390625 0.6578125 0.059375 0.1234375
0 0.6453125 0.6046875 0.0125 0.015625
1 0.6796875 0.6453125 0.0328125 0.0828125
0 0.6796875 0.609375 0.0109375 0.0109375
1 0.653125 0.646875 0.025 0.078125
0 0.6546875 0.6125 0.009375 0.009375
1 0.7859375 0.6265625 0.01875 0.04375
0 0.7875 0.6078125 0.0046875 0.0046875
1 0.8046875 0.6265625 0.0140625 0.0453125
0 0.8046875 0.6078125 0.0046875 0.0046875
1 0.9078125 0.64375 0.0390625 0.10625
0 0.903125 0.6 0.015625 0.0140625
1 0.8765625 0.6234375 0.0140625 0.0375
0 0.8765625 0.6078125 0.0046875 0.003125
1 0.8984375 0.6375 0.0234375 0.05
0 0.896875 0.615625 0.00625 0.00625
1 0.89375 0.6234375 0.0140625 0.03125
0 0.89375 0.6125 0.003125 0.003125
1 0.99375 0.6390625 0.009375 0.0484375
0 0.9953125 0.6203125 0.003125 0.00625