1 0.9875 0.6921875 0.01875 0.1046875
0 0.990625 0.6484375 0.0125 0.0140625
1 0.971875 0.6859375 0.0421875 0.1140625
0 0.971875 0.640625 0.015625 0.0171875
1 0.959375 0.68125 0.0296875 0.103125
0 0.9546875 0.6390625 0.0109375 0.0140625
1 0.95 0.678125 0.04375 0.0953125
0 0.946875 0.6421875 0.0125 0.0125
1 0.896875 0.6890625 0.034375 0.10625
0 0.8921875 0.64375 0.0125 0.0140625
1 0.86875 0.690625 0.040625 0.10625
0 0.8734375 0.646875 0.0125 0.0140625
1 0.8703125 0.68125 0.0328125 0.09375
0 0.8734375 0.646875 0.0125 0.0140625
1 0.7859375 0.6890625 0.0453125 0.1203125
0 0.7828125 0.6390625 0.0140625 0.015625
1 0.815625 0.690625 0.040625 0.1171875
0 0.809375 0.6421875 0.0125 0.0140625
1 0.7140625 0.690625 0.0328125 0.115625
0 0.709375 0.6421875 0.0125 0.0171875
1 0.6875 0.6890625 0.04375 0.10625
0 0.684375 0.6453125 0.0125 0.015625
1 0.6484375 0.69375 0.0296875 0.1125
0 0.6453125 0.6484375 0.0125 0.015625
1 0.640625 0.69375 0.025 0.103125
0 0.640625 0.65 0.009375 0.0125
1 0.6078125 0.7 0.040625 0.1171875
0 0.6078125 0.6515625 0.0140625 0.0171875
1 0.5484375 0.6921875 0.0453125 0.1375
0 0.546875 0.6328125 0.0125 0.0171875
1 0.5125 0.696875 0.040625 0.1296875
0 0.5125 0.64375 0.015625 0.0140625
1 0.4703125 0.7 0.0375 0.1203125
0 0.465625 0.65 0.0125 0.0140625
1 0.4203125 0.7 0.05 0.1296875
0 0.4234375 0.6453125 0.0140625 0.0203125
1 0.43125 0.6953125 0.040625 0.1203125
0 0.434375 0.64375 0.015625 0.0140625
1 0.3796875 0.7046875 0.05 0.1296875
0 0.3859375 0.6515625 0.015625 0.0171875
1 0.3359375 0.7078125 0.04375 0.1265625
0 0.340625 0.6515625 0.015625 0.0140625
1 0.3015625 0.7046875 0.040625 0.1234375
0 0.3046875 0.6515625 0.0140625 0.0140625
1 0.2640625 0.703125 0.05 0.140625
0 0.2671875 0.6421875 0.0171875 0.0171875
1 0.2359375 0.696875 0.0453125 0.1359375
0 0.23125 0.640625 0.0171875 0.021875
1 0.1984375 0.7125 0.04375 0.121875
0 0.1953125 0.6609375 0.015625 0.0171875
1 0.1625 0.7171875 0.046875 0.1203125
0 0.1703125 0.6671875 0.0171875 0.0171875
1 0.071875 0.71875 0.078125 0.140625
0 0.0875 0.6609375 0.0171875 0.0203125
1 0.0171875 0.7078125 0.0328125 0.1453125
0 0.015625 0.6484375 0.0171875 0.0171875
1 0.0625 0.7140625 0.0421875 0.125
0 0.06875 0.6609375 0.015625 0.01875
1 0.125 0.709375 0.0453125 0.1171875
0 0.121875 0.6609375 0.0140625 0.01875
1 0.15625 0.7046875 0.0328125 0.125
0 0.1578125 0.653125 0.0171875 0.0203125
1 0.16875 0.696875 0.0328125 0.121875
0 0.1671875 0.6453125 0.0140625 0.01875
1 0.2984375 0.6984375 0.0453125 0.1296875
0 0.3125 0.6453125 0.0140625 0.015625
1 0.365625 0.69375 0.0359375 0.11875
0 0.3703125 0.64375 0.0125 0.0125
1 0.4078125 0.690625 0.0296875 0.1046875
0 0.4078125 0.6484375 0.0125 0.0140625
1 0.4484375 0.6875 0.028125 0.1171875
0 0.45 0.640625 0.0125 0.01875
1 0.6328125 0.6890625 0.028125 0.10625
0 0.63125 0.64375 0.0125 0.0125
1 0.58125 0.6921875 0.025 0.096875
0 0.584375 0.6515625 0.0125 0.0125
1 0.6703125 0.665625 0.0171875 0.0515625
0 0.66875 0.6453125 0.00625 0.00625
1 0.6015625 0.6890625 0.028125 0.0953125
0 0.603125 0.6515625 0.0125 0.0125
1 0.45625 0.6921875 0.028125 0.1171875
0 0.4625 0.6421875 0.015625 0.0140625
1 0.4328125 0.6953125 0.0359375 0.121875
0 0.434375 0.64375 0.0171875 0.0140625
1 0.053125 0.7 0.028125 0.1234375
0 0.0546875 0.6484375 0.0125 0.0109375
1 0.1046875 0.696875 0.025 0.109375
0 0.1046875 0.65 0.0125 0.0125
1 0.9875 0.6625 0.01875 0.059375
0 0.9875 0.6390625 0.009375 0.0109375
1 0.840625 0.6671875 0.0265625 0.0640625
0 0.8375 0.64375 0.00625 0.00625
1 0.7640625 0.6765625 0.0203125 0.0734375
0 0.759375 0.65 0.00625 0.00625
1 0.6 0.6875 0.0203125 0.090625
0 0.603125 0.6515625 0.0078125 0.0125
1 0.6140625 0.6953125 0.0390625 0.1171875
0 0.6109375 0.6453125 0.0125 0.015625
1 0.5640625 0.6921875 0.0328125 0.121875
0 0.5625 0.6421875 0.0125 0.0140625
1 0.5375 0.65625 0.015625 0.0390625
0 0.5375 0.640625 0.003125 0.003125
1 0.5125 0.6890625 0.0453125 0.1265625
0 0.5078125 0.6390625 0.0140625 0.0171875
1 0.4484375 0.6875 0.0296875 0.115625
0 0.45 0.640625 0.0125 0.0171875
1 0.3296875 0.7015625 0.034375 0.1078125
0 0.3265625 0.6546875 0.0125 0.015625
1 0.290625 0.6953125 0.0328125 0.10625
0 0.29375 0.6515625 0.0125 0.0109375