1 0.425 0.578125 0.040625 0.1140625
0 0.4296875 0.5328125 0.0171875 0.0171875
1 0.515625 0.6 0.1140625 0.0859375
0 0.51875 0.5671875 0.0203125 0.01875
1 0.7 0.584375 0.0375 0.0703125
0 0.7 0.5625 0.009375 0.009375
1 0.803125 0.540625 0.0234375 0.04375
0 0.803125 0.5234375 0.0046875 0.0046875
1 0.890625 0.5609375 0.040625 0.053125
0 0.8953125 0.5421875 0.0109375 0.0109375
1 0.38125 0.54375 0.015625 0.03125
0 0.3796875 0.5328125 0.0046875 0.0046875
1 0.153125 0.54375 0.0125 0.0296875
0 0.153125 0.5328125 0.003125 0.0046875
1 0.0171875 0.5453125 0.0171875 0.034375
0 0.0171875 0.5328125 0.00625 0.0046875
1 0.9125 0.5359375 0.0171875 0.021875
0 0.9140625 0.5296875 0.0046875 0.0046875