1 0.15625 0.6046875 0.13125 0.19375
0 0.178125 0.5296875 0.034375 0.0421875
1 0.25 0.584375 0.0875 0.2046875
0 0.24375 0.503125 0.034375 0.0375
1 0.3234375 0.59375 0.10625 0.21875
0 0.3171875 0.5125 0.0359375 0.05
1 0.434375 0.5796875 0.1296875 0.1984375
0 0.4328125 0.50625 0.0375 0.046875
1 0.56875 0.575 0.1375 0.190625
0 0.5390625 0.5109375 0.0359375 0.040625
1 0.65625 0.5609375 0.103125 0.2375
0 0.6515625 0.46875 0.0359375 0.0421875
1 0.784375 0.546875 0.13125 0.25
0 0.7625 0.4515625 0.040625 0.05
1 0.890625 0.50625 0.096875 0.2703125
0 0.890625 0.390625 0.0328125 0.0359375
1 0.9515625 0.4921875 0.090625 0.278125
0 0.9546875 0.375 0.0296875 0.0375
1 0.878125 0.478125 0.0890625 0.275
0 0.871875 0.359375 0.0296875 0.0359375
1 0.759375 0.484375 0.090625 0.2921875
0 0.753125 0.3625 0.0296875 0.04375
1 0.6671875 0.5125 0.0890625 0.265625
0 0.6609375 0.396875 0.021875 0.0359375
1 0.584375 0.5 0.0828125 0.284375
0 0.5828125 0.3765625 0.0296875 0.0375
1 0.5140625 0.4984375 0.0859375 0.2921875
0 0.5109375 0.3765625 0.034375 0.0375
1 0.4546875 0.5109375 0.0796875 0.278125
0 0.446875 0.3921875 0.0265625 0.0359375
1 0.3859375 0.50625 0.075 0.275
0 0.3859375 0.39375 0.0296875 0.0390625
1 0.3171875 0.521875 0.0828125 0.2734375
0 0.309375 0.40625 0.0296875 0.0359375
1 0.25 0.528125 0.08125 0.25625
0 0.2390625 0.41875 0.0296875 0.0359375
1 0.1640625 0.5203125 0.0953125 0.28125
0 0.16875 0.4 0.034375 0.040625
1 0.16875 0.4609375 0.0796875 0.2609375
0 0.165625 0.35 0.03125 0.034375
1 0.234375 0.4484375 0.071875 0.2640625
0 0.2296875 0.334375 0.0296875 0.0328125
1 0.2921875 0.459375 0.0796875 0.253125
0 0.2875 0.3515625 0.028125 0.0375
1 0.35 0.4421875 0.065625 0.259375
0 0.35 0.33125 0.0296875 0.0359375
1 0.40625 0.428125 0.06875 0.23125
0 0.409375 0.3328125 0.0265625 0.0328125
1 0.4703125 0.4375 0.0765625 0.2515625
0 0.46875 0.3328125 0.0296875 0.034375
1 0.528125 0.434375 0.0796875 0.2265625
0 0.5234375 0.3359375 0.021875 0.0328125
1 0.5984375 0.4359375 0.075 0.23125
0 0.6 0.3375 0.0265625 0.0296875
1 0.621875 0.478125 0.071875 0.2375
0 0.621875 0.3796875 0.0296875 0.0359375
1 0.6859375 0.415625 0.090625 0.25625
0 0.68125 0.3046875 0.0296875 0.0328125
1 0.69375 0.4765625 0.0703125 0.253125
0 0.6890625 0.371875 0.0296875 0.0375
1 0.7234375 0.465625 0.06875 0.2484375
0 0.725 0.3640625 0.0265625 0.034375
1 0.8046875 0.4734375 0.0921875 0.284375
0 0.8015625 0.353125 0.0296875 0.040625