1 0.015625 0.55 0.028125 0.1265625
0 0.0046875 0.4984375 0.00625 0.0171875
1 0.0703125 0.5421875 0.0515625 0.11875
0 0.078125 0.4921875 0.0125 0.0140625
1 0.2125 0.653125 0.13125 0.403125
0 0.184375 0.4859375 0.05625 0.0578125
1 0.134375 0.6265625 0.1109375 0.3890625
0 0.1171875 0.4609375 0.05 0.046875
1 0.1453125 0.615625 0.08125 0.3484375
0 0.146875 0.475 0.04375 0.0421875
1 0.253125 0.64375 0.0984375 0.3140625
0 0.2453125 0.5125 0.0453125 0.0390625
1 0.3640625 0.6703125 0.15625 0.403125
0 0.3484375 0.4984375 0.05625 0.0515625
1 0.3265625 0.6515625 0.1265625 0.3609375
0 0.321875 0.496875 0.0375 0.04375
1 0.26875 0.609375 0.0921875 0.334375
0 0.265625 0.4671875 0.0453125 0.0375
1 0.3625 0.575 0.196875 0.3453125
0 0.321875 0.4625 0.0375 0.0390625
1 0.50625 0.65 0.1171875 0.3953125
0 0.4859375 0.478125 0.05 0.0453125
1 0.5328125 0.671875 0.1625 0.2421875
0 0.496875 0.5875 0.0359375 0.0328125
1 0.4625 0.6609375 0.1546875 0.2171875
0 0.428125 0.578125 0.0375 0.04375
1 0.4359375 0.640625 0.13125 0.2296875
0 0.4125 0.5546875 0.0390625 0.04375