1 0.053125 0.6734375 0.103125 0.28125
0 0.06875 0.55625 0.0328125 0.0421875
1 0.1875 0.7015625 0.121875 0.275
0 0.2 0.5859375 0.0328125 0.0359375
1 0.1421875 0.6515625 0.08125 0.1953125
0 0.1421875 0.56875 0.0234375 0.0265625
1 0.3109375 0.5984375 0.0375 0.0890625
0 0.3109375 0.5609375 0.009375 0.0125
1 0.4859375 0.6703125 0.1265625 0.2328125
0 0.471875 0.56875 0.0203125 0.025
1 0.4875 0.634375 0.0703125 0.19375
0 0.4921875 0.5515625 0.0203125 0.025
1 0.09375 0.5796875 0.015625 0.0421875
0 0.09375 0.5625 0.0046875 0.0046875
1 0.028125 0.5828125 0.0140625 0.034375
0 0.0265625 0.56875 0.0046875 0.0046875
1 0.2484375 0.5828125 0.015625 0.03125
0 0.2515625 0.56875 0.003125 0.003125
1 0.3578125 0.621875 0.0671875 0.1234375
0 0.353125 0.58125 0.028125 0.034375
1 0.43125 0.5828125 0.015625 0.04375
0 0.43125 0.5640625 0.0046875 0.0046875
1 0.4375 0.5828125 0.0140625 0.0390625
0 0.4375 0.5671875 0.003125 0.0046875
1 0.41875 0.5828125 0.0171875 0.04375
0 0.4171875 0.5640625 0.0046875 0.0046875
1 0.4125 0.5890625 0.0140625 0.0421875
0 0.4109375 0.571875 0.0046875 0.0046875
1 0.3546875 0.5609375 0.00625 0.0125
0 0.35625 0.55625 0.0015625 0.0015625
1 0.346875 0.5625 0.0046875 0.0125
0 0.346875 0.559375 0.003125 0.003125
1 0.2921875 0.5625 0.0046875 0.015625
0 0.2921875 0.55625 0.0015625 0.0015625
1 0.2796875 0.5625 0.0046875 0.0109375
0 0.2796875 0.559375 0.0015625 0.0015625
1 0.2765625 0.5625 0.003125 0.0109375
0 0.2765625 0.559375 0.0015625 0.0015625
1 0.271875 0.5625 0.0046875 0.0125
0 0.2734375 0.5578125 0.0015625 0.0015625
1 0.2640625 0.5625 0.0046875 0.0109375
0 0.2640625 0.5578125 0.0015625 0.0015625
1 0.25625 0.5625 0.0046875 0.0125
0 0.2578125 0.55625 0.0015625 0.0015625
1 0.253125 0.5625 0.003125 0.0125
0 0.253125 0.5578125 0 0.0015625
1 0.2515625 0.5625 0.0046875 0.0125
0 0.253125 0.5578125 0.0015625 0.0015625
1 0.2484375 0.5625 0.0046875 0.0125
0 0.2484375 0.5578125 0.0015625 0.0015625
1 0.2453125 0.5625 0.003125 0.0109375
0 0.2453125 0.559375 0.0015625 0.0015625
1 0.2375 0.5625 0.00625 0.0125
0 0.2375 0.5578125 0.0015625 0.0015625
1 0.234375 0.5640625 0.003125 0.0109375
0 0.2359375 0.559375 0.0015625 0.0015625
1 0.225 0.5625 0.0046875 0.0140625
0 0.225 0.5578125 0.0015625 0.0015625
1 0.21875 0.5625 0.0046875 0.0140625
0 0.21875 0.5578125 0.0015625 0.0015625
1 0.2078125 0.5625 0.0046875 0.0125
0 0.209375 0.5578125 0.0015625 0.0015625
1 0.20625 0.5625 0.00625 0.0125
0 0.20625 0.5578125 0 0.0015625
1 0.1890625 0.5609375 0.0046875 0.0125
0 0.1890625 0.5578125 0.0015625 0.0015625
1 0.171875 0.5625 0.0046875 0.0125
0 0.171875 0.55625 0.0015625 0.0015625
1 0.1640625 0.5609375 0.0046875 0.0125
0 0.1640625 0.55625 0.0015625 0.0015625
1 0.1296875 0.5625 0.0046875 0.015625
0 0.1296875 0.55625 0.0015625 0.0015625
1 0.1234375 0.5609375 0.0046875 0.0140625
0 0.125 0.55625 0.0015625 0.0015625
1 0.1 0.5625 0.00625 0.0140625
0 0.1 0.55625 0.0015625 0.0015625
1 0.184375 0.5203125 0.00625 0.0109375
0 0.1859375 0.5171875 0.0015625 0.0015625
1 0.271875 0.5234375 0.0046875 0.009375
0 0.271875 0.5203125 0.0015625 0.0015625
1 0.284375 0.5234375 0.0046875 0.0078125
0 0.284375 0.5203125 0.0015625 0.0015625
1 0.3125 0.5234375 0.0046875 0.009375
0 0.3140625 0.5203125 0.0015625 0.0015625
1 0.3546875 0.5234375 0.003125 0.009375
0 0.35625 0.5203125 0 0
1 0.4390625 0.521875 0.0046875 0.0078125
0 0.4390625 0.51875 0.0015625 0.0015625
1 0.4453125 0.521875 0.0046875 0.009375
0 0.4453125 0.5171875 0.0015625 0.0015625
1 0.45625 0.521875 0.00625 0.0109375
0 0.45625 0.5171875 0.0015625 0.0015625
1 0.5328125 0.521875 0.003125 0.009375
0 0.5328125 0.51875 0 0.0015625
1 0.5390625 0.521875 0.0046875 0.009375
0 0.540625 0.51875 0 0.0015625
1 0.54375 0.5234375 0.0046875 0.0109375
0 0.54375 0.51875 0.0015625 0.0015625
1 0.55625 0.5203125 0.0046875 0.0109375
0 0.55625 0.515625 0.0015625 0.0015625
1 0.5875 0.5203125 0.0046875 0.0125
0 0.5875 0.5171875 0.0015625 0.0015625
1 0.5953125 0.5203125 0.0046875 0.0109375
0 0.5953125 0.5171875 0.0015625 0.0015625
1 0.646875 0.521875 0.0046875 0.0109375
0 0.646875 0.5171875 0 0.0015625
1 0.6359375 0.521875 0.003125 0.009375
0 0.6375 0.51875 0.0015625 0.0015625
1 0.7828125 0.5203125 0.0046875 0.0109375
0 0.7828125 0.515625 0.0015625 0.0015625
1 0.5421875 0.571875 0.0078125 0.0140625
0 0.5421875 0.565625 0.0015625 0.0015625
1 0.5515625 0.571875 0.0078125 0.0140625
0 0.55 0.565625 0.0015625 0.0015625
1 0.5625 0.5609375 0.0046875 0.0125
0 0.5609375 0.55625 0.0015625 0.0015625
1 0.5859375 0.5609375 0.003125 0.0125
0 0.5859375 0.55625 0.0015625 0.0015625
1 0.596875 0.5609375 0.00625 0.0140625
0 0.596875 0.55625 0.0015625 0.0015625
1 0.61875 0.5609375 0.0046875 0.015625
0 0.61875 0.5546875 0 0.0015625
1 0.640625 0.571875 0.0046875 0.0125
0 0.6390625 0.5671875 0.0015625 0.0015625
1 0.6859375 0.571875 0.0046875 0.0125
0 0.6875 0.5671875 0.0015625 0.0015625
1 0.7140625 0.5734375 0.0078125 0.025
0 0.7140625 0.5640625 0.003125 0.003125
1 0.7328125 0.5734375 0.0109375 0.0265625
0 0.734375 0.5625 0.003125 0.003125
1 0.7234375 0.5765625 0.0078125 0.01875
0 0.725 0.56875 0.003125 0.003125
1 0.7890625 0.575 0.0125 0.0296875
0 0.7890625 0.5625 0.003125 0.003125
1 0.7984375 0.575 0.0125 0.0296875
0 0.7984375 0.5625 0.003125 0.003125
1 0.8078125 0.575 0.0109375 0.028125
0 0.8078125 0.5640625 0.003125 0.003125
1 0.7875 0.575 0.009375 0.025
0 0.7859375 0.5640625 0.0015625 0.003125
1 0.8078125 0.5578125 0.00625 0.0125
0 0.8078125 0.5546875 0.0015625 0.0015625
1 0.828125 0.575 0.0125 0.0296875
0 0.828125 0.5640625 0.003125 0.003125
1 0.8609375 0.5578125 0.0046875 0.0125
0 0.859375 0.5546875 0.0015625 0.0015625
1 0.8515625 0.5578125 0.0046875 0.0125
0 0.8515625 0.5546875 0.0015625 0.0015625
1 0.9640625 0.575 0.015625 0.040625
0 0.9625 0.5578125 0.00625 0.00625
1 0.98125 0.578125 0.0265625 0.046875
0 0.9828125 0.559375 0.00625 0.00625
1 0.9921875 0.575 0.0125 0.0421875
0 0.9921875 0.559375 0.0046875 0.0046875
1 0.8484375 0.559375 0.003125 0.0078125
0 0.8484375 0.559375 0.003125 0.0078125
1 0.6203125 0.5734375 0.0046875 0.0125
0 0.6203125 0.56875 0.0015625 0.0015625