1 0.3140625 0.5875 0.03125 0.0921875
0 0.315625 0.5515625 0.0125 0.015625
1 0.3375 0.565625 0.0375 0.125
0 0.334375 0.515625 0.0140625 0.0171875
1 0.353125 0.5609375 0.0296875 0.1203125
0 0.353125 0.5078125 0.0140625 0.015625
1 0.378125 0.55625 0.065625 0.1375
0 0.3796875 0.5 0.0171875 0.0203125
1 0.4046875 0.5546875 0.028125 0.1
0 0.4046875 0.5171875 0.0125 0.0140625
1 0.4 0.546875 0.0265625 0.0953125
0 0.4 0.5078125 0.0109375 0.0140625
1 0.421875 0.55625 0.034375 0.1
0 0.421875 0.515625 0.0140625 0.0171875
1 0.434375 0.553125 0.0265625 0.090625
0 0.43125 0.5171875 0.009375 0.0125
1 0.459375 0.55 0.0390625 0.09375
0 0.4578125 0.5125 0.0125 0.015625
1 0.4859375 0.546875 0.034375 0.0859375
0 0.490625 0.5171875 0.0125 0.015625
1 0.4265625 0.5328125 0.01875 0.071875
0 0.4265625 0.5015625 0.009375 0.009375
1 0.4578125 0.5328125 0.021875 0.078125
0 0.4578125 0.5015625 0.009375 0.0140625
1 0.5265625 0.546875 0.025 0.09375
0 0.525 0.5109375 0.0125 0.0171875
1 0.5359375 0.5640625 0.0734375 0.115625
0 0.553125 0.51875 0.0125 0.0171875
1 0.584375 0.5515625 0.040625 0.121875
0 0.58125 0.5 0.0125 0.015625
1 0.565625 0.5265625 0.0375 0.109375
0 0.5671875 0.4828125 0.0125 0.0140625
1 0.5359375 0.5359375 0.0265625 0.0859375
0 0.534375 0.5 0.009375 0.009375
1 0.5125 0.540625 0.028125 0.0875
0 0.5140625 0.5046875 0.0125 0.0125
1 0.49375 0.5421875 0.0234375 0.0875
0 0.4921875 0.5078125 0.0109375 0.0125
1 0.628125 0.5421875 0.03125 0.08125
0 0.628125 0.5109375 0.0125 0.0140625
1 0.665625 0.5515625 0.040625 0.115625
0 0.665625 0.5046875 0.0125 0.0140625
1 0.6515625 0.5421875 0.0234375 0.090625
0 0.6515625 0.50625 0.0109375 0.0125
1 0.621875 0.5328125 0.025 0.0765625
0 0.6234375 0.503125 0.009375 0.009375
1 0.709375 0.55 0.05625 0.1125
0 0.715625 0.50625 0.015625 0.0140625
1 0.75 0.55 0.0390625 0.109375
0 0.75 0.5046875 0.0125 0.0125
1 0.96875 0.5359375 0.05625 0.1078125
0 0.9640625 0.490625 0.0125 0.0109375
1 0.940625 0.5328125 0.021875 0.08125
0 0.94375 0.5015625 0.009375 0.0140625
1 0.984375 0.5359375 0.025 0.0765625
0 0.9890625 0.50625 0.0125 0.0109375