1 0.98125 0.5765625 0.03125 0.0890625
0 0.990625 0.5390625 0.0109375 0.009375
1 0.9359375 0.571875 0.0359375 0.0953125
0 0.9359375 0.5328125 0.0125 0.0109375
1 0.8859375 0.6515625 0.0765625 0.1265625
0 0.8640625 0.603125 0.0203125 0.021875
1 0.878125 0.56875 0.025 0.08125
0 0.875 0.5359375 0.0109375 0.0125
1 0.8484375 0.565625 0.028125 0.0875
0 0.8484375 0.528125 0.00625 0.0078125
1 0.8 0.60625 0.075 0.134375
0 0.8 0.5515625 0.0171875 0.0203125
1 0.790625 0.5609375 0.021875 0.059375
0 0.790625 0.5390625 0.00625 0.00625
1 0.7296875 0.578125 0.040625 0.09375
0 0.725 0.5421875 0.0125 0.0140625
1 0.715625 0.56875 0.025 0.08125
0 0.7171875 0.5359375 0.0078125 0.009375
1 0.7 0.5703125 0.0203125 0.06875
0 0.703125 0.5421875 0.009375 0.009375
1 0.6890625 0.5765625 0.0375 0.096875
0 0.690625 0.5359375 0.009375 0.0109375
1 0.6625 0.58125 0.0296875 0.090625
0 0.665625 0.54375 0.0125 0.0109375
1 0.634375 0.621875 0.0875 0.1859375
0 0.625 0.5453125 0.021875 0.021875
1 0.56875 0.6078125 0.0734375 0.221875
0 0.571875 0.5125 0.01875 0.0203125
1 0.3859375 0.6640625 0.4484375 0.33125
0 0.4 0.4671875 0.1171875 0.153125
1 0.5203125 0.5578125 0.0171875 0.046875
0 0.5203125 0.540625 0.0046875 0.0046875
1 0.4796875 0.5640625 0.021875 0.0515625
0 0.4828125 0.546875 0.0078125 0.00625
1 0.446875 0.6078125 0.0453125 0.1546875
0 0.4453125 0.54375 0.01875 0.0234375
1 0.23125 0.55625 0.015625 0.0578125
0 0.2296875 0.5328125 0.0046875 0.00625
1 0.221875 0.559375 0.015625 0.0421875
0 0.2203125 0.5421875 0.0046875 0.0046875
1 0.3390625 0.5421875 0.025 0.084375
0 0.3375 0.515625 0.009375 0.0109375
1 0.184375 0.5625 0.0203125 0.065625
0 0.18125 0.5375 0.0078125 0.0078125
1 0.1703125 0.571875 0.0375 0.115625
0 0.1703125 0.5234375 0.0125 0.0171875
1 0.140625 0.540625 0.0671875 0.1796875
0 0.153125 0.465625 0.021875 0.0234375
1 0.125 0.5359375 0.0625 0.1890625
0 0.1328125 0.459375 0.0203125 0.025
1 0.0984375 0.559375 0.015625 0.0296875
0 0.1 0.5484375 0.0046875 0.0046875
1 0.0875 0.5546875 0.0171875 0.0390625
0 0.0875 0.5390625 0.0046875 0.0046875
1 0.0515625 0.5546875 0.01875 0.04375
0 0.05 0.5375 0.00625 0.00625
1 0.0390625 0.5578125 0.0125 0.0359375
0 0.0375 0.54375 0.0046875 0.0046875
1 0.015625 0.553125 0.0203125 0.04375
0 0.0125 0.534375 0.0046875 0.00625
1 0.203125 0.571875 0.034375 0.096875
0 0.2 0.53125 0.009375 0.009375