1 0.4328125 0.553125 0.1921875 0.4515625
0 0.44375 0.3734375 0.0484375 0.0546875
1 0.546875 0.5828125 0.221875 0.3921875
0 0.5296875 0.43125 0.0625 0.053125
1 0.6 0.5546875 0.2828125 0.45
0 0.5796875 0.3671875 0.059375 0.059375
1 0.7078125 0.534375 0.278125 0.490625
0 0.6671875 0.33125 0.059375 0.0625
1 0.8234375 0.5296875 0.2546875 0.4671875
0 0.7421875 0.3296875 0.0515625 0.0546875
1 0.86875 0.525 0.18125 0.4390625
0 0.7484375 0.340625 0.0578125 0.0703125
1 0.625 0.509375 0.1921875 0.4171875
0 0.59375 0.346875 0.0546875 0.065625
1 0.5296875 0.4953125 0.1703125 0.4078125
0 0.528125 0.346875 0.04375 0.05625
1 0.403125 0.4859375 0.16875 0.434375
0 0.415625 0.31875 0.046875 0.0625
1 0.2453125 0.58125 0.25625 0.3953125
0 0.3640625 0.4359375 0.040625 0.0453125
1 0.2 0.54375 0.3015625 0.471875
0 0.2796875 0.346875 0.05625 0.05625
1 0.2 0.50625 0.246875 0.421875
0 0.2875 0.3390625 0.059375 0.0609375