1 0.990625 0.696875 0.0125 0.04375
0 0.99375 0.68125 0.00625 0.00625
1 0.8765625 0.66875 0.009375 0.01875
0 0.878125 0.6609375 0.003125 0.003125
1 0.8421875 0.68125 0.0109375 0.0171875
0 0.84375 0.6734375 0.003125 0.003125
1 0.7546875 0.68125 0.0109375 0.0203125
0 0.753125 0.6734375 0.0015625 0.003125
1 0.7015625 0.6671875 0.009375 0.01875
0 0.7046875 0.6609375 0.0015625 0.003125
1 0.6625 0.7453125 0.0765625 0.16875
0 0.6578125 0.675 0.021875 0.0203125
1 0.6546875 0.6671875 0.009375 0.021875
0 0.6546875 0.6671875 0.009375 0.021875
1 0.625 0.6859375 0.0140625 0.0328125
0 0.6265625 0.675 0.00625 0.003125
1 0.6296875 0.6828125 0.0125 0.028125
0 0.63125 0.675 0.003125 0.003125
1 0.60625 0.6828125 0.0125 0.028125
0 0.609375 0.6734375 0.003125 0.003125
1 0.6015625 0.7046875 0.0265625 0.084375
0 0.6015625 0.6703125 0.009375 0.0109375
1 0.58125 0.7421875 0.0734375 0.1734375
0 0.584375 0.675 0.021875 0.028125
1 0.55625 0.690625 0.01875 0.0421875
0 0.55625 0.675 0.00625 0.00625
1 0.5421875 0.7015625 0.0265625 0.0671875
0 0.5421875 0.6765625 0.00625 0.009375
1 0.5265625 0.690625 0.0140625 0.0421875
0 0.528125 0.6765625 0.003125 0.003125
1 0.515625 0.7 0.0265625 0.071875
0 0.5140625 0.671875 0.00625 0.0078125
1 0.5015625 0.709375 0.034375 0.096875
0 0.5046875 0.66875 0.009375 0.009375
1 0.421875 0.66875 0.009375 0.01875
0 0.421875 0.6625 0.0015625 0.003125
1 0.4734375 0.746875 0.0875 0.165625
0 0.46875 0.6859375 0.0265625 0.0359375
1 0.4109375 0.74375 0.13125 0.171875
0 0.4015625 0.69375 0.0375 0.053125
1 0.26875 0.7265625 0.14375 0.2046875
0 0.26875 0.66875 0.05 0.0671875
1 0.23125 0.7390625 0.128125 0.1796875
0 0.2390625 0.690625 0.0390625 0.053125
1 0.20625 0.740625 0.128125 0.178125
0 0.2015625 0.6890625 0.040625 0.05
1 0.1015625 0.6921875 0.0125 0.0359375
0 0.103125 0.68125 0.003125 0.003125
1 0.1171875 0.7 0.0109375 0.0203125
0 0.115625 0.690625 0.003125 0.003125
1 0.0921875 0.6875 0.0109375 0.03125
0 0.0921875 0.678125 0.003125 0.003125
1 0.13125 0.690625 0.015625 0.0390625
0 0.1375 0.675 0.00625 0.003125
1 0.140625 0.6890625 0.0125 0.034375
0 0.14375 0.6796875 0.003125 0.00625
1 0.1515625 0.6890625 0.0125 0.028125
0 0.153125 0.6796875 0.003125 0.003125
1 0.159375 0.6875 0.0125 0.03125
0 0.159375 0.678125 0.003125 0.00625
1 0.1703125 0.690625 0.0109375 0.028125
0 0.171875 0.6796875 0.003125 0.003125
1 0.10625 0.61875 0.009375 0.01875
0 0.1078125 0.6140625 0.0015625 0.003125
1 0.3140625 0.66875 0.009375 0.025
0 0.315625 0.6625 0.0015625 0.003125
1 0.5265625 0.609375 0.009375 0.015625
0 0.5265625 0.6078125 0.0015625 0
1 0.5203125 0.6140625 0.009375 0.0171875
0 0.51875 0.6078125 0.003125 0.003125
1 0.5609375 0.6125 0.009375 0.01875
0 0.5640625 0.6078125 0.0015625 0.003125