1 0.740625 0.6484375 0.5140625 0.3015625
0 0.7703125 0.4765625 0.2 0.2203125
1 0.675 0.6 0.175 0.271875
0 0.665625 0.4953125 0.0453125 0.0578125
1 0.846875 0.6 0.159375 0.26875
0 0.85 0.50625 0.046875 0.0515625
1 0.6453125 0.5953125 0.159375 0.26875
0 0.6703125 0.496875 0.0515625 0.0625
1 0.415625 0.5328125 0.025 0.05
0 0.4171875 0.515625 0.00625 0.0078125
1 0.4296875 0.5359375 0.0203125 0.0515625
0 0.4296875 0.515625 0.009375 0.0109375
1 0.4390625 0.5359375 0.0234375 0.0578125
0 0.44375 0.5140625 0.009375 0.009375
1 0.4671875 0.5375 0.0234375 0.0609375
0 0.4671875 0.515625 0.00625 0.009375
1 0.4765625 0.5359375 0.03125 0.065625
0 0.4796875 0.5125 0.0125 0.0125
1 0.4890625 0.540625 0.0265625 0.0671875
0 0.4890625 0.5109375 0.009375 0.009375