1 0.234375 0.5984375 0.109375 0.3796875
0 0.234375 0.4375 0.0453125 0.053125
1 0.371875 0.6265625 0.1125 0.371875
0 0.371875 0.4671875 0.046875 0.053125
1 0.5 0.5265625 0.0390625 0.1109375
0 0.5 0.4796875 0.009375 0.015625
1 0.553125 0.5515625 0.05625 0.153125
0 0.5546875 0.4890625 0.015625 0.0234375
1 0.5765625 0.5390625 0.0515625 0.15
0 0.5859375 0.478125 0.01875 0.021875
1 0.59375 0.5625 0.0421875 0.059375
0 0.6 0.5453125 0.015625 0.0140625
1 0.615625 0.54375 0.04375 0.15
0 0.6140625 0.48125 0.01875 0.0234375
1 0.6546875 0.56875 0.0890625 0.253125
0 0.6671875 0.4609375 0.0265625 0.0328125
1 0.6703125 0.5796875 0.090625 0.26875
0 0.678125 0.465625 0.0328125 0.0390625
1 0.7109375 0.6453125 0.1625 0.3984375
0 0.725 0.471875 0.0453125 0.0484375
1 0.865625 0.628125 0.1125 0.3984375
0 0.8609375 0.4609375 0.0515625 0.0609375