1 0.3609375 0.6671875 0.21875 0.6578125
0 0.353125 0.3953125 0.1140625 0.109375
1 0.5765625 0.61875 0.3265625 0.7546875
0 0.5640625 0.309375 0.1203125 0.13125
1 0.6953125 0.628125 0.215625 0.5203125
0 0.6828125 0.415625 0.08125 0.0890625
1 0.9015625 0.715625 0.1890625 0.559375
0 0.9421875 0.5125 0.1046875 0.1203125
1 0.9171875 0.5984375 0.15625 0.540625
0 0.9578125 0.3765625 0.0703125 0.0796875
1 0.253125 0.453125 0.1046875 0.25625
0 0.2578125 0.346875 0.034375 0.0359375
1 0.3890625 0.4515625 0.08125 0.315625
0 0.4015625 0.325 0.0453125 0.05625
1 0.815625 0.51875 0.109375 0.375
0 0.815625 0.3671875 0.05625 0.0609375
1 0.909375 0.490625 0.109375 0.365625
0 0.9015625 0.3421875 0.05625 0.0546875