1 0.9203125 0.5328125 0.1546875 0.375
0 0.9109375 0.375 0.046875 0.05625
1 0.8046875 0.5109375 0.1328125 0.3796875
0 0.8078125 0.3515625 0.0421875 0.0546875
1 0.703125 0.503125 0.1234375 0.3703125
0 0.6984375 0.3453125 0.040625 0.0546875
1 0.853125 0.5 0.1171875 0.3546875
0 0.8703125 0.3515625 0.040625 0.05
1 0.75 0.4734375 0.1140625 0.3453125
0 0.7609375 0.328125 0.0375 0.05
1 0.6203125 0.4921875 0.10625 0.3671875
0 0.61875 0.3359375 0.0359375 0.0484375
1 0.5484375 0.515625 0.0984375 0.321875
0 0.54375 0.378125 0.034375 0.040625
1 0.4765625 0.5078125 0.075 0.321875
0 0.4859375 0.3765625 0.034375 0.046875
1 0.4109375 0.5015625 0.1 0.334375
0 0.4125 0.3578125 0.0328125 0.0453125
1 0.3359375 0.528125 0.090625 0.3015625
0 0.3390625 0.4015625 0.034375 0.046875
1 0.3390625 0.496875 0.0875 0.325
0 0.340625 0.359375 0.03125 0.0421875
1 0.25 0.5140625 0.09375 0.340625
0 0.253125 0.371875 0.0359375 0.0453125
1 0.2765625 0.496875 0.0828125 0.3171875
0 0.278125 0.3640625 0.03125 0.040625
1 0.1875 0.5109375 0.1078125 0.3453125
0 0.190625 0.365625 0.0359375 0.046875
1 0.1390625 0.4984375 0.084375 0.3359375
0 0.1421875 0.3578125 0.0359375 0.046875
1 0.065625 0.5078125 0.1015625 0.3546875
0 0.06875 0.3609375 0.0390625 0.04375