1 0.990625 0.478125 0.0140625 0.0328125
0 0.9921875 0.4671875 0.00625 0.00625
1 0.8625 0.4703125 0.0125 0.0296875
0 0.8625 0.4609375 0.0046875 0.0046875
1 0.8484375 0.471875 0.0109375 0.028125
0 0.85 0.4609375 0.00625 0.0046875
1 0.421875 0.584375 0.8375 0.5640625
0 0.553125 0.4375 0.0734375 0.090625
1 0.0125 0.5609375 0.01875 0.15625
0 0.0046875 0.4984375 0.00625 0.0171875
1 0.0859375 0.4734375 0.0109375 0.028125
0 0.0890625 0.4625 0.003125 0.0046875
1 0.034375 0.4765625 0.0109375 0.021875
0 0.0375 0.4640625 0.003125 0.003125
1 0.04375 0.4734375 0.0140625 0.025
0 0.040625 0.4640625 0.003125 0.0046875
1 0.1921875 0.471875 0.0140625 0.025
0 0.1921875 0.4609375 0.003125 0.003125
1 0.2015625 0.471875 0.0109375 0.0265625
0 0.2015625 0.4609375 0.003125 0.003125
1 0.2125 0.471875 0.0109375 0.0265625
0 0.2125 0.459375 0.003125 0.003125
1 0.2328125 0.5171875 0.0453125 0.0953125
0 0.2265625 0.48125 0.0109375 0.0125
1 0.234375 0.525 0.0421875 0.075
0 0.25 0.4984375 0.0109375 0.0171875
1 0.240625 0.5234375 0.0359375 0.0703125
0 0.2515625 0.496875 0.0109375 0.0140625
1 0.275 0.49375 0.0234375 0.075
0 0.278125 0.4609375 0.0078125 0.0109375
1 0.290625 0.50625 0.03125 0.1015625
0 0.2875 0.4609375 0.0109375 0.0109375
1 0.31875 0.5046875 0.0390625 0.1109375
0 0.321875 0.45625 0.0109375 0.0125
1 0.34375 0.49375 0.0265625 0.0859375
0 0.346875 0.4578125 0.0078125 0.009375
1 0.35625 0.5046875 0.034375 0.109375
0 0.3578125 0.4609375 0.0109375 0.015625
1 0.39375 0.546875 0.0515625 0.1875
0 0.39375 0.46875 0.01875 0.028125
1 0.43125 0.50625 0.0234375 0.08125
0 0.434375 0.478125 0.0078125 0.0078125