1 0.971875 0.4046875 0.053125 0.1890625
0 0.984375 0.3296875 0.0265625 0.0359375
1 0.971875 0.359375 0.0515625 0.1796875
0 0.9796875 0.2859375 0.028125 0.0296875
1 0.959375 0.3203125 0.071875 0.1609375
0 0.9609375 0.2578125 0.0265625 0.03125
1 0.95 0.2953125 0.0609375 0.159375
0 0.946875 0.225 0.021875 0.01875
1 0.903125 0.453125 0.071875 0.171875
0 0.890625 0.384375 0.028125 0.0375
1 0.85625 0.4421875 0.0515625 0.1390625
0 0.853125 0.3875 0.0234375 0.0296875
1 0.921875 0.396875 0.0609375 0.1640625
0 0.9171875 0.3328125 0.0234375 0.03125
1 0.8625 0.3859375 0.0671875 0.1359375
0 0.8640625 0.3328125 0.025 0.0296875
1 0.8765625 0.359375 0.0546875 0.134375
0 0.875 0.30625 0.021875 0.0265625
1 0.7953125 0.39375 0.0734375 0.1515625
0 0.7859375 0.3359375 0.025 0.0328125
1 0.74375 0.44375 0.05625 0.1625
0 0.7421875 0.3796875 0.0234375 0.0296875
1 0.7640625 0.403125 0.05625 0.153125
0 0.7609375 0.3453125 0.021875 0.0296875
1 0.88125 0.590625 0.1703125 0.3796875
0 0.9 0.4296875 0.04375 0.05625
1 0.8 0.575 0.228125 0.409375
0 0.784375 0.4046875 0.053125 0.065625
1 0.596875 0.55 0.2078125 0.4578125
0 0.596875 0.359375 0.0640625 0.0765625
1 0.4171875 0.5046875 0.3296875 0.546875
0 0.4890625 0.3171875 0.065625 0.0859375
1 0.1984375 0.5265625 0.2375 0.50625
0 0.1984375 0.2984375 0.059375 0.071875
1 0.6828125 0.65 0.1359375 0.20625
0 0.6875 0.5703125 0.0296875 0.04375
1 0.6890625 0.509375 0.075 0.16875
0 0.69375 0.4453125 0.0296875 0.0375
1 0.6859375 0.4375 0.06875 0.1640625
0 0.6828125 0.3703125 0.0265625 0.0296875
1 0.6609375 0.3953125 0.075 0.121875
0 0.6765625 0.346875 0.021875 0.025
1 0.7046875 0.403125 0.059375 0.15625
0 0.703125 0.3421875 0.025 0.0296875
1 0.8328125 0.346875 0.053125 0.1171875
0 0.83125 0.3046875 0.025 0.0296875
1 0.7625 0.3640625 0.0703125 0.15625
0 0.7609375 0.303125 0.025 0.0296875
1 0.890625 0.3328125 0.0578125 0.159375
0 0.890625 0.26875 0.0234375 0.0265625
1 0.8828125 0.3 0.0640625 0.15
0 0.89375 0.240625 0.021875 0.025
1 0.8390625 0.296875 0.0515625 0.128125
0 0.8421875 0.246875 0.021875 0.0296875
1 0.8015625 0.3125 0.053125 0.1234375
0 0.8015625 0.2671875 0.0234375 0.028125
1 0.81875 0.2953125 0.0578125 0.1578125
0 0.8140625 0.228125 0.0234375 0.025
1 0.6765625 0.3546875 0.0515625 0.13125
0 0.675 0.3046875 0.021875 0.0265625
1 0.7484375 0.3109375 0.0703125 0.1234375
0 0.7640625 0.2625 0.0203125 0.03125
1 0.7484375 0.284375 0.0734375 0.128125
0 0.7546875 0.2359375 0.021875 0.025
1 0.7125 0.284375 0.0546875 0.11875
0 0.7140625 0.2375 0.0203125 0.0265625
1 0.6640625 0.28125 0.059375 0.13125
0 0.66875 0.2328125 0.021875 0.028125
1 0.6203125 0.378125 0.065625 0.1703125
0 0.621875 0.3109375 0.0234375 0.0296875
1 0.6234375 0.309375 0.053125 0.1640625
0 0.6265625 0.24375 0.0203125 0.025
1 0.6015625 0.3484375 0.0671875 0.18125
0 0.6015625 0.275 0.0203125 0.028125
1 0.58125 0.3125 0.059375 0.1734375
0 0.58125 0.24375 0.021875 0.0296875
1 0.5515625 0.3578125 0.0578125 0.1453125
0 0.546875 0.303125 0.021875 0.03125
1 0.559375 0.3234375 0.0578125 0.14375
0 0.5546875 0.26875 0.0234375 0.028125
1 0.54375 0.45 0.0703125 0.1578125
0 0.540625 0.3890625 0.025 0.03125
1 0.53125 0.3078125 0.06875 0.15
0 0.5296875 0.2484375 0.021875 0.025
1 0.4890625 0.3140625 0.0671875 0.1640625
0 0.49375 0.2453125 0.0203125 0.0265625
1 0.4453125 0.3609375 0.053125 0.13125
0 0.44375 0.3109375 0.021875 0.0296875
1 0.4515625 0.3171875 0.06875 0.1515625
0 0.45 0.2546875 0.0203125 0.0234375
1 0.409375 0.3171875 0.0546875 0.15
0 0.4109375 0.25625 0.021875 0.025
1 0.4140625 0.3609375 0.0578125 0.1171875
0 0.4125 0.31875 0.021875 0.0265625
1 0.3765625 0.3484375 0.046875 0.0953125
0 0.3765625 0.3171875 0.0203125 0.0265625
1 0.375 0.3140625 0.053125 0.1328125
0 0.371875 0.2609375 0.01875 0.0234375
1 0.3109375 0.3109375 0.06875 0.1375
0 0.3015625 0.2578125 0.01875 0.0265625
1 0.2796875 0.3390625 0.046875 0.125
0 0.2765625 0.2921875 0.01875 0.025
1 0.2671875 0.325 0.0546875 0.1390625
0 0.2671875 0.2671875 0.0171875 0.0203125
1 0.2453125 0.371875 0.0515625 0.140625
0 0.2421875 0.3203125 0.01875 0.025
1 0.2609375 0.3921875 0.05625 0.1046875
0 0.259375 0.35625 0.0203125 0.025
1 0.2234375 0.33125 0.053125 0.109375
0 0.228125 0.2875 0.0171875 0.021875
1 0.221875 0.3140625 0.059375 0.1203125
0 0.2203125 0.265625 0.0171875 0.0203125
1 0.1234375 0.51875 0.06875 0.165625
0 0.11875 0.45625 0.025 0.0296875
1 0.0625 0.515625 0.0625 0.15
0 0.0640625 0.45625 0.0234375 0.0265625
1 0.0546875 0.4515625 0.0609375 0.13125
0 0.046875 0.4015625 0.021875 0.028125
1 0.021875 0.440625 0.04375 0.1125
0 0.0140625 0.4 0.0203125 0.028125
1 0.025 0.4046875 0.034375 0.09375
0 0.0265625 0.36875 0.0171875 0.0234375
1 0.0625 0.4046875 0.0546875 0.1171875
0 0.059375 0.3609375 0.0203125 0.0265625
1 0.11875 0.39375 0.0671875 0.1515625
0 0.1125 0.334375 0.0265625 0.03125
1 0.1578125 0.3484375 0.05625 0.140625
0 0.1546875 0.29375 0.01875 0.025
1 0.15625 0.3203125 0.0625 0.1296875
0 0.1515625 0.26875 0.01875 0.0203125
1 0.115625 0.3375 0.05 0.096875
0 0.1078125 0.3015625 0.015625 0.021875
1 0.125 0.321875 0.059375 0.125
0 0.11875 0.271875 0.01875 0.025
1 0.0875 0.365625 0.0546875 0.1015625
0 0.084375 0.3296875 0.0203125 0.028125
1 0.0546875 0.3734375 0.04375 0.1046875
0 0.053125 0.334375 0.01875 0.0234375
1 0.03125 0.3671875 0.0484375 0.1125
0 0.03125 0.321875 0.01875 0.0234375
1 0.0765625 0.33125 0.0328125 0.0890625
0 0.075 0.296875 0.0203125 0.0234375
1 0.059375 0.3359375 0.040625 0.0984375
0 0.053125 0.3 0.01875 0.025
1 0.0375 0.2890625 0.0640625 0.1109375
0 0.04375 0.246875 0.0171875 0.021875
1 0.0140625 0.2921875 0.028125 0.1015625
0 0.009375 0.253125 0.01875 0.0203125