1 0.1015625 0.7625 0.2015625 0.21875
0 0.0640625 0.7234375 0.084375 0.0796875
1 0.1953125 0.7296875 0.059375 0.1734375
0 0.203125 0.6578125 0.01875 0.0203125
1 0.2125 0.7328125 0.0578125 0.15625
0 0.203125 0.6578125 0.01875 0.021875
1 0.375 0.696875 0.0671875 0.171875
0 0.378125 0.6296875 0.0171875 0.021875
1 0.509375 0.671875 0.0484375 0.125
0 0.5078125 0.621875 0.0125 0.015625
1 0.553125 0.68125 0.046875 0.13125
0 0.55 0.628125 0.0140625 0.0171875
1 0.475 0.6 0.0546875 0.0640625
0 0.4765625 0.575 0.009375 0.0078125
1 0.465625 0.565625 0.0171875 0.040625
0 0.465625 0.5484375 0.0046875 0.0046875
1 0.4796875 0.5734375 0.0265625 0.0453125
0 0.4828125 0.559375 0.00625 0.0078125
1 0.38125 0.575 0.0140625 0.03125
0 0.38125 0.5625 0.0015625 0.0015625
1 0.5328125 0.571875 0.0125 0.0359375
0 0.5375 0.5609375 0.0046875 0.00625
1 0.5546875 0.5796875 0.0171875 0.028125
0 0.5625 0.571875 0.0046875 0.003125
1 0.584375 0.5765625 0.0140625 0.0359375
0 0.584375 0.565625 0.0046875 0.0046875
1 0.6125 0.5796875 0.0140625 0.034375
0 0.6125 0.565625 0.0046875 0.0015625
1 0.6015625 0.615625 0.0171875 0.0328125
0 0.6015625 0.6015625 0.0046875 0.0046875