1 0.8625 0.6734375 0.271875 0.3984375
0 0.846875 0.53125 0.1484375 0.1546875
1 0.8703125 0.6203125 0.2546875 0.5046875
0 0.83125 0.4328125 0.109375 0.1375
1 0.5546875 0.64375 0.3171875 0.4578125
0 0.6359375 0.484375 0.1046875 0.134375
1 0.1390625 0.5734375 0.2125 0.45
0 0.0828125 0.3921875 0.0609375 0.065625
1 0.1546875 0.4734375 0.078125 0.234375
0 0.1578125 0.3796875 0.0328125 0.0390625
1 0.2046875 0.45 0.0796875 0.209375
0 0.203125 0.3671875 0.0296875 0.034375
1 0.4015625 0.5109375 0.115625 0.3203125
0 0.396875 0.3859375 0.040625 0.05625
1 0.5703125 0.5703125 0.1375 0.4140625
0 0.5875 0.3984375 0.0484375 0.0578125
1 0.746875 0.4921875 0.0921875 0.2765625
0 0.7546875 0.3734375 0.0421875 0.0390625
1 0.9046875 0.565625 0.11875 0.440625
0 0.9125 0.3859375 0.0671875 0.0671875
1 0.425 0.44375 0.075 0.2078125
0 0.4125 0.3546875 0.025 0.0265625
1 0.9703125 0.5515625 0.0546875 0.3625
0 0.9890625 0.403125 0.0171875 0.0484375
1 0.5359375 0.4859375 0.0859375 0.2453125
0 0.54375 0.384375 0.0375 0.0421875
1 0.66875 0.4828125 0.075 0.2078125
0 0.665625 0.396875 0.028125 0.0328125
1 0.2296875 0.396875 0.0453125 0.1375
0 0.2328125 0.340625 0.0171875 0.0234375