1 0.046875 0.440625 0.0921875 0.253125
0 0.021875 0.3484375 0.0421875 0.0671875
1 0.171875 0.45625 0.18125 0.3140625
0 0.1609375 0.3328125 0.0546875 0.0578125
1 0.153125 0.5890625 0.3046875 0.4625
0 0.13125 0.425 0.10625 0.1171875
1 0.2125 0.6453125 0.4203125 0.453125
0 0.159375 0.503125 0.153125 0.1625
1 0.3421875 0.515625 0.2296875 0.40625
0 0.34375 0.3609375 0.06875 0.0890625
1 0.51875 0.4546875 0.1328125 0.4
0 0.534375 0.3046875 0.059375 0.090625
1 0.403125 0.334375 0.078125 0.121875
0 0.39375 0.2890625 0.025 0.021875
1 0.4640625 0.3453125 0.06875 0.128125
0 0.4578125 0.29375 0.01875 0.01875
1 0.8671875 0.2953125 0.034375 0.0578125
0 0.8734375 0.2765625 0.0140625 0.0171875
1 0.8765625 0.3125 0.059375 0.0828125
0 0.884375 0.278125 0.0171875 0.0140625
1 0.809375 0.30625 0.0375 0.075
0 0.8078125 0.2765625 0.0140625 0.0140625
1 0.81875 0.303125 0.04375 0.075
0 0.8234375 0.2765625 0.0171875 0.015625
1 0.7734375 0.321875 0.0515625 0.0953125
0 0.7796875 0.2828125 0.0203125 0.01875
1 0.73125 0.3078125 0.040625 0.08125
0 0.73125 0.2796875 0.0140625 0.021875
1 0.7375 0.3171875 0.05 0.0875
0 0.746875 0.2875 0.015625 0.0203125
1 0.6640625 0.31875 0.0453125 0.0859375
0 0.665625 0.2890625 0.015625 0.01875
1 0.61875 0.3609375 0.0953125 0.1421875
0 0.61875 0.3078125 0.0265625 0.034375
1 0.75625 0.3625 0.09375 0.1359375
0 0.7578125 0.3140625 0.03125 0.0375
1 0.6546875 0.4828125 0.1984375 0.3015625
0 0.68125 0.371875 0.0625 0.0796875
1 0.7578125 0.6296875 0.45 0.4859375
0 0.76875 0.4578125 0.1265625 0.1421875
1 0.85 0.578125 0.2953125 0.4453125
0 0.86875 0.4140625 0.1046875 0.10625
1 0.90625 0.3421875 0.071875 0.128125
0 0.9109375 0.29375 0.0265625 0.0234375
1 0.9328125 0.415625 0.1296875 0.23125
0 0.9359375 0.33125 0.0515625 0.05625
1 0.8265625 0.34375 0.084375 0.134375
0 0.834375 0.29375 0.025 0.034375