1 0.178125 0.525 0.0265625 0.0484375
0 0.1734375 0.50625 0.0078125 0.0078125
1 0.203125 0.53125 0.0203125 0.040625
0 0.1984375 0.515625 0.00625 0.0078125
1 0.20625 0.5234375 0.0234375 0.0546875
0 0.2078125 0.5015625 0.00625 0.0078125
1 0.225 0.525 0.0265625 0.05625
0 0.225 0.5015625 0.0078125 0.0078125
1 0.259375 0.5390625 0.0390625 0.0875
0 0.25625 0.5015625 0.009375 0.0109375
1 0.275 0.521875 0.03125 0.0546875
0 0.271875 0.5 0.009375 0.0078125
1 0.2921875 0.54375 0.0453125 0.075
0 0.290625 0.5140625 0.009375 0.0125
1 0.3 0.5234375 0.01875 0.05625
0 0.3 0.5015625 0.00625 0.0078125
1 0.3078125 0.525 0.0203125 0.0625
0 0.3125 0.5 0.00625 0.0078125
1 0.328125 0.5234375 0.0140625 0.034375
0 0.3296875 0.5109375 0.0046875 0.0046875
1 0.353125 0.5203125 0.01875 0.0375
0 0.353125 0.50625 0.00625 0.00625
1 0.3390625 0.5375 0.0171875 0.0421875
0 0.340625 0.5234375 0.00625 0.00625
1 0.3765625 0.5203125 0.025 0.053125
0 0.3765625 0.5015625 0.00625 0.009375
1 0.403125 0.5359375 0.0171875 0.0390625
0 0.4046875 0.525 0.00625 0.0078125
1 0.4265625 0.534375 0.0171875 0.0375
0 0.4265625 0.521875 0.00625 0.0078125
1 0.4546875 0.5359375 0.034375 0.078125
0 0.45625 0.5046875 0.009375 0.0109375
1 0.5296875 0.5421875 0.0296875 0.078125
0 0.53125 0.5125 0.009375 0.0109375
1 0.5359375 0.521875 0.025 0.059375
0 0.5359375 0.4984375 0.00625 0.00625
1 0.55625 0.5390625 0.0359375 0.0796875
0 0.5578125 0.5078125 0.0109375 0.0125
1 0.59375 0.515625 0.0203125 0.0484375
0 0.59375 0.496875 0.0078125 0.009375
1 0.6 0.521875 0.01875 0.0546875
0 0.596875 0.5015625 0.0078125 0.0078125
1 0.615625 0.51875 0.0203125 0.0546875
0 0.6171875 0.4984375 0.0078125 0.009375
1 0.6265625 0.534375 0.028125 0.08125
0 0.6234375 0.5015625 0.009375 0.0109375
1 0.6296875 0.53125 0.021875 0.0703125
0 0.6296875 0.5015625 0.009375 0.0109375
1 0.6453125 0.525 0.021875 0.0703125
0 0.6484375 0.496875 0.0078125 0.009375
1 0.65625 0.525 0.0203125 0.0734375
0 0.6515625 0.496875 0.0078125 0.0109375
1 0.671875 0.5328125 0.0234375 0.0828125
0 0.6734375 0.5015625 0.0078125 0.0125
1 0.6953125 0.528125 0.021875 0.0421875
0 0.6953125 0.5140625 0.00625 0.0078125
1 0.7046875 0.5296875 0.0234375 0.071875
0 0.7046875 0.5015625 0.0078125 0.0109375
1 0.7140625 0.515625 0.0203125 0.0515625
0 0.7171875 0.496875 0.00625 0.00625
1 0.7265625 0.525 0.0265625 0.0671875
0 0.7265625 0.496875 0.009375 0.009375
1 0.31875 0.6015625 0.0390625 0.115625
0 0.3203125 0.553125 0.0125 0.0109375
1 0.309375 0.61875 0.05 0.1296875
0 0.31875 0.5671875 0.015625 0.021875
1 0.3484375 0.6171875 0.0515625 0.125
0 0.34375 0.565625 0.0171875 0.021875
1 0.371875 0.6078125 0.028125 0.1
0 0.3671875 0.5671875 0.0125 0.015625
1 0.4171875 0.5984375 0.034375 0.10625
0 0.4109375 0.5546875 0.015625 0.0140625
1 0.4234375 0.5765625 0.028125 0.075
0 0.428125 0.5484375 0.0125 0.015625
1 0.465625 0.5890625 0.0359375 0.125
0 0.4640625 0.5359375 0.0140625 0.0171875
1 0.478125 0.58125 0.0390625 0.115625
0 0.4765625 0.5328125 0.0125 0.0171875
1 0.528125 0.58125 0.034375 0.1015625
0 0.5296875 0.5421875 0.0125 0.0171875
1 0.5265625 0.6234375 0.053125 0.15
0 0.5296875 0.5609375 0.015625 0.0203125
1 0.5546875 0.609375 0.0359375 0.121875
0 0.553125 0.559375 0.0140625 0.01875
1 0.5609375 0.571875 0.0265625 0.0828125
0 0.5609375 0.5375 0.0109375 0.0125
1 0.609375 0.5890625 0.03125 0.090625
0 0.6140625 0.5625 0.0125 0.0125
1 0.71875 0.5859375 0.053125 0.075
0 0.7265625 0.5609375 0.009375 0.0109375
1 0.6453125 0.6875 0.078125 0.2
0 0.6453125 0.6046875 0.0203125 0.0296875
1 0.734375 0.6859375 0.0828125 0.196875
0 0.7453125 0.6046875 0.021875 0.0296875
1 0.8 0.6828125 0.071875 0.1875
0 0.796875 0.6046875 0.03125 0.025
1 0.8265625 0.6734375 0.065625 0.1828125
0 0.83125 0.6 0.0203125 0.0265625
1 0.85625 0.653125 0.0328125 0.115625
0 0.8703125 0.6109375 0.00625 0.015625