1 0.5703125 0.5046875 0.365625 0.4265625
0 0.44375 0.3578125 0.0859375 0.09375
1 0.025 0.4046875 0.0453125 0.1265625
0 0.009375 0.35625 0.0125 0.028125
1 0.0984375 0.3953125 0.08125 0.1484375
0 0.1046875 0.3421875 0.025 0.03125
1 0.1875 0.396875 0.06875 0.1390625
0 0.1875 0.346875 0.025 0.0296875
1 0.228125 0.390625 0.0703125 0.1546875
0 0.23125 0.33125 0.0171875 0.028125
1 0.2796875 0.4015625 0.0671875 0.1328125
0 0.2765625 0.3515625 0.0265625 0.025
1 0.375 0.4 0.084375 0.134375
0 0.365625 0.353125 0.0234375 0.0359375
1 0.4015625 0.3703125 0.06875 0.1234375
0 0.4 0.3265625 0.021875 0.0265625
1 0.70625 0.365625 0.08125 0.11875
0 0.7015625 0.3203125 0.0203125 0.021875
1 0.75625 0.365625 0.06875 0.090625
0 0.7453125 0.3359375 0.0171875 0.025
1 0.8203125 0.3640625 0.0671875 0.11875
0 0.8125 0.3203125 0.021875 0.0265625
1 0.85625 0.3578125 0.0640625 0.115625
0 0.85 0.3171875 0.0171875 0.01875
1 0.9265625 0.353125 0.071875 0.1203125
0 0.921875 0.3109375 0.025 0.0296875
1 0.0171875 0.3515625 0.0296875 0.1125
0 0.00625 0.3140625 0.0078125 0.025
1 0.0484375 0.353125 0.0515625 0.0953125
0 0.05 0.321875 0.0171875 0.025
1 0.10625 0.3546875 0.06875 0.115625
0 0.0984375 0.3125 0.01875 0.021875
1 0.165625 0.359375 0.06875 0.1109375
0 0.159375 0.325 0.0296875 0.028125
1 0.228125 0.35 0.065625 0.11875
0 0.2265625 0.30625 0.0203125 0.0265625
1 0.28125 0.3640625 0.05625 0.1046875
0 0.2796875 0.328125 0.025 0.0265625
1 0.33125 0.3671875 0.0625 0.109375
0 0.3296875 0.3296875 0.021875 0.025
1 0.71875 0.3328125 0.06875 0.125
0 0.7109375 0.2875 0.0234375 0.0265625