1 0.6375 0.525 0.225 0.4875
0 0.571875 0.3421875 0.0734375 0.090625
1 0.4359375 0.5921875 0.1234375 0.375
0 0.4265625 0.44375 0.059375 0.0734375
1 0.484375 0.5828125 0.115625 0.36875
0 0.475 0.434375 0.0515625 0.0609375
1 0.14375 0.540625 0.0734375 0.1515625
0 0.1609375 0.4796875 0.0234375 0.021875
1 0.253125 0.5 0.053125 0.1421875
0 0.253125 0.4390625 0.0140625 0.015625
1 0.3359375 0.5328125 0.10625 0.30625
0 0.3359375 0.403125 0.0265625 0.0328125
1 0.5109375 0.534375 0.1265625 0.303125
0 0.5 0.40625 0.034375 0.0375