1 0.14375 0.5421875 0.2453125 0.2609375
0 0.090625 0.4421875 0.05 0.053125
1 0.18125 0.51875 0.1984375 0.2359375
0 0.1203125 0.425 0.0421875 0.0453125
1 0.2546875 0.4828125 0.125 0.225
0 0.2359375 0.4 0.034375 0.0375
1 0.3203125 0.4609375 0.0765625 0.16875
0 0.3296875 0.3953125 0.0265625 0.0296875
1 0.3625 0.484375 0.0875 0.203125
0 0.3609375 0.4078125 0.0296875 0.0375
1 0.478125 0.471875 0.1265625 0.1796875
0 0.465625 0.4109375 0.028125 0.0328125
1 0.5859375 0.484375 0.10625 0.2203125
0 0.6 0.4109375 0.0265625 0.034375
1 0.696875 0.4875 0.128125 0.2296875
0 0.7203125 0.3953125 0.0296875 0.034375
1 0.80625 0.5015625 0.15 0.2203125
0 0.815625 0.4203125 0.0359375 0.05
1 0.8609375 0.5203125 0.1609375 0.2421875
0 0.8875 0.428125 0.0453125 0.046875
1 0.875 0.590625 0.2421875 0.35625
0 0.9296875 0.45 0.0578125 0.06875