1 0.859375 0.6125 0.2765625 0.3421875
0 0.81875 0.4796875 0.053125 0.0515625
1 0.396875 0.55 0.3171875 0.3296875
0 0.4140625 0.425 0.05 0.053125
1 0.1390625 0.5375 0.24375 0.275
0 0.1109375 0.440625 0.04375 0.05625
1 0.078125 0.4375 0.06875 0.1375
0 0.078125 0.3828125 0.0171875 0.021875
1 0.3109375 0.365625 0.053125 0.0921875
0 0.31875 0.33125 0.0140625 0.015625
1 0.36875 0.3875 0.071875 0.090625
0 0.3890625 0.35625 0.0140625 0.015625
1 0.3734375 0.3578125 0.05625 0.075
0 0.3828125 0.3328125 0.0140625 0.015625
1 0.390625 0.384375 0.0578125 0.096875
0 0.4015625 0.35 0.0171875 0.01875
1 0.421875 0.390625 0.0515625 0.0859375
0 0.428125 0.3609375 0.0140625 0.015625
1 0.4390625 0.3859375 0.046875 0.09375
0 0.44375 0.3546875 0.01875 0.01875
1 0.46875 0.3875 0.0640625 0.090625
0 0.4640625 0.359375 0.015625 0.01875
1 0.49375 0.3859375 0.059375 0.0921875
0 0.509375 0.353125 0.0125 0.015625
1 0.515625 0.384375 0.0640625 0.0953125
0 0.5296875 0.35 0.015625 0.01875
1 0.540625 0.3875 0.0640625 0.0921875
0 0.553125 0.3546875 0.0171875 0.01875
1 0.5765625 0.3859375 0.059375 0.1
0 0.584375 0.35 0.0140625 0.01875
1 0.659375 0.38125 0.075 0.134375
0 0.6640625 0.3328125 0.01875 0.021875
1 0.7359375 0.38125 0.0515625 0.125
0 0.7375 0.3328125 0.0140625 0.01875
1 0.759375 0.378125 0.04375 0.140625
0 0.759375 0.3171875 0.0140625 0.01875
1 0.7984375 0.3765625 0.0484375 0.1375
0 0.8 0.3234375 0.015625 0.01875
1 0.8296875 0.38125 0.059375 0.1125
0 0.8359375 0.340625 0.0171875 0.01875
1 0.8546875 0.384375 0.0640625 0.1046875
0 0.8640625 0.3453125 0.01875 0.0203125
1 0.8953125 0.384375 0.0546875 0.1109375
0 0.8984375 0.346875 0.0171875 0.021875
1 0.928125 0.384375 0.0734375 0.1078125
0 0.9453125 0.3453125 0.0171875 0.01875
1 0.9609375 0.38125 0.071875 0.1140625
0 0.9671875 0.3421875 0.01875 0.021875
1 0.8515625 0.3671875 0.04375 0.096875
0 0.8546875 0.3296875 0.0140625 0.0171875
1 0.8828125 0.353125 0.0484375 0.096875
0 0.884375 0.3171875 0.0171875 0.01875
1 0.9140625 0.3453125 0.0453125 0.096875
0 0.915625 0.309375 0.0140625 0.01875
1 0.934375 0.35 0.0578125 0.0953125
0 0.9421875 0.3125 0.015625 0.01875
1 0.9734375 0.3546875 0.0484375 0.0921875
0 0.9765625 0.31875 0.0171875 0.01875
1 0.9203125 0.3140625 0.04375 0.0953125
0 0.9171875 0.2796875 0.015625 0.015625
1 0.9484375 0.3125 0.0546875 0.096875
0 0.95625 0.278125 0.015625 0.01875
1 0.975 0.315625 0.0453125 0.0921875
0 0.984375 0.284375 0.0171875 0.01875
1 0.95625 0.2796875 0.05625 0.0765625
0 0.959375 0.253125 0.015625 0.01875
1 0.984375 0.259375 0.025 0.084375
0 0.99375 0.2296875 0.0078125 0.0171875