1 0.0875 0.63125 0.1421875 0.4
0 0.0828125 0.465625 0.0484375 0.059375
1 0.2015625 0.6265625 0.1375 0.40625
0 0.2015625 0.459375 0.046875 0.0609375
1 0.30625 0.6171875 0.14375 0.4265625
0 0.3203125 0.4515625 0.0578125 0.075
1 0.421875 0.634375 0.1265625 0.390625
0 0.425 0.4828125 0.046875 0.0609375
1 0.490625 0.61875 0.1453125 0.421875
0 0.49375 0.4453125 0.0515625 0.065625
1 0.5125 0.615625 0.2125 0.43125
0 0.553125 0.440625 0.0625 0.075
1 0.6421875 0.625 0.1328125 0.409375
0 0.6515625 0.4640625 0.0671875 0.08125
1 0.721875 0.6234375 0.1046875 0.4125
0 0.7296875 0.459375 0.05625 0.0765625
1 0.765625 0.6296875 0.1359375 0.4015625
0 0.7625 0.4765625 0.0625 0.0828125
1 0.89375 0.60625 0.2078125 0.4484375
0 0.865625 0.434375 0.0625 0.0765625