1 0.2984375 0.934375 0.05625 0.125
0 0.3015625 0.8953125 0.0328125 0.040625
1 0.3421875 0.9296875 0.059375 0.1359375
0 0.34375 0.8859375 0.034375 0.0359375
1 0.39375 0.915625 0.0421875 0.1234375
0 0.39375 0.8671875 0.0234375 0.0234375
1 0.4515625 0.8890625 0.1609375 0.21875
0 0.4515625 0.9109375 0.0734375 0.09375
1 0.4546875 0.9015625 0.0421875 0.128125
0 0.4546875 0.853125 0.021875 0.0234375
1 0.478125 0.921875 0.0546875 0.1515625
0 0.4734375 0.8609375 0.021875 0.0296875
1 0.5375 0.915625 0.0703125 0.1640625
0 0.54375 0.85 0.025 0.0265625
1 0.571875 0.9265625 0.0609375 0.1421875
0 0.5671875 0.875 0.025 0.025
1 0.5890625 0.91875 0.065625 0.1578125
0 0.5765625 0.8546875 0.025 0.0265625
1 0.63125 0.921875 0.05625 0.1515625
0 0.6265625 0.8578125 0.0234375 0.01875
1 0.6 0.90625 0.0421875 0.14375
0 0.5984375 0.8453125 0.0171875 0.015625
1 0.646875 0.8921875 0.0640625 0.1578125
0 0.628125 0.8328125 0.01875 0.0203125
1 0.596875 0.8484375 0.0390625 0.0890625
0 0.590625 0.815625 0.0140625 0.0140625
1 0.6703125 0.89375 0.05 0.146875
0 0.6625 0.8328125 0.021875 0.0234375
1 0.65 0.8671875 0.0375 0.121875
0 0.6453125 0.815625 0.0140625 0.015625
1 0.6734375 0.8703125 0.0765625 0.1515625
0 0.659375 0.8046875 0.0171875 0.015625
1 0.684375 0.88125 0.0671875 0.134375
0 0.6671875 0.8265625 0.0171875 0.0203125
1 0.6828125 0.8578125 0.0328125 0.1078125
0 0.68125 0.8125 0.0125 0.0140625
1 0.709375 0.8671875 0.0546875 0.1265625
0 0.7015625 0.8140625 0.015625 0.0171875
1 0.7203125 0.8515625 0.0484375 0.128125
0 0.7140625 0.796875 0.0140625 0.0125
1 0.728125 0.8453125 0.0234375 0.09375
0 0.728125 0.8078125 0.009375 0.0125
1 0.7390625 0.8390625 0.01875 0.0859375
0 0.7359375 0.8 0.009375 0.009375
1 0.753125 0.84375 0.0296875 0.0953125
0 0.746875 0.8046875 0.009375 0.0109375
1 0.7640625 0.840625 0.028125 0.0859375
0 0.759375 0.80625 0.009375 0.0109375
1 0.771875 0.840625 0.0140625 0.0671875
0 0.771875 0.8140625 0.0078125 0.0078125