1 0.7390625 0.45 0.03125 0.0765625
0 0.7375 0.41875 0.0109375 0.0109375
1 0.765625 0.4765625 0.0328125 0.0734375
0 0.7640625 0.446875 0.009375 0.009375
1 0.6453125 0.4421875 0.028125 0.053125
0 0.646875 0.4234375 0.009375 0.0125
1 0.659375 0.5609375 0.084375 0.2796875
0 0.653125 0.4375 0.025 0.0296875
1 0.6890625 0.5765625 0.121875 0.3765625
0 0.6796875 0.421875 0.0484375 0.0546875
1 0.721875 0.5390625 0.0796875 0.1921875
0 0.7265625 0.45625 0.01875 0.0234375
1 0.8484375 0.5390625 0.06875 0.24375
0 0.8515625 0.4359375 0.025 0.0296875
1 0.9625 0.5015625 0.0296875 0.0859375
0 0.9625 0.4671875 0.0109375 0.0125
1 0.9484375 0.5296875 0.0390625 0.1546875
0 0.946875 0.4625 0.015625 0.0171875
1 0.9734375 0.5390625 0.0515625 0.1875
0 0.984375 0.4609375 0.0234375 0.028125
1 0.8859375 0.5875 0.1359375 0.365625
0 0.8609375 0.4359375 0.0453125 0.0609375
1 0.80625 0.6078125 0.1609375 0.5
0 0.7890625 0.4 0.0515625 0.071875
1 0.7015625 0.621875 0.1171875 0.44375
0 0.6984375 0.4453125 0.053125 0.06875
1 0.6 0.453125 0.0203125 0.053125
0 0.6 0.43125 0.00625 0.0078125
1 0.5828125 0.45 0.0203125 0.0609375
0 0.5796875 0.4296875 0.009375 0.009375
1 0.4265625 0.4546875 0.0203125 0.059375
0 0.4265625 0.43125 0.009375 0.009375
1 0.434375 0.453125 0.0203125 0.0625
0 0.434375 0.428125 0.009375 0.009375
1 0.4421875 0.4921875 0.0375 0.0890625
0 0.4390625 0.45625 0.01875 0.015625
1 0.3390625 0.446875 0.0234375 0.0578125
0 0.3390625 0.421875 0.0078125 0.0078125
1 0.2765625 0.4515625 0.0234375 0.059375
0 0.275 0.4296875 0.009375 0.0125
1 0.234375 0.496875 0.0359375 0.1109375
0 0.2359375 0.453125 0.0140625 0.01875
1 0.1890625 0.515625 0.040625 0.14375
0 0.190625 0.453125 0.015625 0.015625
1 0.175 0.525 0.046875 0.16875
0 0.171875 0.4515625 0.0203125 0.021875
1 0.14375 0.528125 0.046875 0.15625
0 0.1578125 0.4640625 0.01875 0.0234375
1 0.1015625 0.5359375 0.0515625 0.1640625
0 0.1 0.465625 0.0203125 0.021875
1 0.08125 0.5421875 0.0578125 0.2109375
0 0.0875 0.453125 0.01875 0.0234375
1 0.0484375 0.5109375 0.040625 0.1234375
0 0.0453125 0.4578125 0.0140625 0.015625
1 0.04375 0.5421875 0.0359375 0.084375
0 0.0484375 0.5046875 0.0109375 0.0125
1 0.0265625 0.5484375 0.053125 0.2859375
0 0.00625 0.421875 0.0125 0.0296875
1 0.0734375 0.5515625 0.0671875 0.2421875
0 0.075 0.4515625 0.0265625 0.0359375
1 0.2140625 0.540625 0.0703125 0.24375
0 0.2140625 0.4375 0.0296875 0.0328125
1 0.2625 0.528125 0.0734375 0.2484375
0 0.25625 0.421875 0.03125 0.0328125
1 0.2890625 0.6140625 0.1265625 0.4984375
0 0.309375 0.4046875 0.0546875 0.0734375
1 0.3859375 0.615625 0.1203125 0.459375
0 0.3828125 0.4234375 0.053125 0.06875
1 0.4734375 0.6125 0.10625 0.4609375
0 0.4796875 0.4265625 0.05 0.0625
1 0.5515625 0.6203125 0.1234375 0.4734375
0 0.5421875 0.421875 0.0515625 0.0671875
1 0.6421875 0.6046875 0.1671875 0.4765625
0 0.6203125 0.4109375 0.053125 0.071875