1 0.678125 0.6625 0.0828125 0.2515625
0 0.678125 0.55625 0.028125 0.034375
1 0.396875 0.6359375 0.05 0.1359375
0 0.40625 0.58125 0.0171875 0.0171875
1 0.3875 0.596875 0.028125 0.0703125
0 0.384375 0.5703125 0.0109375 0.0109375
1 0.321875 0.703125 0.0578125 0.1921875
0 0.3203125 0.6265625 0.025 0.028125
1 0.325 0.6421875 0.065625 0.1640625
0 0.3265625 0.578125 0.0171875 0.0234375
1 0.2421875 0.634375 0.0609375 0.1515625
0 0.2484375 0.571875 0.0203125 0.0203125
1 0.1875 0.628125 0.0640625 0.1609375
0 0.1890625 0.5640625 0.015625 0.0203125
1 0.9265625 0.6765625 0.140625 0.390625
0 0.9453125 0.5484375 0.1015625 0.0953125
1 0.5578125 0.60625 0.028125 0.075
0 0.5546875 0.5734375 0.0078125 0.0078125
1 0.53125 0.6078125 0.0203125 0.075
0 0.5296875 0.575 0.0078125 0.0078125
1 0.515625 0.6078125 0.0203125 0.078125
0 0.5203125 0.5734375 0.0078125 0.0078125
1 0.425 0.709375 0.134375 0.325
0 0.4296875 0.571875 0.034375 0.040625
1 0.4578125 0.6359375 0.0390625 0.078125
0 0.459375 0.6109375 0.0125 0.0109375
1 0.484375 0.61875 0.034375 0.0390625
0 0.4828125 0.60625 0.009375 0.009375