1 0.93125 0.6046875 0.1296875 0.3984375
0 0.928125 0.4484375 0.059375 0.075
1 0.95 0.525 0.0921875 0.46875
0 0.971875 0.3296875 0.0515625 0.06875
1 0.871875 0.4859375 0.14375 0.43125
0 0.871875 0.3015625 0.05 0.059375
1 0.8125 0.596875 0.1296875 0.3796875
0 0.809375 0.44375 0.0515625 0.0671875
1 0.78125 0.50625 0.140625 0.453125
0 0.7796875 0.3140625 0.0515625 0.05625
1 0.71875 0.6 0.115625 0.34375
0 0.721875 0.4734375 0.0515625 0.071875
1 0.6125 0.596875 0.1421875 0.36875
0 0.6109375 0.4515625 0.05625 0.071875
1 0.6875 0.484375 0.11875 0.421875
0 0.684375 0.3078125 0.04375 0.05625
1 0.59375 0.4890625 0.128125 0.434375
0 0.59375 0.30625 0.0515625 0.0609375
1 0.49375 0.60625 0.121875 0.3640625
0 0.49375 0.459375 0.0515625 0.0671875
1 0.38125 0.6078125 0.128125 0.3703125
0 0.3796875 0.4625 0.05625 0.071875
1 0.2921875 0.59375 0.121875 0.3875
0 0.29375 0.44375 0.05 0.071875
1 0.184375 0.59375 0.125 0.4015625
0 0.1875 0.4421875 0.0625 0.078125
1 0.09375 0.596875 0.184375 0.4359375
0 0.078125 0.428125 0.0671875 0.0828125
1 0.04375 0.496875 0.084375 0.4578125
0 0.021875 0.3078125 0.040625 0.0703125
1 0.1328125 0.459375 0.1390625 0.45
0 0.140625 0.2703125 0.0546875 0.0625
1 0.2515625 0.4828125 0.146875 0.44375
0 0.2546875 0.303125 0.05 0.06875
1 0.3796875 0.490625 0.1390625 0.4609375
0 0.3765625 0.2984375 0.05 0.0640625
1 0.4859375 0.4859375 0.146875 0.4609375
0 0.4828125 0.29375 0.046875 0.05625