1 0.346875 0.475 0.01875 0.0515625
0 0.346875 0.4578125 0.0046875 0.00625
1 0.365625 0.4703125 0.0234375 0.0453125
0 0.3625 0.4515625 0.0046875 0.00625
1 0.31875 0.66875 0.025 0.0609375
0 0.31875 0.64375 0.0078125 0.009375
1 0.1640625 0.8296875 0.0375 0.0796875
0 0.15625 0.7984375 0.0125 0.0125
1 0.1578125 0.896875 0.0359375 0.0890625
0 0.1578125 0.8609375 0.009375 0.0109375
1 0.290625 0.8234375 0.03125 0.084375
0 0.2921875 0.7890625 0.009375 0.0109375
1 0.3 0.809375 0.028125 0.078125
0 0.3015625 0.7796875 0.009375 0.0109375
1 0.4796875 0.775 0.034375 0.0859375
0 0.4828125 0.7390625 0.009375 0.0109375
1 0.5171875 0.7609375 0.028125 0.078125
0 0.5171875 0.7296875 0.0078125 0.009375
1 0.5296875 0.7046875 0.03125 0.0640625
0 0.5296875 0.678125 0.0078125 0.0078125
1 0.5796875 0.6609375 0.0234375 0.059375
0 0.5796875 0.6375 0.0046875 0.00625
1 0.584375 0.765625 0.0296875 0.075
0 0.5859375 0.7375 0.009375 0.0109375
1 0.61875 0.7640625 0.0296875 0.0703125
0 0.6234375 0.7375 0.0078125 0.0078125
1 0.6140625 0.7328125 0.03125 0.0671875
0 0.6109375 0.70625 0.0078125 0.0109375
1 0.5984375 0.9390625 0.0359375 0.0984375
0 0.6015625 0.903125 0.0109375 0.0125
1 0.7171875 0.9359375 0.0375 0.1015625
0 0.7203125 0.8953125 0.0140625 0.0171875
1 0.7625 0.640625 0.028125 0.0609375
0 0.7640625 0.6171875 0.00625 0.0078125
1 0.79375 0.6625 0.0234375 0.0609375
0 0.79375 0.6375 0.0046875 0.00625
1 0.8625 0.671875 0.0140625 0.0578125
0 0.8671875 0.65 0.0078125 0.0078125
1 0.85625 0.821875 0.0265625 0.0515625
0 0.85625 0.8046875 0.009375 0.0109375
1 0.78125 0.8859375 0.0265625 0.078125
0 0.784375 0.85625 0.0125 0.0125
1 0.771875 0.865625 0.0390625 0.0875
0 0.778125 0.8296875 0.0109375 0.0140625
1 0.746875 0.865625 0.0296875 0.0703125
0 0.75 0.8375 0.0109375 0.0125
1 0.7375 0.8265625 0.0390625 0.078125
0 0.7421875 0.7953125 0.009375 0.0125
1 0.6265625 0.5421875 0.0140625 0.040625
0 0.6265625 0.525 0.0046875 0.0046875
1 0.609375 0.525 0.0171875 0.0375
0 0.6125 0.5109375 0.0046875 0.0046875
1 0.6015625 0.55 0.0140625 0.0421875
0 0.6015625 0.5328125 0.0046875 0.0046875
1 0.5625 0.571875 0.021875 0.040625
0 0.559375 0.55625 0.0046875 0.0078125
1 0.5453125 0.5734375 0.0171875 0.04375
0 0.5453125 0.55625 0.0046875 0.0046875
1 0.528125 0.5875 0.0203125 0.0375
0 0.53125 0.571875 0.0046875 0.0046875
1 0.515625 0.5515625 0.0171875 0.0359375
0 0.5171875 0.5375 0.0046875 0.0046875
1 0.5 0.553125 0.0125 0.03125
0 0.5 0.5421875 0.0015625 0.0046875
1 0.4953125 0.55 0.0109375 0.03125
0 0.49375 0.540625 0.0015625 0.0046875
1 0.46875 0.5625 0.0140625 0.034375
0 0.46875 0.5484375 0.0046875 0.0046875
1 0.459375 0.565625 0.0140625 0.03125
0 0.459375 0.5515625 0.0015625 0.003125
1 0.4546875 0.5671875 0.0140625 0.034375
0 0.4546875 0.5546875 0.0015625 0.003125
1 0.446875 0.5640625 0.0125 0.0375
0 0.446875 0.55 0.0046875 0.0046875
1 0.453125 0.5234375 0.0125 0.03125
0 0.4546875 0.5109375 0.0046875 0.0046875
1 0.4515625 0.515625 0.0125 0.025
0 0.453125 0.5046875 0.0046875 0.0046875
1 0.4609375 0.5140625 0.0125 0.028125
0 0.4609375 0.503125 0.0046875 0.0046875
1 0.625 0.5203125 0.0125 0.0203125
0 0.6265625 0.515625 0.0015625 0.003125