1 0.0234375 0.80625 0.0421875 0.046875
0 0.021875 0.79375 0.0140625 0.0140625
1 0.0671875 0.7609375 0.0328125 0.0859375
0 0.0609375 0.7265625 0.0109375 0.0125
1 0.0375 0.6875 0.034375 0.053125
0 0.034375 0.66875 0.0078125 0.009375
1 0.0984375 0.6421875 0.021875 0.0375
0 0.0984375 0.6296875 0.00625 0.0078125
1 0.134375 0.6125 0.025 0.04375
0 0.1359375 0.596875 0.00625 0.0078125
1 0.234375 0.6140625 0.0234375 0.0421875
0 0.2328125 0.596875 0.0046875 0.00625
1 0.4484375 0.575 0.0140625 0.0421875
0 0.446875 0.5578125 0.00625 0.00625
1 0.4640625 0.5703125 0.0140625 0.0421875
0 0.4640625 0.553125 0.0046875 0.0046875
1 0.478125 0.5625 0.0171875 0.0421875
0 0.4765625 0.546875 0.00625 0.00625
1 0.4890625 0.590625 0.0171875 0.0390625
0 0.490625 0.575 0.0046875 0.00625
1 0.5203125 0.64375 0.01875 0.05
0 0.521875 0.6265625 0.00625 0.0078125
1 0.48125 0.7625 0.034375 0.0859375
0 0.484375 0.728125 0.00625 0.0125
1 0.5125 0.734375 0.021875 0.06875
0 0.5140625 0.709375 0.009375 0.0109375
1 0.5625 0.803125 0.06875 0.053125
0 0.5703125 0.7890625 0.0109375 0.015625
1 0.578125 0.8109375 0.034375 0.0375
0 0.58125 0.8109375 0.0109375 0.0140625
1 0.625 0.778125 0.0640625 0.090625
0 0.6265625 0.7453125 0.009375 0.0140625
1 0.6546875 0.7859375 0.0359375 0.0875
0 0.6546875 0.753125 0.0125 0.0125
1 0.1171875 0.4015625 0.01875 0.0390625
0 0.11875 0.3859375 0.00625 0.0046875
1 0.7546875 0.409375 0.0140625 0.040625
0 0.75625 0.39375 0.0046875 0.00625
1 0.76875 0.4796875 0.009375 0.0328125
0 0.76875 0.46875 0.003125 0.0046875
1 0.809375 0.56875 0.0125 0.0359375
0 0.809375 0.55625 0.0046875 0.00625
1 0.8140625 0.55625 0.0125 0.034375
0 0.8140625 0.5421875 0.00625 0.00625
1 0.821875 0.565625 0.0109375 0.0359375
0 0.8234375 0.553125 0.0046875 0.0046875
1 0.83125 0.571875 0.0125 0.0375
0 0.83125 0.5578125 0.00625 0.00625
1 0.8421875 0.571875 0.0125 0.03125
0 0.84375 0.5609375 0.003125 0.00625
1 0.8421875 0.56875 0.015625 0.0390625
0 0.84375 0.553125 0.0046875 0.00625
1 0.8765625 0.584375 0.0140625 0.040625
0 0.8765625 0.56875 0.00625 0.00625
1 0.8875 0.5703125 0.0140625 0.0375
0 0.8875 0.55625 0.00625 0.0046875
1 0.8953125 0.584375 0.01875 0.04375
0 0.8953125 0.565625 0.0046875 0.00625
1 0.90625 0.5796875 0.0125 0.040625
0 0.90625 0.5640625 0.0046875 0.0046875
1 0.9015625 0.575 0.0109375 0.0375
0 0.903125 0.5609375 0.00625 0.00625