1 0.025 0.7484375 0.046875 0.2015625
0 0.015625 0.6625 0.0296875 0.0296875
1 0.0625 0.7515625 0.0640625 0.196875
0 0.059375 0.6671875 0.0296875 0.0265625
1 0.1 0.7484375 0.0359375 0.1078125
0 0.1 0.70625 0.0140625 0.01875
1 0.13125 0.7421875 0.0484375 0.1171875
0 0.128125 0.6984375 0.0171875 0.0203125
1 0.090625 0.69375 0.0265625 0.0578125
0 0.0890625 0.6703125 0.00625 0.009375
1 0.125 0.6921875 0.0203125 0.0453125
0 0.125 0.675 0.00625 0.0078125
1 0.153125 0.6953125 0.0265625 0.0703125
0 0.153125 0.665625 0.0078125 0.0078125
1 0.1796875 0.7125 0.0265625 0.0640625
0 0.175 0.6875 0.0125 0.009375
1 0.184375 0.6859375 0.0171875 0.046875
0 0.184375 0.6671875 0.00625 0.0078125
1 0.209375 0.6921875 0.015625 0.05625
0 0.2109375 0.66875 0.00625 0.0078125
1 0.21875 0.6890625 0.0140625 0.0515625
0 0.2203125 0.66875 0.0046875 0.0046875
1 0.2265625 0.7046875 0.0265625 0.065625
0 0.2296875 0.678125 0.009375 0.009375
1 0.2328125 0.68125 0.01875 0.0453125
0 0.2328125 0.6625 0.00625 0.00625
1 0.2375 0.69375 0.015625 0.0515625
0 0.2375 0.6734375 0.00625 0.00625
1 0.24375 0.6875 0.0125 0.0453125
0 0.24375 0.66875 0.00625 0.00625
1 0.246875 0.721875 0.0296875 0.075
0 0.246875 0.690625 0.0078125 0.009375
1 0.2515625 0.709375 0.034375 0.08125
0 0.253125 0.6765625 0.009375 0.0125
1 0.2671875 0.6890625 0.01875 0.0515625
0 0.26875 0.66875 0.00625 0.0078125
1 0.2796875 0.7296875 0.034375 0.10625
0 0.2796875 0.68125 0.009375 0.0109375
1 0.31875 0.6796875 0.01875 0.05625
0 0.3203125 0.65625 0.0046875 0.00625
1 0.3203125 0.696875 0.01875 0.065625
0 0.321875 0.6703125 0.0078125 0.009375
1 0.328125 0.690625 0.0171875 0.05625
0 0.328125 0.66875 0.00625 0.0078125
1 0.334375 0.6859375 0.0171875 0.0484375
0 0.3328125 0.665625 0.0046875 0.00625
1 0.3609375 0.7 0.025 0.065625
0 0.359375 0.6734375 0.00625 0.0078125
1 0.3796875 0.7078125 0.01875 0.046875
0 0.378125 0.690625 0.00625 0.00625
1 0.4 0.6859375 0.0234375 0.0578125
0 0.4015625 0.6609375 0.00625 0.0078125
1 0.43125 0.6828125 0.0203125 0.053125
0 0.4328125 0.6609375 0.0046875 0.0046875
1 0.371875 0.6453125 0.0078125 0.0265625
0 0.3734375 0.634375 0.0046875 0.0046875
1 0.3796875 0.6453125 0.009375 0.028125
0 0.378125 0.634375 0.003125 0.003125
1 0.4140625 0.640625 0.0234375 0.0453125
0 0.4140625 0.621875 0.00625 0.0046875
1 0.440625 0.6421875 0.0140625 0.0453125
0 0.440625 0.6234375 0.0046875 0.0046875
1 0.534375 0.6421875 0.0140625 0.03125
0 0.534375 0.6296875 0.0046875 0.0046875
1 0.55 0.6421875 0.0109375 0.0390625
0 0.5515625 0.625 0.0046875 0.003125
1 0.6296875 0.6375 0.0140625 0.0421875
0 0.628125 0.6203125 0.0046875 0.0046875
1 0.640625 0.634375 0.021875 0.0359375
0 0.6390625 0.621875 0.00625 0.00625
1 0.6203125 0.6859375 0.0203125 0.059375
0 0.621875 0.6625 0.00625 0.0078125
1 0.6390625 0.6859375 0.0140625 0.0609375
0 0.6390625 0.6609375 0.00625 0.0078125
1 0.8390625 0.6296875 0.0125 0.040625
0 0.8375 0.6125 0.0046875 0.0046875