1 0.1125 0.646875 0.053125 0.14375
0 0.1015625 0.584375 0.0171875 0.01875
1 0.115625 0.64375 0.0375 0.125
0 0.1125 0.590625 0.0140625 0.01875
1 0.359375 0.634375 0.0328125 0.1078125
0 0.3546875 0.5875 0.0140625 0.0140625
1 0.4859375 0.6359375 0.0375 0.11875
0 0.4890625 0.58125 0.0078125 0.0078125
1 0.4140625 0.6390625 0.0421875 0.11875
0 0.425 0.5984375 0.009375 0.0109375
1 0.565625 0.6875 0.225 0.3703125
0 0.5609375 0.621875 0.0890625 0.1078125
1 0.7203125 0.721875 0.196875 0.3015625
0 0.678125 0.60625 0.05 0.05625
1 0.790625 0.6265625 0.0359375 0.0609375
0 0.7859375 0.6015625 0.0078125 0.009375
1 0.9171875 0.6078125 0.0203125 0.065625
0 0.9171875 0.578125 0.0078125 0.0078125