1 0.1984375 0.5796875 0.221875 0.3640625
0 0.2234375 0.425 0.04375 0.0515625
1 0.3015625 0.5359375 0.08125 0.221875
0 0.3015625 0.446875 0.028125 0.0390625
1 0.3953125 0.4890625 0.08125 0.1984375
0 0.40625 0.409375 0.0234375 0.0328125
1 0.390625 0.5453125 0.1046875 0.21875
0 0.4078125 0.45625 0.028125 0.040625
1 0.4953125 0.490625 0.0796875 0.171875
0 0.509375 0.421875 0.0234375 0.0296875
1 0.5796875 0.5 0.0875 0.18125
0 0.596875 0.428125 0.0296875 0.034375
1 0.53125 0.4484375 0.059375 0.140625
0 0.5328125 0.3921875 0.021875 0.028125
1 0.6453125 0.51875 0.0921875 0.1890625
0 0.6609375 0.44375 0.0296875 0.034375
1 0.7046875 0.478125 0.1 0.175
0 0.6875 0.4078125 0.0203125 0.028125
1 0.7953125 0.4921875 0.0609375 0.1484375
0 0.8015625 0.434375 0.0234375 0.03125
1 0.89375 0.5125 0.0921875 0.1734375
0 0.91875 0.4453125 0.034375 0.0359375
1 0.9515625 0.5421875 0.0921875 0.175
0 0.984375 0.4765625 0.0296875 0.0375
1 0.8859375 0.671875 0.196875 0.284375
0 0.9328125 0.5640625 0.0546875 0.0578125
1 0.79375 0.5953125 0.1703125 0.2296875
0 0.8421875 0.5046875 0.04375 0.04375
1 0.7328125 0.55 0.096875 0.209375
0 0.75 0.465625 0.0296875 0.0390625
1 0.575 0.603125 0.1484375 0.25
0 0.5984375 0.5078125 0.0421875 0.0546875
1 0.559375 0.678125 0.13125 0.2609375
0 0.578125 0.5765625 0.053125 0.0546875
1 0.4828125 0.55625 0.1234375 0.2265625
0 0.5046875 0.4796875 0.0296875 0.040625