1 0.04375 0.6 0.0859375 0.2953125
0 0.0484375 0.478125 0.0421875 0.034375
1 0.45625 0.575 0.0421875 0.1796875
0 0.459375 0.5 0.021875 0.0234375
1 0.41875 0.56875 0.0453125 0.18125
0 0.41875 0.490625 0.0234375 0.025
1 0.4328125 0.5609375 0.034375 0.165625
0 0.4359375 0.4921875 0.01875 0.021875
1 0.465625 0.565625 0.0375 0.1625
0 0.471875 0.4984375 0.01875 0.021875
1 0.4703125 0.5546875 0.0359375 0.159375
0 0.4703125 0.4859375 0.0171875 0.0171875
1 0.5015625 0.5609375 0.0421875 0.15
0 0.5015625 0.496875 0.0171875 0.0203125
1 0.4984375 0.5546875 0.0421875 0.1484375
0 0.5015625 0.4921875 0.0140625 0.01875
1 0.534375 0.5578125 0.0375 0.1421875
0 0.534375 0.496875 0.015625 0.0171875
1 0.5359375 0.546875 0.0421875 0.1515625
0 0.5375 0.48125 0.015625 0.0203125
1 0.5671875 0.55625 0.0421875 0.1390625
0 0.56875 0.4984375 0.0140625 0.0171875
1 0.5734375 0.546875 0.04375 0.1390625
0 0.571875 0.4875 0.0140625 0.01875
1 0.6015625 0.5546875 0.0390625 0.1328125
0 0.6015625 0.4984375 0.015625 0.0171875
1 0.603125 0.5453125 0.0390625 0.1390625
0 0.6078125 0.4859375 0.0140625 0.0203125
1 0.6390625 0.55625 0.040625 0.13125
0 0.6390625 0.5015625 0.0140625 0.0171875
1 0.64375 0.5515625 0.0328125 0.128125
0 0.646875 0.496875 0.0125 0.0171875
1 0.678125 0.5546875 0.0515625 0.134375
0 0.675 0.4984375 0.015625 0.0203125
1 0.684375 0.54375 0.0421875 0.140625
0 0.6828125 0.4859375 0.0140625 0.01875
1 0.78125 0.609375 0.10625 0.2421875
0 0.7828125 0.5046875 0.0390625 0.028125
1 0.9484375 0.5453125 0.0796875 0.171875
0 0.94375 0.475 0.021875 0.021875