1 0.9296875 0.646875 0.0390625 0.1125
0 0.925 0.6 0.0140625 0.0171875
1 0.8734375 0.65 0.05625 0.1
0 0.859375 0.60625 0.0109375 0.0109375
1 0.8140625 0.6484375 0.0390625 0.0796875
0 0.8109375 0.615625 0.0125 0.0125
1 0.746875 0.66875 0.0484375 0.1546875
0 0.7453125 0.603125 0.021875 0.021875
1 0.5859375 0.6671875 0.065625 0.115625
0 0.5921875 0.61875 0.0140625 0.015625
1 0.390625 0.6671875 0.0578125 0.1765625
0 0.3953125 0.59375 0.021875 0.025
1 0.3109375 0.6609375 0.0375 0.11875
0 0.3109375 0.6125 0.0140625 0.015625
1 0.290625 0.690625 0.0609375 0.184375
0 0.2875 0.615625 0.0203125 0.021875
1 0.2 0.6546875 0.0390625 0.09375
0 0.2015625 0.615625 0.0140625 0.009375
1 0.1796875 0.6453125 0.0375 0.0890625
0 0.1796875 0.6078125 0.009375 0.0109375
1 0.11875 0.6390625 0.028125 0.059375
0 0.1203125 0.615625 0.009375 0.009375
1 0.09375 0.6375 0.0265625 0.084375
0 0.0984375 0.603125 0.0109375 0.0109375
1 0.0203125 0.678125 0.040625 0.2265625
0 0.00625 0.590625 0.009375 0.0265625