1 0.0984375 0.5078125 0.165625 0.35
0 0.1125 0.3625 0.05 0.0515625
1 0.25 0.496875 0.1125 0.3328125
0 0.2546875 0.3578125 0.0375 0.046875
1 0.371875 0.490625 0.11875 0.31875
0 0.3625 0.35625 0.034375 0.0421875
1 0.2046875 0.55 0.1953125 0.3265625
0 0.2015625 0.4234375 0.046875 0.0625
1 0.3328125 0.553125 0.1421875 0.2671875
0 0.3140625 0.45 0.0390625 0.0546875
1 0.4234375 0.5375 0.1546875 0.296875
0 0.3984375 0.4203125 0.04375 0.0484375
1 0.5046875 0.5296875 0.1328125 0.284375
0 0.4796875 0.4109375 0.0390625 0.0453125
1 0.5828125 0.4765625 0.171875 0.45
0 0.584375 0.2875 0.05 0.0609375
1 0.728125 0.4671875 0.1734375 0.440625
0 0.7109375 0.2828125 0.05 0.06875
1 0.8921875 0.5046875 0.2078125 0.421875
0 0.86875 0.3296875 0.05625 0.0609375