1 0.546875 0.4796875 0.3703125 0.5765625
0 0.4796875 0.2546875 0.0828125 0.096875
1 0.696875 0.359375 0.1609375 0.2890625
0 0.6875 0.253125 0.0390625 0.0578125
1 0.5421875 0.35625 0.15 0.3171875
0 0.5375 0.2390625 0.0515625 0.0609375
1 0.421875 0.36875 0.1234375 0.290625
0 0.434375 0.2546875 0.0453125 0.053125
1 0.3046875 0.3671875 0.134375 0.2890625
0 0.309375 0.259375 0.0359375 0.0484375
1 0.1796875 0.36875 0.1265625 0.278125
0 0.1890625 0.2640625 0.0359375 0.0515625
1 0.0765625 0.3625 0.1296875 0.2625
0 0.0828125 0.265625 0.04375 0.0546875
1 0.5171875 0.340625 0.13125 0.3453125
0 0.5140625 0.18125 0.040625 0.028125