1 0.1265625 0.55625 0.13125 0.4453125
0 0.146875 0.3765625 0.05 0.0625
1 0.2296875 0.571875 0.128125 0.4125
0 0.2375 0.4 0.04375 0.053125
1 0.3234375 0.5640625 0.1203125 0.4296875
0 0.3140625 0.3796875 0.0453125 0.059375
1 0.3734375 0.5875 0.1171875 0.384375
0 0.390625 0.4296875 0.0421875 0.05625
1 0.4796875 0.571875 0.1296875 0.4125
0 0.46875 0.4 0.0421875 0.05625
1 0.5484375 0.56875 0.109375 0.41875
0 0.5515625 0.39375 0.0421875 0.059375
1 0.6203125 0.5734375 0.1109375 0.40625
0 0.6125 0.40625 0.0421875 0.0609375
1 0.6796875 0.5640625 0.1265625 0.409375
0 0.68125 0.3953125 0.0421875 0.059375
1 0.7796875 0.5859375 0.1203125 0.3796875
0 0.7671875 0.428125 0.0421875 0.05625
1 0.875 0.56875 0.1421875 0.4203125
0 0.8578125 0.396875 0.0484375 0.05625
1 0.878125 0.43125 0.115625 0.359375
0 0.8703125 0.2890625 0.0390625 0.05
1 0.7796875 0.4390625 0.109375 0.340625
0 0.7984375 0.3046875 0.0390625 0.0484375
1 0.6671875 0.434375 0.1234375 0.35
0 0.6484375 0.2921875 0.0375 0.05
1 0.5953125 0.425 0.1046875 0.3265625
0 0.5859375 0.2875 0.0375 0.05
1 0.5453125 0.446875 0.1203125 0.315625
0 0.534375 0.3171875 0.0390625 0.053125
1 0.4984375 0.4078125 0.121875 0.2875
0 0.4796875 0.290625 0.0421875 0.05
1 0.41875 0.3953125 0.10625 0.3265625
0 0.41875 0.2625 0.040625 0.0484375
1 0.371875 0.4265625 0.125 0.30625
0 0.38125 0.30625 0.0421875 0.0546875
1 0.3140625 0.40625 0.115625 0.3265625
0 0.321875 0.275 0.040625 0.05
1 0.2140625 0.4 0.1296875 0.34375
0 0.225 0.2609375 0.0390625 0.046875