1 0.803125 0.6640625 0.3859375 0.33125
0 0.8171875 0.690625 0.146875 0.15625
1 0.75 0.4953125 0.090625 0.2265625
0 0.75 0.4046875 0.028125 0.040625
1 0.790625 0.4828125 0.1 0.21875
0 0.796875 0.39375 0.0296875 0.034375
1 0.8890625 0.4859375 0.090625 0.1796875
0 0.8828125 0.4109375 0.025 0.0328125
1 0.89375 0.4796875 0.059375 0.096875
0 0.8890625 0.4484375 0.0203125 0.0265625
1 0.9578125 0.478125 0.0765625 0.140625
0 0.9578125 0.425 0.025 0.0296875
1 0.9734375 0.4875 0.05 0.1234375
0 0.9796875 0.440625 0.01875 0.025
1 0.975 0.41875 0.0453125 0.134375
0 0.9875 0.36875 0.0203125 0.028125
1 0.95 0.4234375 0.0609375 0.1453125
0 0.9546875 0.365625 0.0203125 0.0265625
1 0.9078125 0.4328125 0.0609375 0.1328125
0 0.9109375 0.38125 0.0203125 0.0265625
1 0.8671875 0.434375 0.0703125 0.1625
0 0.875 0.36875 0.0234375 0.0296875
1 0.91875 0.4078125 0.0515625 0.134375
0 0.921875 0.3546875 0.021875 0.0265625
1 0.8359375 0.4 0.05 0.1234375
0 0.8265625 0.3515625 0.01875 0.021875
1 0.8796875 0.390625 0.0609375 0.1359375
0 0.871875 0.3328125 0.01875 0.01875
1 0.9609375 0.3796875 0.040625 0.09375
0 0.96875 0.3484375 0.0203125 0.0234375
1 0.503125 0.5015625 0.1015625 0.2671875
0 0.496875 0.3890625 0.03125 0.040625
1 0.275 0.553125 0.071875 0.1140625
0 0.271875 0.5296875 0.0234375 0.0328125
1 0.159375 0.5640625 0.11875 0.165625
0 0.15 0.509375 0.0328125 0.034375
1 0.0453125 0.5484375 0.0875 0.19375
0 0.0375 0.475 0.0328125 0.040625
1 0.01875 0.4671875 0.0359375 0.1703125
0 0.009375 0.4 0.015625 0.0296875
1 0.0625 0.4671875 0.0703125 0.165625
0 0.0609375 0.4046875 0.0265625 0.034375
1 0.125 0.4640625 0.065625 0.178125
0 0.1265625 0.39375 0.03125 0.0328125
1 0.1859375 0.48125 0.05 0.1234375
0 0.1796875 0.434375 0.021875 0.025
1 0.215625 0.4625 0.05625 0.1734375
0 0.221875 0.3921875 0.0234375 0.03125
1 0.246875 0.471875 0.071875 0.1921875
0 0.246875 0.396875 0.0296875 0.034375
1 0.26875 0.4546875 0.0546875 0.16875
0 0.271875 0.3859375 0.021875 0.0265625
1 0.309375 0.4765625 0.0609375 0.2046875
0 0.3046875 0.3890625 0.025 0.0265625
1 0.159375 0.446875 0.065625 0.178125
0 0.159375 0.3796875 0.0203125 0.0296875
1 0.0484375 0.4375 0.0609375 0.171875
0 0.040625 0.36875 0.025 0.03125
1 0.1390625 0.4453125 0.0765625 0.1765625
0 0.13125 0.384375 0.0296875 0.034375
1 0.2109375 0.396875 0.040625 0.1109375
0 0.209375 0.3546875 0.015625 0.01875