1 0.334375 0.565625 0.096875 0.2625
0 0.325 0.459375 0.028125 0.0359375
1 0.23125 0.5796875 0.1296875 0.3296875
0 0.240625 0.4453125 0.0265625 0.0296875
1 0.578125 0.4796875 0.0109375 0.025
0 0.58125 0.471875 0.0046875 0.0046875
1 0.60625 0.4796875 0.009375 0.0234375
0 0.60625 0.471875 0.003125 0.003125
1 0.665625 0.6125 0.103125 0.346875
0 0.671875 0.4734375 0.040625 0.0421875
1 0.6796875 0.5921875 0.1015625 0.3328125
0 0.6609375 0.4546875 0.0421875 0.0484375
1 0.775 0.6359375 0.1328125 0.4140625
0 0.765625 0.4671875 0.0609375 0.059375
1 0.8734375 0.621875 0.246875 0.4859375
0 0.8421875 0.4296875 0.1109375 0.0921875
1 0.9140625 0.615625 0.1625 0.475
0 0.915625 0.41875 0.05 0.065625