1 0.225 0.6859375 0.0734375 0.1953125
0 0.2265625 0.6078125 0.034375 0.0359375
1 0.3046875 0.709375 0.084375 0.25625
0 0.29375 0.603125 0.0296875 0.0359375
1 0.3828125 0.74375 0.1171875 0.3125
0 0.384375 0.6203125 0.05 0.0625
1 0.4421875 0.775 0.2328125 0.4453125
0 0.453125 0.5859375 0.0546875 0.0609375
1 0.309375 0.8453125 0.24375 0.303125
0 0.321875 0.7671875 0.075 0.0765625
1 0.540625 0.7625 0.2671875 0.46875
0 0.5296875 0.73125 0.0734375 0.090625
1 0.69375 0.8109375 0.2296875 0.3734375
0 0.6671875 0.771875 0.1125 0.1140625
1 0.665625 0.7171875 0.1125 0.30625
0 0.6546875 0.5953125 0.0375 0.0453125
1 0.73125 0.71875 0.0921875 0.2921875
0 0.7265625 0.6046875 0.0375 0.04375
1 0.7484375 0.7125 0.11875 0.325
0 0.765625 0.58125 0.040625 0.05
1 0.7609375 0.7859375 0.0953125 0.390625
0 0.790625 0.621875 0.0359375 0.0546875
1 0.65 0.6703125 0.090625 0.2203125
0 0.6609375 0.5984375 0.03125 0.040625
1 0.6171875 0.809375 0.1484375 0.375
0 0.5859375 0.6609375 0.0625 0.071875