1 0.9265625 0.5203125 0.140625 0.5265625
0 0.9453125 0.296875 0.05625 0.071875
1 0.9 0.5421875 0.165625 0.5875
0 0.896875 0.296875 0.0703125 0.09375
1 0.8109375 0.5125 0.15 0.5609375
0 0.8125 0.2875 0.05625 0.075
1 0.76875 0.5359375 0.15625 0.5234375
0 0.759375 0.3234375 0.0671875 0.0859375
1 0.721875 0.5015625 0.1328125 0.528125
0 0.7171875 0.278125 0.0609375 0.071875
1 0.58125 0.48125 0.2203125 0.5046875
0 0.6015625 0.275 0.0609375 0.075
1 0.6828125 0.625 0.265625 0.365625
0 0.615625 0.4890625 0.0703125 0.0828125
1 0.7078125 0.684375 0.2515625 0.3328125
0 0.746875 0.571875 0.0703125 0.0875
1 0.5375 0.5125 0.1609375 0.5265625
0 0.534375 0.2921875 0.05625 0.075
1 0.4546875 0.625 0.2171875 0.390625
0 0.446875 0.478125 0.065625 0.0875
1 0.4296875 0.484375 0.1515625 0.49375
0 0.4359375 0.278125 0.05625 0.071875
1 0.371875 0.584375 0.1796875 0.3609375
0 0.365625 0.4484375 0.05625 0.071875
1 0.296875 0.621875 0.228125 0.365625
0 0.2828125 0.4875 0.0609375 0.0875
1 0.321875 0.48125 0.175 0.5234375
0 0.3109375 0.2640625 0.0609375 0.0765625
1 0.16875 0.4875 0.1828125 0.5609375
0 0.1765625 0.2578125 0.065625 0.0828125
1 0.1 0.515625 0.18125 0.5609375
0 0.096875 0.2796875 0.065625 0.0765625