1 0.2203125 0.690625 0.0171875 0.059375
0 0.2171875 0.6671875 0.00625 0.009375
1 0.2015625 0.7140625 0.03125 0.065625
0 0.2046875 0.6890625 0.0125 0.0140625
1 0.2265625 0.7109375 0.034375 0.075
0 0.2203125 0.684375 0.0140625 0.0171875
1 0.2390625 0.690625 0.021875 0.03125
0 0.240625 0.6796875 0.00625 0.00625
1 0.2890625 0.7109375 0.0234375 0.04375
0 0.2890625 0.6953125 0.009375 0.0109375
1 0.35 0.665625 0.0234375 0.05625
0 0.3515625 0.6421875 0.0078125 0.009375
1 0.3359375 0.675 0.025 0.03125
0 0.3375 0.6640625 0.00625 0.00625
1 0.3875 0.6375 0.0140625 0.04375
0 0.384375 0.61875 0.0046875 0.00625
1 0.43125 0.6375 0.01875 0.0265625
0 0.43125 0.628125 0.00625 0.00625
1 0.4046875 0.7140625 0.040625 0.065625
0 0.3984375 0.690625 0.0140625 0.0140625
1 0.43125 0.6640625 0.025 0.0328125
0 0.434375 0.6515625 0.00625 0.00625
1 0.4484375 0.659375 0.0171875 0.0328125
0 0.446875 0.65 0.00625 0.0078125
1 0.45 0.653125 0.015625 0.025
0 0.45 0.64375 0.00625 0.00625
1 0.4625 0.6640625 0.0171875 0.03125
0 0.4640625 0.653125 0.00625 0.0078125
1 0.4328125 0.721875 0.025 0.0515625
0 0.4328125 0.7 0.0078125 0.0078125
1 0.4421875 0.7125 0.0328125 0.0703125
0 0.446875 0.684375 0.009375 0.009375
1 0.465625 0.709375 0.0265625 0.04375
0 0.4625 0.6921875 0.00625 0.009375
1 0.4828125 0.703125 0.0234375 0.0390625
0 0.4828125 0.6890625 0.009375 0.009375
1 0.5171875 0.6734375 0.0265625 0.034375
0 0.515625 0.6625 0.00625 0.009375
1 0.5265625 0.65625 0.015625 0.053125
0 0.5265625 0.634375 0.0046875 0.00625
1 0.53125 0.6453125 0.0140625 0.0296875
0 0.53125 0.634375 0.00625 0.00625
1 0.4890625 0.621875 0.01875 0.0203125
0 0.484375 0.615625 0.0046875 0.0046875
1 0.509375 0.621875 0.0125 0.0234375
0 0.5078125 0.6140625 0.0046875 0.003125
1 0.528125 0.6109375 0.0140625 0.04375
0 0.525 0.5921875 0.00625 0.00625
1 0.5328125 0.6109375 0.0109375 0.0359375
0 0.534375 0.5984375 0.0046875 0.0046875
1 0.559375 0.6140625 0.0125 0.034375
0 0.559375 0.6 0.0046875 0.00625
1 0.56875 0.6125 0.0140625 0.0375
0 0.56875 0.596875 0.003125 0.0046875
1 0.5671875 0.63125 0.025 0.025
0 0.565625 0.6234375 0.0046875 0.00625
1 0.58125 0.6171875 0.009375 0.025
0 0.5828125 0.6078125 0.003125 0.0046875
1 0.5859375 0.6296875 0.0171875 0.0453125
0 0.5875 0.6109375 0.00625 0.00625
1 0.5984375 0.63125 0.0140625 0.0359375
0 0.596875 0.6171875 0.0046875 0.00625
1 0.590625 0.6203125 0.0125 0.0421875
0 0.5890625 0.603125 0.0046875 0.00625
1 0.621875 0.621875 0.0140625 0.0375
0 0.621875 0.60625 0.0046875 0.0046875
1 0.6328125 0.625 0.015625 0.034375
0 0.6328125 0.6109375 0.0046875 0.0046875
1 0.6265625 0.6296875 0.0171875 0.0453125
0 0.628125 0.6109375 0.0046875 0.0046875
1 0.65625 0.628125 0.01875 0.034375
0 0.65625 0.6140625 0.0046875 0.0046875
1 0.659375 0.6140625 0.0125 0.034375
0 0.659375 0.6015625 0.003125 0.0046875
1 0.6640625 0.6140625 0.009375 0.03125
0 0.6640625 0.603125 0.003125 0.0046875
1 0.6734375 0.615625 0.0140625 0.034375
0 0.675 0.603125 0.0046875 0.00625
1 0.684375 0.63125 0.0140625 0.0390625
0 0.6875 0.615625 0.0046875 0.00625
1 0.6890625 0.6296875 0.0140625 0.040625
0 0.6875 0.6125 0.0046875 0.0046875
1 0.7 0.6296875 0.0140625 0.0421875
0 0.6984375 0.6125 0.00625 0.00625
1 0.65 0.66875 0.025 0.05
0 0.6453125 0.65 0.0078125 0.0078125
1 0.6609375 0.6640625 0.025 0.059375
0 0.653125 0.6390625 0.00625 0.0078125
1 0.6515625 0.690625 0.0234375 0.0640625
0 0.6515625 0.6640625 0.0078125 0.0078125
1 0.6703125 0.690625 0.025 0.0671875
0 0.671875 0.6609375 0.00625 0.0078125
1 0.6015625 0.7078125 0.03125 0.0796875
0 0.5984375 0.6765625 0.0125 0.0125
1 0.728125 0.6921875 0.034375 0.034375
0 0.7234375 0.6796875 0.0078125 0.0078125
1 0.7421875 0.690625 0.025 0.034375
0 0.7375 0.6796875 0.00625 0.00625
1 0.753125 0.6875 0.0265625 0.03125
0 0.7484375 0.6765625 0.00625 0.0078125
1 0.7671875 0.6859375 0.025 0.034375
0 0.7640625 0.6765625 0.00625 0.0078125
1 0.8125 0.6859375 0.028125 0.0625
0 0.8125 0.6578125 0.009375 0.0078125
1 0.7140625 0.6203125 0.0140625 0.015625
0 0.7125 0.615625 0.0046875 0.003125
1 0.7203125 0.6203125 0.009375 0.0140625
0 0.71875 0.615625 0.0015625 0.003125
1 0.728125 0.615625 0.0125 0.025
0 0.7265625 0.6046875 0.003125 0.003125
1 0.74375 0.63125 0.015625 0.040625
0 0.74375 0.615625 0.0046875 0.0046875
1 0.7390625 0.625 0.015625 0.034375
0 0.74375 0.6125 0.00625 0.00625
1 0.7484375 0.621875 0.0125 0.03125
0 0.746875 0.609375 0.003125 0.0046875
1 0.759375 0.628125 0.0171875 0.0421875
0 0.7578125 0.6109375 0.0046875 0.0046875
1 0.759375 0.609375 0.0140625 0.03125
0 0.759375 0.596875 0.0046875 0.00625
1 0.771875 0.6296875 0.0125 0.0375
0 0.771875 0.615625 0.0046875 0.00625
1 0.7796875 0.63125 0.0109375 0.034375
0 0.78125 0.6171875 0.0046875 0.00625
1 0.7859375 0.646875 0.0171875 0.04375
0 0.784375 0.6296875 0.00625 0.00625
1 0.734375 0.6515625 0.0140625 0.046875
0 0.7375 0.63125 0.00625 0.00625
1 0.7453125 0.6609375 0.0125 0.034375
0 0.74375 0.6484375 0.0046875 0.0046875
1 0.8015625 0.625 0.0171875 0.0265625
0 0.8 0.6140625 0.00625 0.00625
1 0.8046875 0.628125 0.0125 0.034375
0 0.8046875 0.615625 0.003125 0.003125
1 0.815625 0.63125 0.015625 0.0234375
0 0.8140625 0.6234375 0.003125 0.003125
1 0.825 0.640625 0.0265625 0.0234375
0 0.8234375 0.63125 0.0046875 0.00625
1 0.825 0.6296875 0.0140625 0.034375
0 0.828125 0.6140625 0.0046875 0.0046875
1 0.840625 0.640625 0.01875 0.021875
0 0.8390625 0.6328125 0.0046875 0.0046875
1 0.8578125 0.64375 0.0171875 0.03125
0 0.853125 0.63125 0.0046875 0.00625
1 0.859375 0.6625 0.01875 0.05
0 0.859375 0.64375 0.00625 0.00625
1 0.8609375 0.68125 0.0171875 0.0578125
0 0.8625 0.65625 0.00625 0.0078125
1 0.8421875 0.684375 0.0234375 0.0578125
0 0.8421875 0.659375 0.00625 0.00625
1 0.9140625 0.63125 0.0140625 0.028125
0 0.9140625 0.61875 0.0046875 0.0046875
1 0.93125 0.628125 0.015625 0.034375
0 0.9296875 0.6125 0.003125 0.003125
1 0.990625 0.6375 0.015625 0.021875
0 0.990625 0.6296875 0.0046875 0.0046875