1 0.34375 0.7234375 0.0390625 0.11875
0 0.3421875 0.6796875 0.0140625 0.0140625
1 0.3609375 0.7390625 0.0625 0.1515625
0 0.3609375 0.675 0.01875 0.01875
1 0.371875 0.7265625 0.0359375 0.1078125
0 0.371875 0.68125 0.0125 0.0125
1 0.409375 0.6921875 0.0203125 0.0515625
0 0.409375 0.671875 0.0078125 0.0078125
1 0.43125 0.6953125 0.0265625 0.0703125
0 0.4359375 0.6671875 0.0078125 0.009375
1 0.4546875 0.703125 0.028125 0.0546875
0 0.4546875 0.68125 0.0078125 0.0078125
1 0.4609375 0.6859375 0.015625 0.0484375
0 0.4625 0.665625 0.0078125 0.0078125
1 0.475 0.6921875 0.0203125 0.059375
0 0.4796875 0.6671875 0.00625 0.00625
1 0.5 0.7171875 0.028125 0.0640625
0 0.5015625 0.690625 0.009375 0.009375
1 0.5234375 0.7 0.0359375 0.0859375
0 0.5203125 0.6640625 0.009375 0.0125
1 0.5359375 0.6875 0.0171875 0.040625
0 0.5359375 0.6703125 0.0046875 0.0046875
1 0.5515625 0.6984375 0.0265625 0.08125
0 0.546875 0.665625 0.0078125 0.009375
1 0.56875 0.703125 0.03125 0.0875
0 0.56875 0.6671875 0.0109375 0.0109375
1 0.590625 0.71875 0.0421875 0.115625
0 0.5890625 0.671875 0.0140625 0.0125
1 0.6 0.70625 0.0296875 0.0953125
0 0.59375 0.671875 0.0109375 0.0125
1 0.6234375 0.7171875 0.0421875 0.1109375
0 0.6171875 0.6734375 0.0140625 0.0171875
1 0.6453125 0.7125 0.03125 0.075
0 0.6421875 0.6859375 0.0109375 0.0109375
1 0.675 0.7328125 0.0671875 0.1515625
0 0.6734375 0.6703125 0.01875 0.01875
1 0.6921875 0.7140625 0.04375 0.109375
0 0.6875 0.66875 0.015625 0.015625
1 0.740625 0.7234375 0.0453125 0.1453125
0 0.7328125 0.665625 0.0171875 0.0171875
1 0.959375 0.7484375 0.075 0.1625
0 0.971875 0.6875 0.03125 0.0328125