1 0.3171875 0.709375 0.1484375 0.3484375
0 0.321875 0.5640625 0.040625 0.0484375
1 0.246875 0.6859375 0.1171875 0.3375
0 0.259375 0.5390625 0.0359375 0.040625
1 0.36875 0.671875 0.0890625 0.2375
0 0.3546875 0.5734375 0.028125 0.0328125
1 0.4171875 0.6234375 0.071875 0.1875
0 0.421875 0.5484375 0.021875 0.0265625
1 0.5078125 0.6703125 0.078125 0.2359375
0 0.49375 0.571875 0.0265625 0.0328125
1 0.4515625 0.6671875 0.0515625 0.1578125
0 0.4515625 0.6046875 0.0234375 0.0265625
1 0.4875 0.6359375 0.0546875 0.159375
0 0.484375 0.5734375 0.01875 0.028125
1 0.5375 0.603125 0.04375 0.128125
0 0.5375 0.55 0.015625 0.01875
1 0.55625 0.553125 0.0125 0.0390625
0 0.5578125 0.540625 0.0078125 0.0078125
1 0.6015625 0.6 0.046875 0.1328125
0 0.6 0.5453125 0.0140625 0.0203125
1 0.7328125 0.6625 0.090625 0.2375
0 0.728125 0.565625 0.028125 0.0375
1 0.76875 0.6 0.0546875 0.13125
0 0.771875 0.54375 0.0125 0.015625
1 0.7484375 0.578125 0.0328125 0.09375
0 0.746875 0.540625 0.0109375 0.015625
1 0.78125 0.5625 0.0171875 0.0515625
0 0.7828125 0.5453125 0.009375 0.0078125
1 0.7859375 0.5703125 0.0234375 0.0625
0 0.784375 0.5453125 0.0078125 0.0078125
1 0.8015625 0.5625 0.015625 0.0515625
0 0.8015625 0.5421875 0.00625 0.00625