1 0.021875 0.7515625 0.04375 0.15625
0 0.025 0.6890625 0.028125 0.0296875
1 0.090625 0.775 0.128125 0.109375
0 0.040625 0.7484375 0.028125 0.0328125
1 0.4140625 0.6875 0.05 0.140625
0 0.4203125 0.625 0.015625 0.015625
1 0.4421875 0.6546875 0.028125 0.0984375
0 0.440625 0.6140625 0.0125 0.0140625
1 0.0109375 0.621875 0.021875 0.0703125
0 0.015625 0.59375 0.009375 0.009375
1 0.0234375 0.6296875 0.0375 0.0390625
0 0.0328125 0.6171875 0.0078125 0.0078125
1 0.0515625 0.628125 0.03125 0.034375
0 0.053125 0.615625 0.0078125 0.0078125
1 0.025 0.65 0.0484375 0.0546875
0 0.0359375 0.6296875 0.0125 0.0125
1 0.05 0.6578125 0.0453125 0.0890625
0 0.0640625 0.6171875 0.0140625 0.0125
1 0.0375 0.65 0.0640625 0.053125
0 0.0359375 0.6296875 0.0125 0.0125
1 0.0875 0.6578125 0.0703125 0.0546875
0 0.109375 0.6375 0.009375 0.0140625
1 0.115625 0.6578125 0.053125 0.0546875
0 0.128125 0.6359375 0.0125 0.0125
1 0.13125 0.6640625 0.0640625 0.059375
0 0.1453125 0.6421875 0.0125 0.0140625
1 0.071875 0.6234375 0.0234375 0.05
0 0.0765625 0.6046875 0.00625 0.00625
1 0.103125 0.6171875 0.0265625 0.028125
0 0.1046875 0.60625 0.0046875 0.00625
1 0.109375 0.6234375 0.04375 0.0328125
0 0.1203125 0.6109375 0.00625 0.0078125
1 0.1109375 0.6234375 0.0390625 0.0671875
0 0.1203125 0.5953125 0.009375 0.009375
1 0.1453125 0.6109375 0.0375 0.05625
0 0.1515625 0.5875 0.0078125 0.0078125
1 0.1515625 0.6421875 0.0390625 0.046875
0 0.159375 0.625 0.0125 0.0109375
1 0.1765625 0.640625 0.0375 0.05
0 0.1828125 0.621875 0.009375 0.009375
1 0.175 0.6078125 0.01875 0.034375
0 0.1796875 0.5953125 0.0046875 0.00625
1 0.190625 0.60625 0.0265625 0.0546875
0 0.1984375 0.5828125 0.00625 0.0078125
1 0.1953125 0.63125 0.034375 0.0484375
0 0.1875 0.6140625 0.009375 0.009375
1 0.203125 0.6171875 0.0171875 0.03125
0 0.2046875 0.60625 0.00625 0.0078125
1 0.2140625 0.61875 0.021875 0.03125
0 0.2171875 0.609375 0.00625 0.0078125
1 0.2078125 0.6125 0.0140625 0.040625
0 0.209375 0.5953125 0.0046875 0.0046875
1 0.228125 0.6234375 0.0171875 0.025
0 0.228125 0.6125 0.0046875 0.0046875
1 0.2578125 0.6125 0.028125 0.040625
0 0.2484375 0.5953125 0.0078125 0.0078125
1 0.284375 0.6046875 0.028125 0.05625
0 0.2890625 0.58125 0.0078125 0.0078125
1 0.2921875 0.621875 0.015625 0.0265625
0 0.29375 0.6125 0.0046875 0.0046875
1 0.3171875 0.6203125 0.0125 0.021875
0 0.3171875 0.6140625 0.0046875 0.0046875
1 0.328125 0.621875 0.0125 0.021875
0 0.328125 0.6140625 0.0046875 0.00625
1 0.340625 0.6171875 0.0171875 0.0328125
0 0.3421875 0.6046875 0.00625 0.0078125
1 0.3546875 0.615625 0.0171875 0.03125
0 0.35625 0.6046875 0.00625 0.00625
1 0.3671875 0.609375 0.0140625 0.0375
0 0.36875 0.5953125 0.0046875 0.00625
1 0.3921875 0.6 0.0234375 0.05
0 0.39375 0.58125 0.0046875 0.0078125
1 0.4015625 0.61875 0.0140625 0.05
0 0.403125 0.596875 0.0046875 0.0046875
1 0.421875 0.6046875 0.015625 0.0453125
0 0.421875 0.5875 0.0046875 0.0046875
1 0.428125 0.6234375 0.0125 0.0328125
0 0.428125 0.6109375 0.0046875 0.0046875
1 0.4375 0.6125 0.015625 0.0375
0 0.4375 0.596875 0.0046875 0.00625
1 0.4515625 0.6171875 0.015625 0.0390625
0 0.453125 0.6015625 0.0046875 0.0046875
1 0.4765625 0.6125 0.0125 0.040625
0 0.4765625 0.5953125 0.0046875 0.0046875
1 0.48125 0.6109375 0.0203125 0.040625
0 0.484375 0.5921875 0.0046875 0.0046875
1 0.4953125 0.6125 0.0109375 0.0328125
0 0.4953125 0.6 0.003125 0.0046875
1 0.5046875 0.6046875 0.01875 0.0484375
0 0.503125 0.584375 0.0046875 0.0078125
1 0.509375 0.6 0.0140625 0.046875
0 0.5078125 0.58125 0.0046875 0.00625
1 0.5203125 0.609375 0.0265625 0.0453125
0 0.5203125 0.5875 0.00625 0.00625
1 0.51875 0.6 0.015625 0.0484375
0 0.5140625 0.5796875 0.0046875 0.00625
1 0.540625 0.609375 0.0171875 0.0390625
0 0.54375 0.59375 0.00625 0.0046875
1 0.5671875 0.6046875 0.0171875 0.053125
0 0.565625 0.5828125 0.00625 0.0078125
1 0.58125 0.6046875 0.0171875 0.0578125
0 0.5828125 0.5796875 0.00625 0.0078125
1 0.5890625 0.6078125 0.0140625 0.0375
0 0.5890625 0.59375 0.003125 0.0046875
1 0.60625 0.6125 0.009375 0.0328125
0 0.6046875 0.5984375 0.003125 0.003125
1 0.6140625 0.6 0.01875 0.05
0 0.6109375 0.5796875 0.00625 0.0078125
1 0.625 0.5984375 0.015625 0.053125
0 0.625 0.5765625 0.00625 0.0078125
1 0.6359375 0.6203125 0.0125 0.021875
0 0.6359375 0.6125 0.0046875 0.0046875
1 0.653125 0.6203125 0.0140625 0.0234375
0 0.6515625 0.6125 0.0046875 0.0046875
1 0.671875 0.6015625 0.015625 0.0484375
0 0.6703125 0.5828125 0.00625 0.0078125
1 0.6734375 0.6734375 0.05 0.13125
0 0.6671875 0.6203125 0.0140625 0.01875
1 0.684375 0.6046875 0.0140625 0.0421875
0 0.68125 0.5875 0.0046875 0.00625
1 0.690625 0.60625 0.0125 0.0375
0 0.6890625 0.590625 0.00625 0.0046875
1 0.703125 0.615625 0.01875 0.0296875
0 0.7015625 0.6046875 0.00625 0.0078125
1 0.71875 0.6140625 0.025 0.03125
0 0.7140625 0.6046875 0.00625 0.0078125
1 0.7328125 0.6203125 0.0171875 0.0234375
0 0.73125 0.6109375 0.0046875 0.0046875
1 0.7484375 0.6078125 0.0171875 0.0390625
0 0.7421875 0.5921875 0.00625 0.00625
1 0.759375 0.6203125 0.01875 0.0234375
0 0.759375 0.6109375 0.0046875 0.00625
1 0.7890625 0.60625 0.025 0.0390625
0 0.7796875 0.5921875 0.0046875 0.00625
1 0.79375 0.603125 0.0265625 0.05
0 0.7859375 0.5828125 0.00625 0.00625
1 0.8171875 0.621875 0.0203125 0.0234375
0 0.8140625 0.6140625 0.0046875 0.0046875
1 0.8359375 0.621875 0.0375 0.0671875
0 0.8296875 0.59375 0.0078125 0.009375
1 0.8546875 0.6171875 0.03125 0.05625
0 0.84375 0.5953125 0.0078125 0.009375
1 0.9125 0.63125 0.040625 0.034375
0 0.8984375 0.61875 0.00625 0.00625
1 0.93125 0.625 0.04375 0.0375
0 0.9171875 0.6109375 0.00625 0.009375
1 0.8859375 0.6296875 0.025 0.0328125
0 0.884375 0.6171875 0.00625 0.00625
1 0.8703125 0.6296875 0.021875 0.0265625
0 0.8671875 0.6203125 0.0046875 0.003125
1 0.9890625 0.6390625 0.01875 0.0796875
0 0.99375 0.6046875 0.0078125 0.0109375
1 0.859375 0.6765625 0.0609375 0.059375
0 0.8453125 0.65625 0.0125 0.0140625
1 0.8796875 0.6765625 0.034375 0.0546875
0 0.8765625 0.65625 0.0125 0.0125
1 0.915625 0.678125 0.0625 0.053125
0 0.90625 0.659375 0.0125 0.0125
1 0.9421875 0.675 0.053125 0.0546875
0 0.9296875 0.6578125 0.0125 0.0140625
1 0.9078125 0.7578125 0.0828125 0.1453125
0 0.8953125 0.703125 0.0234375 0.0296875
1 0.725 0.6390625 0.04375 0.0484375
0 0.71875 0.621875 0.009375 0.0109375
1 0.7453125 0.6390625 0.03125 0.0453125
0 0.7390625 0.6234375 0.0109375 0.009375