1 0.1671875 0.4390625 0.25625 0.0609375
0 0.0640625 0.45 0.034375 0.028125
1 0.2796875 0.3953125 0.1375 0.1515625
0 0.271875 0.3453125 0.0265625 0.034375
1 0.86875 0.41875 0.1984375 0.134375
0 0.9015625 0.378125 0.034375 0.0390625
1 0.059375 0.75625 0.1140625 0.1546875
0 0.059375 0.73125 0.04375 0.046875
1 0.1640625 0.75 0.1328125 0.1671875
0 0.146875 0.715625 0.0390625 0.0546875
1 0.2671875 0.75 0.1296875 0.1671875
0 0.275 0.7046875 0.040625 0.0453125
1 0.384375 0.7578125 0.1109375 0.153125
0 0.390625 0.7890625 0.0421875 0.0453125
1 0.4 0.759375 0.0984375 0.15
0 0.4140625 0.79375 0.0375 0.04375
1 0.6109375 0.746875 0.1328125 0.1734375
0 0.603125 0.6984375 0.04375 0.059375
1 0.659375 0.753125 0.140625 0.1609375
0 0.6671875 0.71875 0.0421875 0.0484375
1 0.8390625 0.7453125 0.0859375 0.1765625
0 0.83125 0.696875 0.040625 0.0546875