1 0.228125 0.5671875 0.0734375 0.19375
0 0.234375 0.5 0.01875 0.021875
1 0.25 0.5765625 0.0609375 0.1609375
0 0.253125 0.509375 0.0171875 0.0203125
1 0.3 0.578125 0.059375 0.1609375
0 0.303125 0.5109375 0.015625 0.0203125
1 0.3203125 0.578125 0.05625 0.1484375
0 0.3203125 0.515625 0.0140625 0.0171875
1 0.3546875 0.609375 0.1171875 0.1875
0 0.34375 0.55 0.0203125 0.0265625
1 0.3859375 0.59375 0.0921875 0.1640625
0 0.371875 0.5234375 0.015625 0.021875
1 0.8375 0.59375 0.3 0.425
0 0.7703125 0.4484375 0.0453125 0.0453125