1 0.0125 0.4390625 0.0234375 0.134375
0 0.003125 0.38125 0.0046875 0.0140625
1 0.071875 0.4484375 0.046875 0.1453125
0 0.0703125 0.384375 0.01875 0.01875
1 0.078125 0.453125 0.0515625 0.1671875
0 0.06875 0.3828125 0.0171875 0.01875
1 0.1453125 0.45 0.0515625 0.075
0 0.1296875 0.4203125 0.009375 0.0125
1 0.146875 0.43125 0.034375 0.11875
0 0.1484375 0.3859375 0.015625 0.0171875
1 0.225 0.4265625 0.03125 0.103125
0 0.2265625 0.3890625 0.0078125 0.009375
1 0.25625 0.45 0.040625 0.0640625
0 0.2546875 0.4265625 0.009375 0.009375
1 0.396875 0.4875 0.18125 0.315625
0 0.353125 0.3765625 0.0484375 0.05625
1 0.4546875 0.4578125 0.0640625 0.15
0 0.4578125 0.396875 0.0171875 0.021875
1 0.596875 0.4328125 0.0203125 0.0640625
0 0.596875 0.4078125 0.0078125 0.0109375
1 0.6171875 0.4296875 0.0234375 0.071875
0 0.6171875 0.4 0.0078125 0.009375
1 0.6453125 0.4484375 0.04375 0.10625
0 0.65 0.40625 0.015625 0.01875
1 0.6671875 0.4546875 0.046875 0.1125
0 0.6625 0.409375 0.015625 0.01875
1 0.696875 0.440625 0.028125 0.0953125
0 0.696875 0.4015625 0.0109375 0.0125
1 0.8109375 0.446875 0.03125 0.09375
0 0.809375 0.40625 0.009375 0.0125
1 0.815625 0.45 0.0359375 0.096875
0 0.8234375 0.4109375 0.0125 0.015625
1 0.8421875 0.4515625 0.034375 0.0921875
0 0.840625 0.4140625 0.0109375 0.0125
1 0.928125 0.4421875 0.0265625 0.08125
0 0.934375 0.4109375 0.009375 0.0109375
1 0.98125 0.4515625 0.03125 0.084375
0 0.9765625 0.415625 0.009375 0.0125
1 0.9890625 0.446875 0.015625 0.0828125
0 0.990625 0.4140625 0.009375 0.0109375