1 0.3046875 0.7546875 0.165625 0.4875
0 0.3140625 0.55625 0.05625 0.071875
1 0.490625 0.7796875 0.1484375 0.434375
0 0.4875 0.6140625 0.0515625 0.0765625
1 0.596875 0.7734375 0.1640625 0.446875
0 0.6078125 0.5984375 0.075 0.084375
1 0.528125 0.6046875 0.0421875 0.090625
0 0.5265625 0.5703125 0.0125 0.0125
1 0.415625 0.6203125 0.0375 0.0640625
0 0.4234375 0.596875 0.0109375 0.009375
1 0.4375 0.6171875 0.04375 0.0703125
0 0.4359375 0.5890625 0.0125 0.0125
1 0.375 0.6796875 0.0859375 0.071875
0 0.3984375 0.6578125 0.0171875 0.0234375
1 0.3703125 0.66875 0.078125 0.06875
0 0.3890625 0.646875 0.01875 0.0234375
1 0.425 0.725 0.1609375 0.0390625
0 0.496875 0.725 0.0171875 0.0171875
1 0.2265625 0.675 0.090625 0.06875
0 0.228125 0.653125 0.01875 0.021875
1 0.2375 0.70625 0.1421875 0.034375
0 0.296875 0.70625 0.0203125 0.0171875
1 0.184375 0.6578125 0.0359375 0.090625
0 0.1734375 0.625 0.0171875 0.0234375
1 0.2125 0.6671875 0.0453125 0.078125
0 0.2140625 0.640625 0.0140625 0.0171875
1 0.19375 0.5953125 0.0265625 0.04375
0 0.1921875 0.5796875 0.0078125 0.009375
1 0.2140625 0.5953125 0.0296875 0.046875
0 0.2109375 0.5796875 0.0078125 0.0078125
1 0.2703125 0.5796875 0.0140625 0.0375
0 0.271875 0.5640625 0.00625 0.00625