1 0.5890625 0.6859375 0.815625 0.371875
0 0.8484375 0.4828125 0.1796875 0.1953125
1 0.5734375 0.6640625 0.7828125 0.415625
0 0.675 0.4 0.121875 0.15
1 0.3859375 0.590625 0.771875 0.5625
0 0.4359375 0.3765625 0.0828125 0.128125
1 0.3046875 0.5984375 0.553125 0.546875
0 0.353125 0.384375 0.0828125 0.0953125
1 0.2421875 0.5828125 0.4640625 0.5765625
0 0.3125 0.3453125 0.065625 0.090625
1 0.190625 0.5546875 0.3796875 0.5296875
0 0.25625 0.3359375 0.059375 0.0796875
1 0.18125 0.4875 0.359375 0.4890625
0 0.2015625 0.2875 0.05625 0.0671875
1 0.128125 0.4765625 0.253125 0.4234375
0 0.159375 0.29375 0.04375 0.0546875
1 0.1234375 0.4546875 0.24375 0.3875
0 0.1578125 0.29375 0.040625 0.0515625
1 0.0203125 0.321875 0.0375 0.1796875
0 0.01015625 0.25390625 0.0203125 0.0296875
1 0.821875 0.4765625 0.1625 0.403125
0 0.8484375 0.3109375 0.04375 0.05625
1 0.884375 0.4703125 0.2265625 0.4359375
0 0.946875 0.2953125 0.065625 0.071875
1 0.7453125 0.459375 0.15625 0.4
0 0.740625 0.296875 0.05625 0.0625
1 0.68125 0.4484375 0.1796875 0.403125
0 0.6921875 0.278125 0.040625 0.0515625
1 0.6765625 0.4515625 0.1765625 0.390625
0 0.69375 0.2796875 0.04375 0.05
1 0.6109375 0.4296875 0.146875 0.33125
0 0.596875 0.2921875 0.04375 0.046875
1 0.4421875 0.378125 0.0828125 0.2515625
0 0.4421875 0.2796875 0.0296875 0.0328125
1 0.4890625 0.3828125 0.0703125 0.259375
0 0.4921875 0.28125 0.0421875 0.0453125
1 0.409375 0.3625 0.090625 0.2421875
0 0.40625 0.265625 0.0265625 0.034375
1 0.3890625 0.346875 0.09375 0.2234375
0 0.40625 0.265625 0.0296875 0.0375
1 0.3421875 0.353125 0.1421875 0.2890625
0 0.3546875 0.23125 0.0234375 0.0328125
1 0.5375 0.3828125 0.071875 0.240625
0 0.5390625 0.2859375 0.0328125 0.0390625
1 0.565625 0.3796875 0.059375 0.2453125
0 0.565625 0.2828125 0.0328125 0.0390625
1 0.615625 0.6859375 0.7609375 0.371875
0 0.9625 0.515625 0.06875 0.1765625
1 0.09296875 0.4296875 0.1859375 0.328125
0 0.159375 0.2953125 0.04375 0.0546875
1 0.15 0.3375 0.096875 0.2640625
0 0.153125 0.2390625 0.0421875 0.040625