1 0.7109375 0.675 0.29375 0.39375
0 0.7359375 0.4765625 0.13125 0.1203125
1 0.9359375 0.6859375 0.121875 0.371875
0 0.95625 0.5875 0.08125 0.09375
1 0.6671875 0.678125 0.321875 0.3875
0 0.68125 0.54375 0.0640625 0.0625
1 0.4734375 0.584375 0.05 0.09375
0 0.478125 0.546875 0.0171875 0.01875
1 0.3015625 0.5671875 0.0515625 0.0890625
0 0.3015625 0.5328125 0.0140625 0.015625
1 0.3609375 0.559375 0.04375 0.0875
0 0.3609375 0.528125 0.0140625 0.015625
1 0.459375 0.55 0.0421875 0.1046875
0 0.4640625 0.50625 0.0125 0.015625
1 0.53125 0.584375 0.034375 0.09375
0 0.5359375 0.55 0.0171875 0.01875
1 0.51875 0.578125 0.040625 0.09375
0 0.5234375 0.540625 0.0140625 0.01875