1 0.7953125 0.6 0.3265625 0.48125
0 0.865625 0.4328125 0.121875 0.1390625
1 0.7234375 0.4953125 0.2640625 0.55625
0 0.7875 0.278125 0.084375 0.103125
1 0.875 0.490625 0.24375 0.571875
0 0.8390625 0.2546875 0.06875 0.090625
1 0.9265625 0.4328125 0.1265625 0.3203125
0 0.953125 0.3078125 0.0421875 0.0515625
1 0.6125 0.4703125 0.25 0.4171875
0 0.66875 0.303125 0.059375 0.0703125
1 0.696875 0.3296875 0.0703125 0.203125
0 0.7 0.25 0.025 0.03125
1 0.4609375 0.39375 0.121875 0.3953125
0 0.4765625 0.2359375 0.05 0.0703125
1 0.221875 0.33125 0.1015625 0.246875
0 0.234375 0.2265625 0.03125 0.0359375
1 0.2046875 0.3140625 0.05625 0.1921875
0 0.2015625 0.2375 0.025 0.028125
1 0.1015625 0.2546875 0.0421875 0.11875
0 0.1046875 0.209375 0.0171875 0.021875