1 0.2234375 0.6171875 0.0125 0.034375
0 0.2265625 0.6046875 0.0046875 0.0046875
1 0.28125 0.6125 0.0125 0.0296875
0 0.2828125 0.6015625 0.0046875 0.0046875
1 0.33125 0.6125 0.0109375 0.0296875
0 0.334375 0.6046875 0.003125 0.003125
1 0.3640625 0.6140625 0.0125 0.03125
0 0.3671875 0.6015625 0.0046875 0.0046875
1 0.3515625 0.6171875 0.0125 0.025
0 0.3546875 0.60625 0.003125 0.003125
1 0.5234375 0.61875 0.0109375 0.021875
0 0.5234375 0.6140625 0.003125 0.0046875
1 0.79375 0.6421875 0.0390625 0.1046875
0 0.7859375 0.5984375 0.0125 0.015625
1 0.8140625 0.64375 0.0390625 0.096875
0 0.809375 0.603125 0.0125 0.0125
1 0.8015625 0.625 0.025 0.05625
0 0.8109375 0.603125 0.0125 0.0125
1 0.75625 0.625 0.0265625 0.0625
0 0.7546875 0.6 0.0078125 0.009375
1 0.740625 0.6203125 0.0140625 0.0375
0 0.740625 0.60625 0.0046875 0.00625
1 0.7296875 0.625 0.015625 0.046875
0 0.73125 0.6046875 0.00625 0.00625
1 0.715625 0.6234375 0.015625 0.046875
0 0.71875 0.6046875 0.00625 0.00625
1 0.70625 0.6203125 0.0125 0.04375
0 0.7078125 0.603125 0.0046875 0.00625
1 0.6984375 0.6234375 0.0171875 0.05
0 0.6984375 0.603125 0.00625 0.00625
1 0.690625 0.61875 0.0109375 0.0421875
0 0.6921875 0.603125 0.003125 0.00625
1 0.684375 0.621875 0.0125 0.0453125
0 0.684375 0.6046875 0.00625 0.00625
1 0.6796875 0.6234375 0.01875 0.05
0 0.68125 0.603125 0.00625 0.00625
1 0.675 0.6203125 0.0125 0.0421875
0 0.675 0.603125 0.00625 0.00625
1 0.6640625 0.621875 0.0140625 0.04375
0 0.6625 0.6046875 0.00625 0.00625
1 0.6234375 0.6203125 0.0109375 0.0375
0 0.6234375 0.6046875 0.0046875 0.0046875
1 0.65 0.6203125 0.0125 0.040625
0 0.65 0.60625 0.00625 0.00625
1 0.646875 0.6203125 0.0125 0.04375
0 0.646875 0.6046875 0.0046875 0.00625
1 0.140625 0.61875 0.0109375 0.0140625
0 0.140625 0.6140625 0.003125 0.003125
1 0.5421875 0.61875 0.0109375 0.01875
0 0.5421875 0.61875 0.0109375 0.01875
1 0.6390625 0.61875 0.0125 0.0390625
0 0.6390625 0.60625 0.0046875 0.00625