1 0.2984375 0.5203125 0.496875 0.8765625
0 0.4578125 0.1578125 0.0921875 0.1296875
1 0.9265625 0.5 0.140625 0.9265625
0 0.971875 0.1 0.0515625 0.13125
1 0.7046875 0.4875 0.390625 0.896875
0 0.6171875 0.11875 0.109375 0.1234375
1 0.2984375 0.3640625 0.2015625 0.6578125
0 0.3203125 0.06875 0.0671875 0.0671875
1 0.73125 0.3921875 0.228125 0.6734375
0 0.740625 0.1125 0.071875 0.090625
1 0.5203125 0.4265625 0.1734375 0.6984375
0 0.5234375 0.140625 0.071875 0.075
1 0.84375 0.4625 0.25625 0.7359375
0 0.8671875 0.1453125 0.090625 0.0828125
1 0.41875 0.3328125 0.159375 0.503125
0 0.4203125 0.121875 0.053125 0.059375
1 0.528125 0.35625 0.1453125 0.5265625
0 0.5265625 0.1375 0.0625 0.0671875
1 0.9140625 0.3546875 0.1359375 0.55
0 0.90625 0.1359375 0.071875 0.0984375
1 0.828125 0.3609375 0.15625 0.4875
0 0.821875 0.15625 0.0671875 0.0734375