1 0.0703125 0.5015625 0.1375 0.3796875
0 0.046875 0.39375 0.0390625 0.04375
1 0.09375 0.53125 0.1625 0.284375
0 0.1 0.446875 0.0453125 0.046875
1 0.13125 0.5109375 0.15625 0.3015625
0 0.1375 0.4203125 0.0296875 0.034375
1 0.221875 0.5328125 0.1953125 0.4078125
0 0.215625 0.4 0.0453125 0.05625
1 0.2828125 0.521875 0.203125 0.390625
0 0.278125 0.403125 0.0421875 0.0484375
1 0.309375 0.50625 0.1765625 0.3796875
0 0.3109375 0.3875 0.0390625 0.046875
1 0.3671875 0.528125 0.165625 0.315625
0 0.36875 0.4328125 0.034375 0.034375
1 0.3890625 0.5125 0.1515625 0.3109375
0 0.3875 0.4203125 0.0296875 0.0375
1 0.4 0.4984375 0.0328125 0.128125
0 0.396875 0.45 0.0203125 0.025
1 0.4203125 0.496875 0.034375 0.128125
0 0.4234375 0.44375 0.0125 0.015625
1 0.45625 0.4640625 0.053125 0.146875
0 0.4546875 0.40625 0.015625 0.015625
1 0.49375 0.50625 0.021875 0.0953125
0 0.49375 0.475 0.009375 0.0078125
1 0.509375 0.509375 0.0203125 0.1015625
0 0.5140625 0.4703125 0.0125 0.0125
1 0.5234375 0.5078125 0.021875 0.096875
0 0.5171875 0.471875 0.0125 0.0140625
1 0.5453125 0.509375 0.025 0.096875
0 0.55 0.46875 0.0109375 0.0125
1 0.6375 0.5515625 0.1890625 0.4265625
0 0.6265625 0.4171875 0.0484375 0.046875
1 0.6203125 0.553125 0.1890625 0.371875
0 0.6140625 0.4125 0.0453125 0.0421875
1 0.6109375 0.5375 0.19375 0.3734375
0 0.6125 0.4109375 0.04375 0.0484375
1 0.6140625 0.5296875 0.1640625 0.33125
0 0.6 0.403125 0.0453125 0.053125
1 0.665625 0.53125 0.1625 0.303125
0 0.675 0.4234375 0.0421875 0.0421875
1 0.75 0.5203125 0.0296875 0.1
0 0.75 0.4796875 0.0140625 0.015625
1 0.7640625 0.5234375 0.025 0.096875
0 0.765625 0.484375 0.0109375 0.015625
1 0.7796875 0.521875 0.0234375 0.1
0 0.7828125 0.48125 0.0109375 0.0171875
1 0.790625 0.5234375 0.025 0.09375
0 0.790625 0.484375 0.0125 0.0140625
1 0.7984375 0.525 0.0296875 0.0859375
0 0.8015625 0.4921875 0.0125 0.0125
1 0.8171875 0.5234375 0.0234375 0.09375
0 0.81875 0.4828125 0.0109375 0.0125
1 0.8296875 0.525 0.034375 0.1
0 0.8328125 0.48125 0.0109375 0.009375
1 0.8515625 0.528125 0.0234375 0.09375
0 0.853125 0.490625 0.0125 0.0140625
1 0.8640625 0.5296875 0.025 0.09375
0 0.8640625 0.49375 0.0125 0.0140625
1 0.875 0.5375 0.0359375 0.0921875
0 0.875 0.5 0.0109375 0.0125
1 0.7421875 0.5078125 0.0265625 0.1
0 0.740625 0.465625 0.009375 0.0125
1 0.759375 0.5078125 0.028125 0.0953125
0 0.7546875 0.4671875 0.0125 0.0140625
1 0.784375 0.478125 0.034375 0.0921875
0 0.784375 0.44375 0.0125 0.015625
1 0.778125 0.5109375 0.0265625 0.0921875
0 0.7796875 0.4734375 0.0109375 0.0109375
1 0.790625 0.509375 0.028125 0.096875
0 0.790625 0.4703125 0.0125 0.0125
1 0.8125 0.5140625 0.03125 0.096875
0 0.8109375 0.4734375 0.0125 0.0140625
1 0.83125 0.51875 0.0296875 0.1
0 0.83125 0.475 0.0125 0.0125
1 0.884375 0.5046875 0.0328125 0.096875
0 0.884375 0.4640625 0.0125 0.0140625
1 0.871875 0.496875 0.028125 0.0984375
0 0.8703125 0.45625 0.0109375 0.0109375
1 0.921875 0.578125 0.153125 0.41875
0 0.9328125 0.45 0.0453125 0.0546875
1 0.9265625 0.5640625 0.14375 0.371875
0 0.946875 0.425 0.0375 0.053125
1 0.9171875 0.553125 0.1609375 0.35625
0 0.925 0.4359375 0.04375 0.05
1 0.93125 0.525 0.134375 0.3875
0 0.95 0.4234375 0.0375 0.04375