1 0.0375 0.65 0.0625 0.1421875
0 0.0421875 0.59375 0.0140625 0.0171875
1 0.0234375 0.653125 0.0375 0.1
0 0.0296875 0.6140625 0.0109375 0.0109375
1 0.0796875 0.646875 0.0625 0.140625
0 0.0828125 0.5890625 0.0171875 0.01875
1 0.1140625 0.6578125 0.04375 0.1046875
0 0.1109375 0.6171875 0.015625 0.0140625
1 0.1515625 0.65625 0.046875 0.1203125
0 0.159375 0.6078125 0.015625 0.0140625
1 0.2109375 0.6609375 0.0234375 0.0734375
0 0.2140625 0.63125 0.009375 0.009375
1 0.203125 0.65625 0.028125 0.0671875
0 0.209375 0.6296875 0.00625 0.009375
1 0.2265625 0.659375 0.0234375 0.05
0 0.225 0.640625 0.0046875 0.00625
1 0.2484375 0.65625 0.034375 0.10625
0 0.24375 0.6125 0.0140625 0.0140625
1 0.275 0.6609375 0.021875 0.053125
0 0.278125 0.64375 0.0078125 0.0078125
1 0.3078125 0.6625 0.040625 0.121875
0 0.3140625 0.6140625 0.0171875 0.015625
1 0.33125 0.6625 0.0640625 0.1296875
0 0.33125 0.609375 0.015625 0.0171875
1 0.3921875 0.6484375 0.059375 0.171875
0 0.39375 0.578125 0.01875 0.0203125
1 0.415625 0.6734375 0.0765625 0.225
0 0.428125 0.5859375 0.03125 0.0375
1 0.4484375 0.6609375 0.0453125 0.1390625
0 0.45 0.60625 0.015625 0.0171875
1 0.4984375 0.6640625 0.0390625 0.1234375
0 0.4953125 0.6125 0.015625 0.01875
1 0.546875 0.6609375 0.040625 0.121875
0 0.546875 0.6125 0.0171875 0.0203125
1 0.534375 0.6671875 0.0421875 0.115625
0 0.546875 0.615625 0.0140625 0.015625
1 0.540625 0.6671875 0.071875 0.1734375
0 0.5515625 0.6 0.0203125 0.0265625
1 0.575 0.6640625 0.040625 0.1203125
0 0.5828125 0.615625 0.0140625 0.01875
1 0.596875 0.6625 0.0421875 0.1375
0 0.596875 0.6078125 0.0140625 0.015625
1 0.6421875 0.6625 0.05625 0.13125
0 0.64375 0.609375 0.0140625 0.0171875
1 0.6953125 0.65625 0.05 0.1375
0 0.6953125 0.603125 0.015625 0.01875
1 0.7046875 0.665625 0.065625 0.1453125
0 0.7125 0.6046875 0.015625 0.01875
1 0.7328125 0.6609375 0.04375 0.1390625
0 0.7375 0.6046875 0.015625 0.0203125
1 0.746875 0.6625 0.0484375 0.15
0 0.75 0.603125 0.01875 0.0203125
1 0.79375 0.6609375 0.05 0.15
0 0.784375 0.6 0.0171875 0.0234375
1 0.80625 0.659375 0.05 0.1328125
0 0.8 0.6046875 0.015625 0.0171875
1 0.8390625 0.6578125 0.053125 0.1546875
0 0.834375 0.5953125 0.021875 0.0234375
1 0.871875 0.6578125 0.0421875 0.115625
0 0.871875 0.6140625 0.0140625 0.0171875
1 0.9359375 0.678125 0.0546875 0.1015625
0 0.94375 0.6421875 0.015625 0.01875
1 0.9828125 0.6609375 0.0296875 0.115625
0 0.984375 0.615625 0.0203125 0.01875