1 0.9078125 0.0796875 0.025 0.0546875
0 0.9140625 0.0578125 0.009375 0.009375
1 0.9265625 0.084375 0.0328125 0.0578125
0 0.928125 0.0609375 0.009375 0.0109375
1 0.11875 0.325 0.04375 0.1015625
0 0.125 0.2859375 0.0125 0.0171875
1 0.959375 0.8515625 0.071875 0.18125
0 0.9828125 0.7875 0.025 0.0375
1 0.925 0.884375 0.09375 0.1171875
0 0.925 0.8515625 0.03125 0.046875
1 0.8546875 0.8953125 0.0828125 0.0953125
0 0.865625 0.8765625 0.0375 0.05
1 0.86875 0.834375 0.075 0.153125
0 0.8875 0.771875 0.01875 0.021875
1 0.8265625 0.803125 0.096875 0.2265625
0 0.84375 0.7125 0.0265625 0.0265625
1 0.75 0.834375 0.0890625 0.1734375
0 0.7609375 0.7671875 0.0234375 0.0265625
1 0.7265625 0.7765625 0.1 0.2328125
0 0.74375 0.68125 0.0296875 0.0265625
1 0.9046875 0.66875 0.065625 0.196875
0 0.9203125 0.590625 0.0296875 0.0296875
1 0.85 0.6734375 0.075 0.2109375
0 0.859375 0.5890625 0.0265625 0.0265625
1 0.9359375 0.5421875 0.0515625 0.1296875
0 0.9484375 0.49375 0.021875 0.021875
1 0.7875 0.6546875 0.071875 0.18125
0 0.7984375 0.58125 0.0296875 0.0265625
1 0.765625 0.7140625 0.065625 0.153125
0 0.775 0.653125 0.0296875 0.0265625
1 0.715625 0.696875 0.0625 0.18125
0 0.721875 0.625 0.0296875 0.0296875
1 0.74375 0.6578125 0.0515625 0.153125
0 0.74375 0.6 0.0265625 0.0265625
1 0.771875 0.571875 0.05 0.16875
0 0.765625 0.5109375 0.0234375 0.0265625
1 0.753125 0.6 0.04375 0.1375
0 0.753125 0.5546875 0.01875 0.01875
1 0.7390625 0.6015625 0.046875 0.1515625
0 0.7375 0.5421875 0.0265625 0.025
1 0.7046875 0.6328125 0.053125 0.196875
0 0.7015625 0.553125 0.0296875 0.0265625
1 0.6375 0.7109375 0.0765625 0.221875
0 0.6359375 0.6171875 0.0296875 0.0265625
1 0.5796875 0.734375 0.103125 0.2328125
0 0.571875 0.6328125 0.025 0.025
1 0.4609375 0.784375 0.0890625 0.25
0 0.45 0.6796875 0.0265625 0.0265625
1 0.4796875 0.696875 0.065625 0.1765625
0 0.484375 0.625 0.025 0.025
1 0.5421875 0.7125 0.0578125 0.1890625
0 0.54375 0.6375 0.01875 0.01875
1 0.6078125 0.6609375 0.0609375 0.16875
0 0.6125 0.590625 0.025 0.0265625
1 0.659375 0.6640625 0.0625 0.16875
0 0.659375 0.590625 0.0234375 0.01875
1 0.675 0.5859375 0.0578125 0.1375
0 0.675 0.528125 0.025 0.025
1 0.64375 0.5640625 0.046875 0.125
0 0.646875 0.5171875 0.0234375 0.0265625
1 0.6171875 0.609375 0.059375 0.1515625
0 0.621875 0.5546875 0.0234375 0.021875
1 0.4265625 0.6859375 0.090625 0.209375
0 0.4359375 0.6015625 0.0234375 0.025
1 0.5109375 0.6578125 0.065625 0.1828125
0 0.5203125 0.5828125 0.025 0.0265625
1 0.546875 0.6546875 0.0546875 0.1671875
0 0.5546875 0.5875 0.0234375 0.025
1 0.51875 0.56875 0.0453125 0.121875
0 0.53125 0.5203125 0.0234375 0.021875
1 0.346875 0.665625 0.075 0.2171875
0 0.3625 0.571875 0.021875 0.025
1 0.321875 0.6375 0.075 0.2109375
0 0.33125 0.5484375 0.0265625 0.025
1 0.3140625 0.6109375 0.0734375 0.190625
0 0.321875 0.5296875 0.0265625 0.021875
1 0.384375 0.5890625 0.065625 0.2109375
0 0.396875 0.4984375 0.0234375 0.021875
1 0.484375 0.5265625 0.053125 0.1515625
0 0.49375 0.4703125 0.01875 0.021875
1 0.45625 0.49375 0.0453125 0.1375
0 0.45625 0.440625 0.0125 0.0125
1 0.4140625 0.496875 0.05 0.146875
0 0.421875 0.4375 0.021875 0.025
1 0.384375 0.4859375 0.053125 0.1546875
0 0.3859375 0.425 0.01875 0.0265625
1 0.325 0.4875 0.05 0.1453125
0 0.325 0.43125 0.01875 0.0265625
1 0.2765625 0.496875 0.0625 0.159375
0 0.278125 0.4328125 0.021875 0.0265625
1 0.215625 0.5078125 0.0578125 0.1609375
0 0.215625 0.4515625 0.01875 0.025
1 0.2125 0.6015625 0.0578125 0.1453125
0 0.2171875 0.54375 0.01875 0.021875
1 0.1625 0.6296875 0.0625 0.175
0 0.175 0.5625 0.0359375 0.0359375
1 0.0953125 0.615625 0.0625 0.1546875
0 0.1078125 0.5546875 0.0265625 0.0265625
1 0.0609375 0.571875 0.0578125 0.190625
0 0.0546875 0.4890625 0.0296875 0.0265625
1 0.040625 0.5390625 0.0609375 0.175
0 0.034375 0.4734375 0.021875 0.01875
1 0.084375 0.5484375 0.040625 0.165625
0 0.090625 0.4828125 0.025 0.025
1 0.15625 0.5765625 0.05 0.1828125
0 0.1578125 0.503125 0.0265625 0.0265625
1 0.1859375 0.55625 0.05 0.153125
0 0.1859375 0.5046875 0.021875 0.021875
1 0.121875 0.5265625 0.053125 0.1671875
0 0.1265625 0.465625 0.021875 0.025
1 0.153125 0.5125 0.0390625 0.1453125
0 0.1578125 0.4578125 0.01875 0.021875
1 0.040625 0.475 0.0546875 0.165625
0 0.040625 0.4109375 0.0234375 0.025
1 0.1421875 0.4515625 0.053125 0.1390625
0 0.1484375 0.4 0.0171875 0.021875
1 0.1515625 0.4234375 0.0515625 0.13125
0 0.1578125 0.375 0.01875 0.021875
1 0.125 0.403125 0.0453125 0.13125
0 0.13125 0.3515625 0.01875 0.021875
1 0.1015625 0.4171875 0.04375 0.115625
0 0.1015625 0.371875 0.021875 0.021875
1 0.0625 0.4125 0.0515625 0.125
0 0.0734375 0.3640625 0.0234375 0.021875
1 0.0546875 0.4984375 0.04375 0.1375
0 0.059375 0.4453125 0.01875 0.0265625
1 0.125 0.475 0.04375 0.1296875
0 0.1265625 0.425 0.0234375 0.0265625
1 0.1859375 0.4046875 0.0453125 0.115625
0 0.1859375 0.3578125 0.015625 0.0125
1 0.1875 0.4234375 0.0546875 0.14375
0 0.190625 0.371875 0.0171875 0.021875
1 0.1921875 0.4515625 0.053125 0.13125
0 0.19375 0.4015625 0.021875 0.025
1 0.19375 0.475 0.0578125 0.146875
0 0.196875 0.4171875 0.021875 0.0265625
1 0.234375 0.48125 0.0609375 0.14375
0 0.2265625 0.425 0.01875 0.021875
1 0.2578125 0.4578125 0.053125 0.146875
0 0.2546875 0.4 0.0171875 0.025
1 0.2234375 0.4375 0.046875 0.13125
0 0.2203125 0.3859375 0.0171875 0.021875
1 0.2125 0.39375 0.046875 0.14375
0 0.2140625 0.34375 0.021875 0.025
1 0.2515625 0.4 0.046875 0.1453125
0 0.246875 0.3421875 0.021875 0.025
1 0.3 0.3875 0.0359375 0.1015625
0 0.30625 0.346875 0.0125 0.0125
1 0.3328125 0.3875 0.0375 0.1015625
0 0.33125 0.346875 0.015625 0.015625
1 0.296875 0.4234375 0.046875 0.1234375
0 0.3 0.375 0.01875 0.025
1 0.29375 0.4828125 0.053125 0.1390625
0 0.29375 0.43125 0.0171875 0.0265625
1 0.3359375 0.453125 0.046875 0.1234375
0 0.3421875 0.40625 0.021875 0.025
1 0.365625 0.4484375 0.0453125 0.1296875
0 0.3640625 0.4015625 0.021875 0.025
1 0.3515625 0.4296875 0.0578125 0.14375
0 0.3546875 0.371875 0.0171875 0.021875
1 0.3734375 0.3703125 0.04375 0.109375
0 0.371875 0.328125 0.015625 0.021875
1 0.3875 0.4 0.0515625 0.1078125
0 0.384375 0.3578125 0.0171875 0.021875
1 0.415625 0.3703125 0.04375 0.1171875
0 0.4125 0.3265625 0.01875 0.021875
1 0.446875 0.425 0.0453125 0.121875
0 0.4484375 0.3796875 0.0171875 0.025
1 0.421875 0.4546875 0.0453125 0.13125
0 0.4328125 0.40625 0.0171875 0.025
1 0.471875 0.453125 0.04375 0.1234375
0 0.46875 0.4078125 0.01875 0.01875
1 0.5015625 0.4765625 0.05 0.13125
0 0.5 0.4265625 0.0171875 0.021875
1 0.446875 0.3734375 0.0453125 0.1234375
0 0.4421875 0.3296875 0.0171875 0.015625
1 0.59375 0.5296875 0.0609375 0.1234375
0 0.6078125 0.4859375 0.021875 0.021875
1 0.5671875 0.5625 0.04375 0.1078125
0 0.5625 0.5296875 0.0171875 0.021875
1 0.1609375 0.565625 0.0453125 0.1171875
0 0.1546875 0.5015625 0.0265625 0.0296875