1 0.6046875 0.5515625 0.3 0.640625
0 0.634375 0.296875 0.090625 0.109375
1 0.2640625 0.546875 0.384375 0.65
0 0.275 0.3203125 0.0890625 0.1265625
1 0.715625 0.6078125 0.340625 0.528125
0 0.759375 0.3890625 0.125 0.15625
1 0.590625 0.6859375 0.8140625 0.371875
0 0.46875 0.5 0.2359375 0.346875
1 0.8859375 0.3453125 0.071875 0.14375
0 0.8984375 0.290625 0.01875 0.021875
1 0.909375 0.309375 0.040625 0.0953125
0 0.909375 0.2703125 0.009375 0.009375
1 0.884375 0.3015625 0.0265625 0.0875
0 0.8859375 0.2671875 0.0109375 0.0125
1 0.8359375 0.2546875 0.034375 0.06875
0 0.8453125 0.228125 0.00625 0.009375
1 0.796875 0.3453125 0.0609375 0.171875
0 0.7953125 0.2765625 0.0171875 0.021875
1 0.75 0.2078125 0.01875 0.0296875
0 0.753125 0.1984375 0.00625 0.00625
1 0.7296875 0.2078125 0.021875 0.025
0 0.734375 0.1984375 0.00625 0.00625
1 0.7484375 0.178125 0.0140625 0.040625
0 0.7515625 0.1609375 0.00625 0.0046875
1 0.7375 0.1765625 0.0171875 0.046875
0 0.7390625 0.1578125 0.00625 0.00625
1 0.640625 0.1828125 0.0171875 0.034375
0 0.6453125 0.16875 0.003125 0.003125
1 0.640625 0.171875 0.015625 0.040625
0 0.640625 0.1578125 0.00625 0.0046875
1 0.60625 0.1796875 0.015625 0.0421875
0 0.60625 0.1609375 0.00625 0.0046875
1 0.59375 0.2203125 0.0125 0.028125
0 0.596875 0.2109375 0.00625 0.003125
1 0.125 0.33125 0.0625 0.1515625
0 0.1203125 0.2734375 0.015625 0.021875
1 0.1671875 0.3296875 0.059375 0.146875
0 0.1609375 0.2671875 0.021875 0.021875
1 0.346875 0.346875 0.053125 0.15625
0 0.3484375 0.28125 0.025 0.0234375
1 0.5765625 0.2296875 0.0171875 0.05625
0 0.5765625 0.209375 0.003125 0.00625
1 0.55625 0.171875 0.015625 0.0421875
0 0.5578125 0.1546875 0.003125 0.0046875
1 0.5328125 0.16875 0.01875 0.04375
0 0.534375 0.153125 0.003125 0.003125
1 0.540625 0.171875 0.0140625 0.0421875
0 0.540625 0.1578125 0.003125 0.0046875
1 0.51875 0.175 0.0140625 0.03125
0 0.51875 0.1640625 0.003125 0.0046875
1 0.0390625 0.4203125 0.075 0.365625
0 0.0125 0.26875 0.0203125 0.046875
1 0.584375 0.1671875 0.0140625 0.034375
0 0.5875 0.1546875 0.00625 0.00625
1 0.55 0.2328125 0.025 0.059375
0 0.5515625 0.2125 0.009375 0.009375