1 0.0171875 0.6953125 0.00625 0.015625
0 0.0171875 0.690625 0.0015625 0.0015625
1 0.0125 0.7359375 0.0234375 0.0734375
0 0.0125 0.7046875 0.009375 0.009375
1 0.0265625 0.6953125 0.0078125 0.015625
0 0.0265625 0.690625 0.0015625 0.0015625
1 0.0375 0.696875 0.00625 0.0140625
0 0.0375 0.6921875 0.0015625 0.0015625
1 0.0453125 0.6953125 0.00625 0.015625
0 0.0453125 0.6921875 0.003125 0.003125
1 0.028125 0.715625 0.0140625 0.0296875
0 0.03125 0.7046875 0.0046875 0.003125
1 0.0375 0.7328125 0.0234375 0.0546875
0 0.04375 0.7109375 0.0078125 0.009375
1 0.0953125 0.7171875 0.0125 0.0359375
0 0.0953125 0.703125 0.0046875 0.0046875
1 0.10625 0.7296875 0.021875 0.0546875
0 0.1078125 0.70625 0.00625 0.00625
1 0.1140625 0.7 0.00625 0.01875
0 0.1140625 0.69375 0.0015625 0.0015625
1 0.128125 0.7 0.003125 0.0140625
0 0.128125 0.69375 0.0015625 0.0015625
1 0.121875 0.71875 0.0109375 0.03125
0 0.1203125 0.70625 0.003125 0.003125
1 0.1265625 0.7265625 0.0140625 0.046875
0 0.13125 0.70625 0.0078125 0.0078125
1 0.13125 0.7265625 0.015625 0.046875
0 0.1296875 0.7046875 0.0046875 0.0046875
1 0.146875 0.7265625 0.0234375 0.05
0 0.1546875 0.7046875 0.0078125 0.0078125
1 0.1640625 0.7234375 0.01875 0.053125
0 0.1671875 0.7015625 0.00625 0.00625
1 0.2109375 0.725 0.0140625 0.053125
0 0.2140625 0.7015625 0.0046875 0.0046875
1 0.2234375 0.725 0.0171875 0.05
0 0.2265625 0.703125 0.0046875 0.00625
1 0.228125 0.65625 0.0046875 0.0109375
0 0.2296875 0.653125 0.0015625 0
1 0.2328125 0.65625 0.00625 0.0109375
0 0.234375 0.6515625 0.0015625 0.0015625
1 0.240625 0.65625 0.00625 0.0109375
0 0.2421875 0.6515625 0.0015625 0.0015625
1 0.3 0.65625 0.003125 0.0140625
0 0.3015625 0.6515625 0.0015625 0.003125
1 0.375 0.6625 0.003125 0.0109375
0 0.375 0.6578125 0.0015625 0
1 0.515625 0.6609375 0.00625 0.0125
0 0.515625 0.65625 0 0.0015625
1 0.5 0.659375 0.00625 0.0140625
0 0.5 0.653125 0 0.0015625
1 0.4953125 0.6578125 0.0046875 0.0125
0 0.4953125 0.653125 0.0015625 0
1 0.5515625 0.6609375 0.0046875 0.0140625
0 0.5515625 0.65625 0.0015625 0.0015625
1 0.55625 0.6609375 0.00625 0.015625
0 0.55625 0.6546875 0 0
1 0.565625 0.659375 0.0046875 0.015625
0 0.565625 0.653125 0.0015625 0.0015625
1 0.584375 0.6609375 0.0046875 0.015625
0 0.584375 0.6546875 0.0015625 0.0015625
1 0.5953125 0.6609375 0.0046875 0.0140625
0 0.596875 0.6546875 0.0015625 0.0015625
1 0.6109375 0.6609375 0.0046875 0.015625
0 0.609375 0.6546875 0.0015625 0.0015625
1 0.6671875 0.6640625 0.0046875 0.0078125
0 0.6671875 0.6609375 0 0.0015625
1 0.6859375 0.6609375 0.0046875 0.0109375
0 0.6875 0.6578125 0.0015625 0.0015625
1 0.6953125 0.6625 0.00625 0.0125
0 0.6953125 0.6578125 0.0015625 0.0015625
1 0.70625 0.6640625 0.0046875 0.009375
0 0.7078125 0.6609375 0.0015625 0.0015625
1 0.753125 0.6609375 0.0046875 0.0140625
0 0.7546875 0.65625 0.0015625 0.0015625
1 0.75625 0.6625 0.0046875 0.0140625
0 0.75625 0.65625 0.0015625 0.0015625
1 0.765625 0.6625 0.00625 0.0140625
0 0.765625 0.65625 0.0015625 0.0015625
1 0.7734375 0.6640625 0.0046875 0.015625
0 0.775 0.6578125 0.0015625 0.0015625
1 0.778125 0.6640625 0.00625 0.0140625
0 0.778125 0.6578125 0.0015625 0.0015625
1 0.7984375 0.6625 0.0046875 0.0140625
0 0.8 0.6578125 0.0015625 0.0015625
1 0.80625 0.665625 0.003125 0.0109375
0 0.80625 0.6625 0.0015625 0.0015625
1 0.8453125 0.665625 0.0046875 0.0140625
0 0.8453125 0.6609375 0.0015625 0.0015625
1 0.8515625 0.665625 0.0046875 0.0125
0 0.853125 0.6609375 0.0015625 0.0015625
1 0.8578125 0.665625 0.0046875 0.0109375
0 0.859375 0.6609375 0.0015625 0.0015625
1 0.90625 0.6625 0.00625 0.0140625
0 0.90625 0.659375 0.0015625 0.0015625
1 0.915625 0.7125 0.0046875 0.0140625
0 0.9171875 0.70625 0.0015625 0.0015625
1 0.8875 0.7125 0.003125 0.0140625
0 0.8875 0.70625 0.0015625 0.0015625
1 0.8765625 0.7109375 0.0046875 0.0140625
0 0.878125 0.70625 0.0015625 0.0015625
1 0.83125 0.7125 0.0046875 0.01875
0 0.83125 0.7046875 0.0015625 0.0015625
1 0 0.165625 0 0
0 0.9953125 0.728125 0.003125 0.003125
1 0.80625 0.7296875 0.009375 0.0421875
0 0.80625 0.7125 0.0046875 0.003125
1 0.8109375 0.7296875 0.009375 0.0390625
0 0.8109375 0.7140625 0.003125 0.0046875
1 0.7328125 0.7109375 0.00625 0.01875
0 0.734375 0.7046875 0.0015625 0.0015625
1 0.7359375 0.7125 0.0078125 0.015625
0 0.7359375 0.7046875 0.0015625 0.0015625
1 0.628125 0.7203125 0.0078125 0.01875
0 0.6296875 0.7140625 0.0015625 0.0015625
1 0.6203125 0.721875 0.0078125 0.01875
0 0.6203125 0.7140625 0.0015625 0.003125
1 0.6109375 0.721875 0.0078125 0.01875
0 0.6125 0.7140625 0.0015625 0.0015625
1 0.5734375 0.71875 0.00625 0.01875
0 0.5734375 0.7125 0.003125 0.003125
1 0.56875 0.7203125 0.0046875 0.0171875
0 0.56875 0.7140625 0.0015625 0.0015625
1 0.2875 0.7015625 0.0046875 0.015625
0 0.2890625 0.696875 0.0015625 0.0015625
1 0.253125 0.725 0.009375 0.040625
0 0.25625 0.70625 0.003125 0.0046875
1 0.2671875 0.721875 0.0109375 0.0390625
0 0.2671875 0.7078125 0.0046875 0.0046875
1 0.2796875 0.7234375 0.0109375 0.040625
0 0.2796875 0.7046875 0.0046875 0.0046875
1 0.2921875 0.725 0.009375 0.0359375
0 0.29375 0.709375 0.003125 0.0046875
1 0.325 0.721875 0.0078125 0.034375
0 0.328125 0.709375 0.003125 0.003125
1 0.471875 0.7390625 0.1875 0.18125
0 0.471875 0.6796875 0.0390625 0.05625
1 0.1203125 0.6984375 0.0046875 0.0171875
0 0.121875 0.6921875 0.0015625 0.0015625
1 0.5609375 0.659375 0.0046875 0.015625
0 0.5609375 0.653125 0.0015625 0.0015625