1 0.009375 0.6140625 0.0140625 0.0453125
0 0.00625 0.5953125 0.00625 0.0046875
1 0.053125 0.6109375 0.01875 0.034375
0 0.0546875 0.5984375 0.0046875 0.0046875
1 0.078125 0.6125 0.01875 0.040625
0 0.078125 0.5984375 0.00625 0.00625
1 0.3890625 0.615625 0.025 0.0515625
0 0.3890625 0.5921875 0.003125 0.0046875
1 0.3984375 0.6078125 0.0171875 0.034375
0 0.4 0.5953125 0.0046875 0.0046875
1 0.4109375 0.6015625 0.0171875 0.0328125
0 0.4109375 0.590625 0.003125 0.0046875
1 0.4265625 0.6203125 0.0265625 0.06875
0 0.425 0.5921875 0.0078125 0.0078125
1 0.4390625 0.615625 0.0296875 0.0703125
0 0.4375 0.5859375 0.00625 0.0078125
1 0.4890625 0.6484375 0.0359375 0.1265625
0 0.4921875 0.596875 0.015625 0.015625
1 0.5078125 0.6265625 0.0203125 0.0609375
0 0.509375 0.60625 0.00625 0.009375
1 0.521875 0.625 0.028125 0.0625
0 0.5203125 0.603125 0.009375 0.009375
1 0.5375 0.63125 0.0328125 0.0671875
0 0.5375 0.6046875 0.0078125 0.009375
1 0.553125 0.659375 0.0515625 0.1359375
0 0.5546875 0.603125 0.0140625 0.0171875
1 0.6046875 0.6671875 0.05625 0.134375
0 0.6 0.609375 0.0171875 0.0171875
1 0.7125 0.6375 0.028125 0.0828125
0 0.7171875 0.6015625 0.009375 0.0078125
1 0.7296875 0.6390625 0.0296875 0.08125
0 0.725 0.6078125 0.009375 0.009375
1 0.7796875 0.65 0.071875 0.1234375
0 0.771875 0.6015625 0.0171875 0.0171875
1 0.959375 0.6703125 0.0703125 0.1578125
0 0.9515625 0.6046875 0.0265625 0.021875