1 0.434375 0.8515625 0.05625 0.184375
0 0.4390625 0.7765625 0.021875 0.0265625
1 0.5 0.915625 0.071875 0.1234375
0 0.5 0.8703125 0.021875 0.0265625
1 0.5015625 0.8625 0.034375 0.0765625
0 0.5015625 0.834375 0.0109375 0.0140625
1 0.521875 0.840625 0.04375 0.10625
0 0.5203125 0.796875 0.015625 0.015625
1 0.553125 0.8484375 0.0296875 0.0984375
0 0.5546875 0.809375 0.0109375 0.0109375
1 0.6328125 0.834375 0.0296875 0.1
0 0.6359375 0.79375 0.0109375 0.0109375
1 0.64375 0.840625 0.03125 0.0953125
0 0.640625 0.8 0.009375 0.0109375