1 0.196875 0.7921875 0.0609375 0.190625
0 0.175 0.7203125 0.0171875 0.0375
1 0.1921875 0.7265625 0.0375 0.134375
0 0.1921875 0.671875 0.021875 0.021875
1 0.2296875 0.746875 0.046875 0.15
0 0.2328125 0.6828125 0.0234375 0.021875
1 0.4734375 0.8234375 0.0734375 0.2625
0 0.475 0.7171875 0.0359375 0.0421875
1 0.5234375 0.8046875 0.08125 0.2875
0 0.5203125 0.684375 0.034375 0.0453125
1 0.4 0.7671875 0.0296875 0.08125
0 0.403125 0.7328125 0.0109375 0.0109375
1 0.415625 0.7703125 0.03125 0.0640625
0 0.4125 0.7484375 0.0125 0.015625
1 0.425 0.775 0.0296875 0.0703125
0 0.425 0.7515625 0.0109375 0.0125
1 0.4484375 0.765625 0.0234375 0.0765625
0 0.446875 0.734375 0.0109375 0.0109375
1 0.7078125 0.7703125 0.0453125 0.0546875
0 0.715625 0.75 0.0078125 0.0109375
1 0.7765625 0.771875 0.040625 0.0609375
0 0.784375 0.746875 0.0109375 0.0109375
1 0.75 0.76875 0.065625 0.0640625
0 0.7765625 0.7421875 0.0109375 0.0109375
1 0.796875 0.771875 0.040625 0.0671875
0 0.80625 0.7453125 0.0078125 0.009375
1 0.815625 0.7453125 0.0140625 0.0359375
0 0.8171875 0.73125 0.0046875 0.00625
1 0.796875 0.7421875 0.0140625 0.0359375
0 0.796875 0.7265625 0.0046875 0.003125
1 0.78125 0.740625 0.0203125 0.0359375
0 0.778125 0.7265625 0.0046875 0.0046875
1 0.73125 0.75 0.0125 0.03125
0 0.73125 0.7375 0.003125 0.003125
1 0.74375 0.74375 0.0109375 0.0328125
0 0.74375 0.73125 0.0046875 0.00625
1 0.703125 0.76875 0.0375 0.0515625
0 0.7140625 0.75 0.0078125 0.0109375