1 0.18125 0.6609375 0.359375 0.4046875
0 0.1125 0.4609375 0.1140625 0.1375
1 0.078125 0.65625 0.1546875 0.4140625
0 0.0484375 0.490625 0.0703125 0.071875
1 0.2703125 0.60625 0.125 0.365625
0 0.3015625 0.453125 0.05 0.0515625
1 0.3328125 0.5984375 0.0828125 0.3359375
0 0.340625 0.4625 0.0453125 0.04375
1 0.4078125 0.6359375 0.1234375 0.3953125
0 0.4125 0.4953125 0.0421875 0.0453125
1 0.3953125 0.6375 0.1015625 0.3203125
0 0.4125 0.5 0.0390625 0.04375
1 0.46875 0.58125 0.078125 0.30625
0 0.4703125 0.4515625 0.0328125 0.0390625
1 0.5421875 0.5796875 0.1015625 0.3109375
0 0.534375 0.4484375 0.0390625 0.046875
1 0.6203125 0.6796875 0.225 0.36875
0 0.615625 0.55625 0.0890625 0.1125
1 0.70625 0.653125 0.1296875 0.3796875
0 0.7171875 0.496875 0.040625 0.0546875
1 0.775 0.6125 0.075 0.340625
0 0.7796875 0.475 0.0484375 0.046875
1 0.896875 0.68125 0.2015625 0.3640625
0 0.9625 0.675 0.0703125 0.196875
1 0.903125 0.6671875 0.115625 0.36875
0 0.909375 0.5140625 0.053125 0.0515625
1 0.8625 0.634375 0.1140625 0.3328125
0 0.8796875 0.4921875 0.0453125 0.04375
1 0.9484375 0.6203125 0.1 0.3546875
0 0.94375 0.471875 0.0375 0.04375
1 0.0421875 0.65625 0.08125 0.4171875
0 0.0171875 0.4890625 0.03125 0.071875
1 0.0453125 0.640625 0.0875 0.4484375
0 0.0234375 0.4515625 0.0453125 0.0546875
1 0.8515625 0.5640625 0.078125 0.2453125
0 0.8609375 0.4609375 0.0296875 0.0328125