1 0.91875 0.690625 0.040625 0.0921875
0 0.9171875 0.6546875 0.0125 0.0125
1 0.9125 0.6125 0.025 0.0703125
0 0.915625 0.584375 0.0109375 0.0109375
1 0.9046875 0.609375 0.034375 0.078125
0 0.915625 0.5828125 0.0109375 0.0125
1 0.7453125 0.5828125 0.028125 0.065625
0 0.746875 0.5578125 0.0078125 0.009375
1 0.659375 0.6328125 0.04375 0.05625
0 0.6703125 0.6140625 0.0109375 0.0125
1 0.584375 0.734375 0.06875 0.121875
0 0.590625 0.684375 0.01875 0.0203125
1 0.5796875 0.659375 0.0359375 0.0578125
0 0.5875 0.6390625 0.009375 0.0109375
1 0.5234375 0.671875 0.0359375 0.05625
0 0.5234375 0.65 0.0125 0.0109375
1 0.4875 0.6515625 0.04375 0.059375
0 0.4796875 0.63125 0.0109375 0.0125
1 0.39375 0.68125 0.0453125 0.0953125
0 0.3953125 0.6453125 0.015625 0.0171875
1 0.29375 0.7046875 0.0421875 0.1078125
0 0.2984375 0.6609375 0.015625 0.0171875
1 0.2765625 0.678125 0.0296875 0.0890625
0 0.275 0.64375 0.0109375 0.0125
1 0.2515625 0.6328125 0.0359375 0.0734375
0 0.2421875 0.60625 0.0125 0.0125
1 0.2828125 0.615625 0.040625 0.071875
0 0.28125 0.5875 0.009375 0.009375
1 0.2046875 0.621875 0.03125 0.078125
0 0.1984375 0.5921875 0.0109375 0.0125
1 0.153125 0.65 0.034375 0.0859375
0 0.1453125 0.6171875 0.0109375 0.0125
1 0.04375 0.646875 0.046875 0.0859375
0 0.0375 0.6140625 0.0109375 0.0125
1 0.0921875 0.5765625 0.034375 0.0640625
0 0.0921875 0.553125 0.0078125 0.0078125
1 0.071875 0.5796875 0.0234375 0.0609375
0 0.0703125 0.5578125 0.0109375 0.009375
1 0.4015625 0.58125 0.0328125 0.0609375
0 0.4015625 0.5578125 0.009375 0.009375
1 0.36875 0.584375 0.03125 0.0671875
0 0.371875 0.5578125 0.0078125 0.0078125
1 0.346875 0.590625 0.0265625 0.0609375
0 0.353125 0.56875 0.0109375 0.009375
1 0.43125 0.5546875 0.028125 0.0484375
0 0.434375 0.5375 0.00625 0.00625
1 0.403125 0.546875 0.0234375 0.04375
0 0.403125 0.5296875 0.0078125 0.00625
1 0.503125 0.5328125 0.0234375 0.04375
0 0.5046875 0.5171875 0.0078125 0.0078125
1 0.515625 0.5421875 0.01875 0.0390625
0 0.515625 0.5296875 0.00625 0.0078125
1 0.55 0.5234375 0.015625 0.0375
0 0.5515625 0.5078125 0.00625 0.00625
1 0.5703125 0.521875 0.01875 0.0390625
0 0.571875 0.5078125 0.00625 0.00625
1 0.5609375 0.521875 0.015625 0.0359375
0 0.5640625 0.509375 0.00625 0.00625
1 0.5984375 0.571875 0.0203125 0.05625
0 0.5953125 0.553125 0.0078125 0.009375
1 0.6078125 0.56875 0.0234375 0.053125
0 0.609375 0.55 0.0078125 0.009375
1 0.6328125 0.5671875 0.0234375 0.0546875
0 0.6328125 0.5484375 0.009375 0.0109375
1 0.6203125 0.5140625 0.021875 0.0453125
0 0.6203125 0.496875 0.00625 0.00625
1 0.76875 0.515625 0.015625 0.0375
0 0.7703125 0.503125 0.00625 0.00625
1 0.7453125 0.5359375 0.0234375 0.04375
0 0.7453125 0.5203125 0.0078125 0.0078125
1 0.7078125 0.5359375 0.025 0.0421875
0 0.70625 0.5234375 0.0078125 0.0078125