1 0.1109375 0.725 0.0375 0.0984375
0 0.121875 0.6859375 0.0125 0.0125
1 0.1296875 0.725 0.025 0.090625
0 0.13125 0.6875 0.0125 0.0125
1 0.3828125 0.753125 0.0546875 0.1609375
0 0.3953125 0.6859375 0.0171875 0.021875
1 0.4 0.7390625 0.040625 0.1328125
0 0.40625 0.684375 0.0125 0.0171875
1 0.4359375 0.74375 0.0390625 0.125
0 0.4296875 0.690625 0.0125 0.01875
1 0.415625 0.703125 0.021875 0.0640625
0 0.415625 0.675 0.00625 0.0078125
1 0.46875 0.6953125 0.0125 0.0390625
0 0.46875 0.6796875 0.0046875 0.0046875
1 0.484375 0.6953125 0.0125 0.040625
0 0.4828125 0.6828125 0.0046875 0.0046875
1 0.509375 0.703125 0.0125 0.04375
0 0.509375 0.6859375 0.00625 0.00625
1 0.515625 0.7015625 0.0125 0.0453125
0 0.515625 0.6828125 0.0046875 0.00625
1 0.51875 0.6921875 0.0078125 0.025
0 0.5203125 0.6828125 0.003125 0.003125
1 0.525 0.6953125 0.00625 0.0296875
0 0.5265625 0.6828125 0.003125 0.003125
1 0.53125 0.6953125 0.015625 0.025
0 0.534375 0.6875 0.003125 0.0046875
1 0.5375 0.6953125 0.015625 0.0234375
0 0.5375 0.6859375 0.003125 0.003125
1 0.540625 0.69375 0.015625 0.021875
0 0.5390625 0.6859375 0.003125 0.003125
1 0.5546875 0.6921875 0.009375 0.028125
0 0.55625 0.68125 0.003125 0.003125
1 0.5609375 0.7015625 0.015625 0.0359375
0 0.5609375 0.6875 0.00625 0.00625
1 0.590625 0.7703125 0.071875 0.2046875
0 0.5765625 0.684375 0.0234375 0.0296875
1 0.6421875 0.7046875 0.01875 0.0375
0 0.64375 0.690625 0.0046875 0.00625
1 0.6640625 0.70625 0.0234375 0.0421875
0 0.665625 0.690625 0.00625 0.00625
1 0.7171875 0.7203125 0.0484375 0.1078125
0 0.709375 0.675 0.0109375 0.0125
1 0.7421875 0.7265625 0.0421875 0.1078125
0 0.7375 0.68125 0.0109375 0.0125