1 0.05 0.6875 0.096875 0.3015625
0 0.01875 0.5875 0.034375 0.090625
1 0.0578125 0.70625 0.1125 0.2625
0 0.0265625 0.615625 0.0515625 0.075
1 0.1015625 0.709375 0.1703125 0.2546875
0 0.0734375 0.628125 0.078125 0.0859375
1 0.1265625 0.7 0.046875 0.1265625
0 0.121875 0.65 0.01875 0.021875
1 0.1515625 0.6890625 0.0578125 0.1453125
0 0.1421875 0.63125 0.01875 0.021875
1 0.0125 0.575 0.021875 0.0515625
0 0.0125 0.55625 0.00625 0.0078125
1 0.034375 0.5640625 0.015625 0.0421875
0 0.0328125 0.5484375 0.00625 0.0046875
1 0.040625 0.571875 0.015625 0.053125
0 0.0453125 0.553125 0.0078125 0.0078125
1 0.046875 0.575 0.015625 0.0484375
0 0.046875 0.5578125 0.009375 0.0078125
1 0.046875 0.5640625 0.015625 0.0421875
0 0.05 0.546875 0.003125 0.0046875
1 0.0609375 0.575 0.0265625 0.05625
0 0.0625 0.55 0.0078125 0.0078125
1 0.0828125 0.575 0.0171875 0.04375
0 0.0828125 0.559375 0.0078125 0.0078125
1 0.09375 0.5734375 0.0171875 0.0484375
0 0.090625 0.553125 0.0078125 0.0078125
1 0.103125 0.5828125 0.0171875 0.053125
0 0.103125 0.5609375 0.0078125 0.0046875
1 0.115625 0.578125 0.015625 0.0578125
0 0.115625 0.55625 0.0078125 0.0078125
1 0.125 0.565625 0.0109375 0.0421875
0 0.125 0.5484375 0.00625 0.0046875
1 0.1578125 0.55625 0.0109375 0.034375
0 0.1578125 0.54375 0.003125 0.0046875
1 0.1671875 0.5609375 0.0171875 0.0421875
0 0.1671875 0.5453125 0.0078125 0.0078125
1 0.1875 0.5625 0.0109375 0.0390625
0 0.190625 0.546875 0.0078125 0.0078125
1 0.6859375 0.55625 0.0140625 0.0390625
0 0.6859375 0.5375 0.00625 0.0046875
1 0.6953125 0.55625 0.0140625 0.0390625
0 0.696875 0.540625 0.00625 0.0046875
1 0.7 0.5546875 0.015625 0.04375
0 0.7 0.5375 0.003125 0.0046875
1 0.8328125 0.5328125 0.0109375 0.025
0 0.8359375 0.525 0.003125 0.0015625
1 0.840625 0.5328125 0.0109375 0.025
0 0.8421875 0.5265625 0.003125 0.0046875
1 0.784375 0.56875 0.015625 0.0515625
0 0.7875 0.546875 0.0078125 0.0078125
1 0.7953125 0.5828125 0.0140625 0.03125
0 0.7953125 0.571875 0.0078125 0.0078125
1 0.8015625 0.5734375 0.015625 0.0484375
0 0.8 0.553125 0.00625 0.0046875
1 0.8171875 0.5734375 0.01875 0.0484375
0 0.81875 0.55625 0.0078125 0.0046875
1 0.8125 0.5609375 0.0140625 0.04375
0 0.8171875 0.546875 0.00625 0.0078125
1 0.83125 0.578125 0.0234375 0.05625
0 0.8328125 0.5578125 0.0078125 0.0078125
1 0.8359375 0.56875 0.015625 0.0515625
0 0.840625 0.55 0.00625 0.0078125
1 0.84375 0.5703125 0.015625 0.0515625
0 0.84375 0.553125 0.00625 0.0078125
1 0.8359375 0.596875 0.0265625 0.06875
0 0.8359375 0.5703125 0.0109375 0.0125
1 0.890625 0.596875 0.0234375 0.075
0 0.8921875 0.5671875 0.0109375 0.0125
1 0.909375 0.6 0.0265625 0.065625
0 0.9109375 0.575 0.0109375 0.0125
1 0.909375 0.5984375 0.0234375 0.0625
0 0.9109375 0.575 0.0109375 0.0140625
1 0.925 0.596875 0.021875 0.0625
0 0.9265625 0.5734375 0.009375 0.009375
1 0.9375 0.6171875 0.0234375 0.0609375
0 0.9390625 0.59375 0.009375 0.009375
1 0.959375 0.6171875 0.03125 0.065625
0 0.9578125 0.590625 0.0109375 0.009375
1 0.94375 0.609375 0.0265625 0.071875
0 0.9484375 0.5796875 0.0078125 0.009375
1 0.9625 0.6078125 0.0234375 0.071875
0 0.9625 0.5796875 0.009375 0.009375
1 0.9734375 0.60625 0.01875 0.06875
0 0.975 0.5796875 0.0078125 0.0078125
1 0.984375 0.61875 0.025 0.0859375
0 0.9890625 0.5828125 0.0109375 0.0125
1 0.990625 0.60625 0.009375 0.08125
0 0.99375 0.5734375 0.0046875 0.0125
1 0.9421875 0.5875 0.0265625 0.071875
0 0.94375 0.55625 0.0109375 0.009375
1 0.9578125 0.5890625 0.0234375 0.06875
0 0.95625 0.5625 0.0078125 0.009375
1 0.95 0.59375 0.01875 0.0609375
0 0.9484375 0.5703125 0.0078125 0.0078125
1 0.909375 0.6859375 0.075 0.159375
0 0.9140625 0.621875 0.0234375 0.025
1 0.853125 0.69375 0.0515625 0.16875
0 0.8625 0.625 0.0265625 0.0265625
1 0.9125 0.709375 0.0859375 0.1765625
0 0.9046875 0.6359375 0.0265625 0.0265625
1 0.6859375 0.6859375 0.0515625 0.1515625
0 0.684375 0.625 0.015625 0.025
1 0.778125 0.7375 0.075 0.2015625
0 0.7828125 0.653125 0.0234375 0.0265625
1 0.4796875 0.66875 0.3859375 0.3390625
0 0.4296875 0.471875 0.0859375 0.1296875
1 0.5578125 0.66875 0.315625 0.3390625
0 0.5578125 0.5375 0.09375 0.1125