1 0.5203125 0.7625 0.0109375 0.0265625
0 0.521875 0.7515625 0.003125 0.003125
1 0.5375 0.7625 0.009375 0.0296875
0 0.5390625 0.7515625 0.003125 0.003125
1 0.5359375 0.7625 0.009375 0.03125
0 0.5375 0.75 0.003125 0.003125
1 0.5578125 0.7625 0.0140625 0.0359375
0 0.5546875 0.746875 0.0046875 0.0046875
1 0.5828125 0.7640625 0.009375 0.03125
0 0.5828125 0.7515625 0.003125 0.0046875
1 0.5890625 0.7640625 0.009375 0.03125
0 0.5875 0.75 0.003125 0.003125
1 0.6046875 0.7625 0.0109375 0.028125
0 0.60625 0.753125 0.003125 0.003125
1 0.6078125 0.746875 0.015625 0.034375
0 0.6109375 0.7390625 0.0046875 0.003125
1 0.6265625 0.7453125 0.01875 0.034375
0 0.6296875 0.7390625 0.0046875 0.0046875
1 0.6609375 0.7671875 0.0140625 0.0296875
0 0.6640625 0.7546875 0.0046875 0.0046875
1 0.6796875 0.76875 0.0109375 0.03125
0 0.68125 0.75625 0.003125 0.003125
1 0.6859375 0.765625 0.009375 0.025
0 0.6875 0.7546875 0.003125 0.003125
1 0.7640625 0.771875 0.009375 0.03125
0 0.7640625 0.759375 0.0046875 0.0046875
1 0.771875 0.7734375 0.0078125 0.03125
0 0.7734375 0.7609375 0.0046875 0.0046875
1 0.7796875 0.7734375 0.009375 0.0328125
0 0.7796875 0.759375 0.0046875 0.00625
1 0.815625 0.8046875 0.0234375 0.06875
0 0.815625 0.778125 0.009375 0.0109375
1 0.9484375 0.8015625 0.034375 0.05
0 0.946875 0.78125 0.009375 0.0109375
1 0.93125 0.8 0.05 0.053125
0 0.946875 0.7796875 0.0109375 0.0125