1 0.075 0.7125 0.0859375 0.1296875
0 0.075 0.684375 0.0421875 0.0484375
1 0.2453125 0.6765625 0.1359375 0.2
0 0.25 0.728125 0.053125 0.0625
1 0.4546875 0.6828125 0.1171875 0.1875
0 0.45625 0.7453125 0.0484375 0.059375
1 0.5671875 0.66875 0.159375 0.215625
0 0.559375 0.6640625 0.059375 0.0671875
1 0.7421875 0.6890625 0.1171875 0.175
0 0.7296875 0.66875 0.0578125 0.0578125
1 0.86875 0.6890625 0.1265625 0.1765625
0 0.871875 0.709375 0.05625 0.0578125
1 0.9546875 0.6953125 0.0828125 0.1640625
0 0.96875 0.64375 0.05 0.05625
1 0.871875 0.66875 0.1515625 0.2171875
0 0.86875 0.59375 0.05 0.0578125
1 0.7296875 0.690625 0.1125 0.171875
0 0.7109375 0.6453125 0.05 0.059375
1 0.7 0.6953125 0.0890625 0.1640625
0 0.7140625 0.6453125 0.0421875 0.059375
1 0.6390625 0.690625 0.1046875 0.1734375
0 0.6453125 0.63125 0.0375 0.04375
1 0.6265625 0.6859375 0.0953125 0.18125
0 0.63125 0.646875 0.0515625 0.0671875
1 0.571875 0.68125 0.0984375 0.1921875
0 0.5765625 0.6125 0.040625 0.05
1 0.478125 0.6921875 0.103125 0.16875
0 0.4734375 0.634375 0.0484375 0.0515625
1 0.38125 0.671875 0.1390625 0.2109375
0 0.371875 0.6359375 0.0546875 0.071875
1 0.4109375 0.6765625 0.121875 0.2
0 0.4171875 0.60625 0.0453125 0.0515625
1 0.1203125 0.6828125 0.1578125 0.1875
0 0.146875 0.634375 0.0421875 0.053125
1 0.2828125 0.66875 0.13125 0.215625
0 0.290625 0.59375 0.0578125 0.0578125
1 0.2109375 0.6765625 0.103125 0.2015625
0 0.209375 0.60625 0.0375 0.0484375
1 0.1578125 0.665625 0.0984375 0.2234375
0 0.1640625 0.578125 0.0375 0.04375
1 0.1296875 0.65625 0.0984375 0.2421875
0 0.1296875 0.5609375 0.0359375 0.05
1 0.046875 0.6375 0.0890625 0.2796875
0 0.0328125 0.5203125 0.0328125 0.0421875
1 0.0984375 0.6109375 0.08125 0.2546875
0 0.0953125 0.5046875 0.03125 0.0375
1 0.1359375 0.5859375 0.08125 0.2546875
0 0.134375 0.4828125 0.0328125 0.0421875
1 0.2140625 0.5796875 0.084375 0.259375
0 0.215625 0.4734375 0.0328125 0.0390625
1 0.2375 0.665625 0.103125 0.221875
0 0.2375 0.584375 0.0421875 0.046875
1 0.315625 0.6484375 0.103125 0.2578125
0 0.3140625 0.5515625 0.0453125 0.053125
1 0.38125 0.6453125 0.08125 0.2484375
0 0.384375 0.54375 0.0375 0.0359375
1 0.4609375 0.640625 0.0875 0.271875
0 0.4546875 0.5265625 0.0359375 0.0375
1 0.44375 0.625 0.0765625 0.253125
0 0.446875 0.51875 0.028125 0.0375
1 0.5296875 0.671875 0.0890625 0.2109375
0 0.528125 0.5921875 0.0421875 0.05
1 0.55 0.63125 0.0859375 0.278125
0 0.5578125 0.5171875 0.03125 0.0421875
1 0.765625 0.65625 0.1203125 0.2421875
0 0.76875 0.5625 0.046875 0.0515625
1 0.809375 0.653125 0.1 0.25
0 0.8140625 0.5515625 0.0421875 0.0421875
1 0.8890625 0.625 0.084375 0.2984375
0 0.8890625 0.5 0.0375 0.0421875
1 0.95625 0.55625 0.08125 0.2328125
0 0.953125 0.45625 0.03125 0.0296875
1 0.9671875 0.6671875 0.059375 0.21875
0 0.9875 0.5875 0.01875 0.05625
1 0.9734375 0.51875 0.046875 0.19375
0 0.9859375 0.4375 0.0203125 0.0296875
1 0.7828125 0.63125 0.0859375 0.2921875
0 0.775 0.509375 0.0359375 0.0421875
1 0.6953125 0.6328125 0.1046875 0.2890625
0 0.696875 0.5109375 0.0421875 0.0390625
1 0.6703125 0.615625 0.0828125 0.2828125
0 0.6703125 0.496875 0.0328125 0.0453125
1 0.578125 0.603125 0.09375 0.2671875
0 0.58125 0.4875 0.0328125 0.03125
1 0.6390625 0.575 0.075 0.253125
0 0.634375 0.4765625 0.0328125 0.0453125
1 0.7546875 0.609375 0.08125 0.2640625
0 0.76875 0.4953125 0.0375 0.034375
1 0.8171875 0.6203125 0.075 0.2625
0 0.821875 0.5140625 0.0234375 0.0390625
1 0.5421875 0.5796875 0.0796875 0.240625
0 0.540625 0.471875 0.03125 0.034375
1 0.4703125 0.58125 0.08125 0.234375
0 0.475 0.48125 0.0328125 0.034375
1 0.38125 0.575 0.06875 0.2203125
0 0.3828125 0.4828125 0.028125 0.0328125
1 0.446875 0.565625 0.0859375 0.2578125
0 0.4515625 0.45625 0.028125 0.0296875
1 0.3265625 0.5515625 0.075 0.2296875
0 0.328125 0.459375 0.028125 0.034375
1 0.4921875 0.5265625 0.0578125 0.1984375
0 0.4984375 0.44375 0.028125 0.03125
1 0.54375 0.5265625 0.065625 0.2078125
0 0.5421875 0.440625 0.028125 0.03125
1 0.66875 0.5015625 0.0609375 0.1921875
0 0.6671875 0.41875 0.01875 0.025
1 0.61875 0.4890625 0.0640625 0.2015625
0 0.6203125 0.4046875 0.0234375 0.03125
1 0.6046875 0.48125 0.0640625 0.2
0 0.603125 0.3984375 0.0265625 0.03125
1 0.6625 0.4359375 0.0546875 0.1609375
0 0.6609375 0.3671875 0.01875 0.01875
1 0.6171875 0.4375 0.053125 0.15625
0 0.6171875 0.3734375 0.0203125 0.0234375
1 0.571875 0.45 0.05 0.1546875
0 0.5671875 0.3859375 0.01875 0.021875
1 0.5515625 0.45 0.05625 0.1640625
0 0.5515625 0.38125 0.01875 0.0203125
1 0.5265625 0.478125 0.0640625 0.1828125
0 0.528125 0.4015625 0.0234375 0.025
1 0.46875 0.48125 0.053125 0.1796875
0 0.475 0.4078125 0.01875 0.0234375
1 0.3890625 0.4734375 0.046875 0.1578125
0 0.3859375 0.4109375 0.0234375 0.028125
1 0.3765625 0.4734375 0.0484375 0.1640625
0 0.38125 0.4078125 0.015625 0.0234375
1 0.4078125 0.484375 0.0546875 0.178125
0 0.40625 0.4125 0.0203125 0.0234375
1 0.4421875 0.4546875 0.0546875 0.1765625
0 0.440625 0.3796875 0.0203125 0.0234375
1 0.3953125 0.4421875 0.0515625 0.165625
0 0.39375 0.3734375 0.01875 0.0234375
1 0.2 0.553125 0.0640625 0.2078125
0 0.2015625 0.465625 0.0234375 0.0296875
1 0.234375 0.546875 0.0671875 0.2140625
0 0.2328125 0.4578125 0.0328125 0.0359375
1 0.2875 0.5421875 0.08125 0.25
0 0.2828125 0.4359375 0.028125 0.0328125
1 0.225 0.5203125 0.071875 0.225
0 0.2296875 0.428125 0.028125 0.034375
1 0.203125 0.5203125 0.065625 0.2171875
0 0.2109375 0.428125 0.0234375 0.0296875
1 0.125 0.509375 0.0640625 0.1984375
0 0.1265625 0.4265625 0.0234375 0.028125
1 0.10625 0.5484375 0.065625 0.225
0 0.1015625 0.453125 0.0265625 0.03125
1 0.05625 0.5484375 0.071875 0.228125
0 0.0609375 0.45625 0.01875 0.025
1 0.028125 0.55625 0.053125 0.2421875
0 0.015625 0.453125 0.0234375 0.03125
1 0.340625 0.4875 0.059375 0.1828125
0 0.3390625 0.4140625 0.01875 0.025
1 0.2921875 0.475 0.053125 0.16875
0 0.2859375 0.403125 0.01875 0.0234375
1 0.2578125 0.5 0.06875 0.20625
0 0.259375 0.4125 0.0265625 0.03125
1 0.2015625 0.503125 0.0671875 0.215625
0 0.1953125 0.409375 0.028125 0.0296875
1 0.1546875 0.4875 0.0640625 0.2125
0 0.159375 0.3984375 0.0203125 0.0234375
1 0.1296875 0.4859375 0.059375 0.178125
0 0.1296875 0.4125 0.0234375 0.0234375
1 0.09375 0.4671875 0.0609375 0.184375
0 0.09375 0.390625 0.0234375 0.0234375
1 0.39375 0.584375 0.0640625 0.1421875
0 0.39375 0.5328125 0.0265625 0.03125