1 0.984375 0.6390625 0.0265625 0.14375
0 0.9921875 0.578125 0.009375 0.0203125
1 0.984375 0.6609375 0.0265625 0.1390625
0 0.9953125 0.5953125 0.0046875 0.0140625
1 0.9171875 0.621875 0.0453125 0.1125
0 0.9265625 0.5765625 0.0125 0.01875
1 0.8671875 0.6171875 0.040625 0.1
0 0.865625 0.578125 0.0125 0.0171875
1 0.8265625 0.615625 0.040625 0.1328125
0 0.825 0.5609375 0.015625 0.01875
1 0.80625 0.6171875 0.034375 0.1015625
0 0.803125 0.5765625 0.009375 0.0125
1 0.765625 0.6609375 0.071875 0.1921875
0 0.7625 0.578125 0.0203125 0.0234375
1 0.7421875 0.6421875 0.0578125 0.1640625
0 0.746875 0.5734375 0.0203125 0.0203125
1 0.7296875 0.615625 0.053125 0.1203125
0 0.7359375 0.5671875 0.0140625 0.01875
1 0.7109375 0.60625 0.0421875 0.1296875
0 0.7140625 0.55 0.015625 0.0140625
1 0.6828125 0.6109375 0.0421875 0.125
0 0.6765625 0.559375 0.0140625 0.015625
1 0.6625 0.6296875 0.05 0.1765625
0 0.6609375 0.5578125 0.0203125 0.0234375
1 0.640625 0.6125 0.05 0.13125
0 0.6484375 0.5578125 0.0125 0.0203125
1 0.60625 0.63125 0.0671875 0.15
0 0.6171875 0.5703125 0.0171875 0.0234375
1 0.6046875 0.615625 0.0390625 0.1109375
0 0.6078125 0.56875 0.0125 0.0140625
1 0.5328125 0.6203125 0.0546875 0.134375
0 0.5390625 0.5609375 0.015625 0.0171875
1 0.51875 0.6125 0.0421875 0.115625
0 0.521875 0.565625 0.0140625 0.0171875
1 0.484375 0.6234375 0.0546875 0.1359375
0 0.4984375 0.56875 0.0171875 0.0203125
1 0.484375 0.6234375 0.0328125 0.1109375
0 0.4859375 0.578125 0.015625 0.015625
1 0.446875 0.6515625 0.0625 0.18125
0 0.45 0.578125 0.0203125 0.0234375
1 0.4390625 0.6359375 0.0453125 0.1546875
0 0.446875 0.56875 0.0171875 0.0171875
1 0.396875 0.6453125 0.059375 0.1984375
0 0.4 0.5625 0.025 0.0265625
1 0.3578125 0.64375 0.06875 0.165625
0 0.3765625 0.575 0.0203125 0.0234375
1 0.2984375 0.6046875 0.0359375 0.109375
0 0.2984375 0.5609375 0.0140625 0.015625
1 0.20625 0.6390625 0.059375 0.209375
0 0.209375 0.553125 0.025 0.03125
1 0.159375 0.6625 0.065625 0.2265625
0 0.15 0.5703125 0.0296875 0.0359375
1 0.125 0.6546875 0.109375 0.240625
0 0.125 0.5546875 0.0296875 0.0328125
1 0.0453125 0.7078125 0.0890625 0.30625
0 0.015625 0.5859375 0.028125 0.05
1 0.040625 0.6015625 0.0484375 0.128125
0 0.034375 0.553125 0.0203125 0.0234375
1 0.015625 0.60625 0.0296875 0.171875
0 0.00625 0.5359375 0.009375 0.0234375
1 0.009375 0.5984375 0.0171875 0.125
0 0.009375 0.5484375 0.0125 0.0171875
1 0.0171875 0.571875 0.025 0.0921875
0 0.0125 0.5328125 0.009375 0.0125
1 0.0671875 0.6375 0.0421875 0.0984375
0 0.0703125 0.6 0.0125 0.015625
1 0.2484375 0.571875 0.0296875 0.0765625
0 0.246875 0.540625 0.009375 0.009375
1 0.2203125 0.5765625 0.0203125 0.084375
0 0.2234375 0.5421875 0.0078125 0.0078125
1 0.1875 0.575 0.025 0.084375
0 0.1875 0.540625 0.009375 0.0125
1 0.1984375 0.5578125 0.015625 0.0421875
0 0.2 0.540625 0.0046875 0.00625
1 0.24375 0.5671875 0.025 0.065625
0 0.246875 0.540625 0.009375 0.009375
1 0.0984375 0.634375 0.0578125 0.1921875
0 0.1015625 0.553125 0.021875 0.0234375
1 0.1578125 0.640625 0.0859375 0.2078125
0 0.1796875 0.55625 0.0265625 0.0265625