1 0.4921875 0.696875 0.1828125 0.253125
0 0.4859375 0.646875 0.078125 0.0859375
1 0.7109375 0.6765625 0.2015625 0.29375
0 0.7296875 0.684375 0.09375 0.1171875
1 0.871875 0.69375 0.128125 0.25625
0 0.9046875 0.5984375 0.0640625 0.053125
1 0.94375 0.7046875 0.1046875 0.2390625
0 0.9796875 0.621875 0.0328125 0.059375
1 0.9140625 0.5875 0.1640625 0.2859375
0 0.9421875 0.4703125 0.046875 0.040625
1 0.8125 0.525 0.115625 0.2578125
0 0.825 0.421875 0.0390625 0.034375
1 0.415625 0.740625 0.0578125 0.1234375
0 0.4078125 0.69375 0.021875 0.021875
1 0.5578125 0.678125 0.084375 0.2015625
0 0.553125 0.6015625 0.025 0.0328125
1 0.64375 0.6953125 0.09375 0.2
0 0.6515625 0.61875 0.028125 0.034375
1 0.571875 0.671875 0.0609375 0.1546875
0 0.56875 0.615625 0.025 0.0296875
1 0.6328125 0.6640625 0.06875 0.159375
0 0.634375 0.596875 0.0203125 0.021875
1 0.5796875 0.65 0.0515625 0.1484375
0 0.5796875 0.5875 0.01875 0.0171875
1 0.621875 0.653125 0.05 0.13125
0 0.61875 0.596875 0.015625 0.0171875
1 0.5359375 0.6234375 0.028125 0.0765625
0 0.5390625 0.5953125 0.0109375 0.0125
1 0.4046875 0.6125 0.0359375 0.0859375
0 0.403125 0.578125 0.0109375 0.0125
1 0.4609375 0.575 0.025 0.059375
0 0.459375 0.5515625 0.0078125 0.009375
1 0.1484375 0.7828125 0.06875 0.08125
0 0.13125 0.7546875 0.0140625 0.01875
1 0.165625 0.703125 0.0546875 0.1
0 0.1578125 0.6640625 0.0140625 0.0171875
1 0.1984375 0.68125 0.053125 0.0953125
0 0.1890625 0.6453125 0.0140625 0.0171875
1 0.1640625 0.678125 0.04375 0.0953125
0 0.15625 0.6421875 0.0140625 0.0140625
1 0.153125 0.6359375 0.0484375 0.0890625
0 0.1421875 0.6 0.015625 0.0125
1 0.1640625 0.6421875 0.053125 0.0859375
0 0.1609375 0.6078125 0.0125 0.0125
1 0.1703125 0.6171875 0.05625 0.0796875
0 0.1578125 0.584375 0.0125 0.0125
1 0.2078125 0.6 0.0515625 0.08125
0 0.196875 0.5671875 0.0140625 0.0125
1 0.2390625 0.65 0.053125 0.0953125
0 0.2328125 0.6109375 0.015625 0.0140625
1 0.271875 0.6359375 0.0375 0.0859375
0 0.2640625 0.6015625 0.0140625 0.0125
1 0.2421875 0.621875 0.0375 0.0859375
0 0.2390625 0.5921875 0.0109375 0.0125
1 0.2328125 0.5953125 0.028125 0.0640625
0 0.234375 0.5703125 0.0109375 0.0125
1 0.290625 0.6171875 0.04375 0.08125
0 0.278125 0.584375 0.0125 0.0140625
1 0.09375 0.6265625 0.05 0.1078125
0 0.0765625 0.5828125 0.0140625 0.0140625
1 0.0765625 0.5765625 0.040625 0.0578125
0 0.0671875 0.553125 0.0125 0.009375
1 0.2359375 0.5640625 0.0296875 0.06875
0 0.2328125 0.5390625 0.0078125 0.009375
1 0.275 0.5609375 0.04375 0.0734375
0 0.271875 0.53125 0.0109375 0.0125
1 0.321875 0.5734375 0.0359375 0.06875
0 0.31875 0.5484375 0.009375 0.0109375
1 0.31875 0.5609375 0.025 0.0640625
0 0.3140625 0.5375 0.0109375 0.0109375
1 0.271875 0.53125 0.01875 0.053125
0 0.271875 0.5140625 0.0078125 0.009375
1 0.2921875 0.53125 0.021875 0.05625
0 0.2875 0.509375 0.0046875 0.00625
1 0.30625 0.51875 0.01875 0.05
0 0.303125 0.5 0.00625 0.00625
1 0.459375 0.51875 0.015625 0.05
0 0.459375 0.5 0.0046875 0.00625
1 0.471875 0.5234375 0.01875 0.0484375
0 0.471875 0.503125 0.0046875 0.00625
1 0.4546875 0.496875 0.01875 0.0421875
0 0.4546875 0.48125 0.0046875 0.00625
1 0.496875 0.5109375 0.01875 0.053125
0 0.4984375 0.490625 0.0046875 0.00625
1 0.50625 0.5046875 0.01875 0.05
0 0.50625 0.4859375 0.00625 0.00625
1 0.5234375 0.5078125 0.0171875 0.0515625
0 0.5234375 0.4875 0.0046875 0.00625
1 0.5328125 0.5109375 0.0171875 0.053125
0 0.5328125 0.490625 0.0046875 0.00625
1 0.5078125 0.490625 0.0140625 0.0390625
0 0.50625 0.4765625 0.0046875 0.0046875
1 0.528125 0.4765625 0.0125 0.0359375
0 0.5265625 0.4640625 0.0046875 0.00625
1 0.5828125 0.534375 0.021875 0.059375
0 0.5828125 0.509375 0.0078125 0.0078125
1 0.5703125 0.5265625 0.021875 0.05625
0 0.571875 0.5046875 0.00625 0.00625
1 0.61875 0.5078125 0.021875 0.05
0 0.6203125 0.4875 0.00625 0.00625
1 0.6296875 0.5078125 0.025 0.0484375
0 0.621875 0.4890625 0.0078125 0.0078125
1 0.86875 0.4453125 0.1109375 0.2265625
0 0.8796875 0.35625 0.0328125 0.0328125
1 0.825 0.3875 0.125 0.196875
0 0.8546875 0.30625 0.0296875 0.03125
1 0.815625 0.34375 0.071875 0.1828125
0 0.8234375 0.2703125 0.025 0.028125
1 0.746875 0.2953125 0.06875 0.1578125
0 0.759375 0.228125 0.01875 0.0203125
1 0.7765625 0.265625 0.0578125 0.1484375
0 0.7859375 0.203125 0.0140625 0.0171875
1 0.8140625 0.275 0.0453125 0.11875
0 0.8203125 0.228125 0.015625 0.0171875
1 0.8640625 0.2703125 0.046875 0.1171875
0 0.8734375 0.2234375 0.0140625 0.0171875
1 0.8828125 0.2609375 0.053125 0.1359375
0 0.8953125 0.2109375 0.021875 0.0171875
1 0.4109375 0.30625 0.0359375 0.0859375
0 0.403125 0.271875 0.0078125 0.0109375
1 0.4640625 0.296875 0.028125 0.0875
0 0.4625 0.2625 0.0078125 0.0125
1 0.490625 0.296875 0.021875 0.0859375
0 0.490625 0.2640625 0.0078125 0.0125
1 0.50625 0.2984375 0.0265625 0.084375
0 0.50625 0.2640625 0.009375 0.0125