1 0.1578125 0.66875 0.25 0.3234375
0 0.1515625 0.5796875 0.0921875 0.13125
1 0.3671875 0.6703125 0.29375 0.31875
0 0.3515625 0.584375 0.0890625 0.10625
1 0.5359375 0.65625 0.3171875 0.3484375
0 0.534375 0.5234375 0.0796875 0.10625
1 0.8296875 0.5796875 0.0453125 0.0953125
0 0.81875 0.54375 0.0109375 0.0109375
1 0.875 0.59375 0.0203125 0.0515625
0 0.875 0.5734375 0.0078125 0.0078125
1 0.89375 0.59375 0.0296875 0.0796875
0 0.890625 0.5625 0.009375 0.0109375
1 0.9015625 0.5921875 0.0390625 0.08125
0 0.903125 0.5578125 0.0109375 0.0109375
1 0.9296875 0.5859375 0.0296875 0.0734375
0 0.921875 0.5546875 0.0078125 0.0078125
1 0.9875 0.55625 0.0203125 0.04375
0 0.9859375 0.5375 0.0046875 0.003125
1 0.9125 0.5859375 0.0359375 0.0734375
0 0.9046875 0.5546875 0.0078125 0.009375