1 0.5515625 0.5890625 0.2890625 0.4796875
0 0.475 0.403125 0.090625 0.1015625
1 0.1140625 0.3265625 0.0671875 0.13125
0 0.1171875 0.2796875 0.0265625 0.03125
1 0.234375 0.334375 0.0671875 0.125
0 0.2375 0.2890625 0.0265625 0.028125
1 0.290625 0.340625 0.0625 0.1140625
0 0.2890625 0.3 0.021875 0.0265625
1 0.4078125 0.3421875 0.06875 0.128125
0 0.4171875 0.2953125 0.025 0.028125
1 0.9015625 0.3875 0.06875 0.1140625
0 0.903125 0.3453125 0.021875 0.025
1 0.9671875 0.35 0.059375 0.1125
0 0.965625 0.309375 0.025 0.025
1 0.91875 0.35 0.0671875 0.1125
0 0.91875 0.3078125 0.0234375 0.025
1 0.975 0.3078125 0.04375 0.1046875
0 0.984375 0.271875 0.01875 0.021875
1 0.9359375 0.3015625 0.0578125 0.115625
0 0.9375 0.259375 0.0203125 0.0296875
1 0.9421875 0.2703125 0.0546875 0.1109375
0 0.9453125 0.2296875 0.01875 0.021875
1 0.8453125 0.2984375 0.071875 0.10625
0 0.8421875 0.2625 0.01875 0.01875
1 0.7859375 0.30625 0.0578125 0.128125
0 0.7859375 0.259375 0.0234375 0.0296875
1 0.7390625 0.3078125 0.0515625 0.115625
0 0.74375 0.26875 0.015625 0.025
1 0.684375 0.30625 0.071875 0.1203125
0 0.6703125 0.2609375 0.021875 0.0265625
1 0.621875 0.303125 0.0734375 0.1328125
0 0.6078125 0.2546875 0.0234375 0.0296875
1 0.5640625 0.3015625 0.06875 0.121875
0 0.5625 0.2578125 0.028125 0.0296875
1 0.4578125 0.29375 0.0625 0.1125
0 0.45625 0.2546875 0.0171875 0.021875
1 0.3703125 0.29375 0.071875 0.103125
0 0.3734375 0.25625 0.0265625 0.0265625
1 0.2984375 0.2921875 0.06875 0.121875
0 0.290625 0.246875 0.0234375 0.028125
1 0.2390625 0.284375 0.0640625 0.11875
0 0.2390625 0.240625 0.01875 0.028125
1 0.18125 0.2921875 0.0625 0.1125
0 0.184375 0.253125 0.021875 0.025
1 0.125 0.2859375 0.0671875 0.1296875
0 0.13125 0.2390625 0.025 0.0265625
1 0.059375 0.296875 0.059375 0.1078125
0 0.059375 0.2578125 0.021875 0.021875
1 0.01875 0.284375 0.0359375 0.115625
0 0.0109375 0.2390625 0.0203125 0.025
1 0.04375 0.25625 0.059375 0.1140625
0 0.040625 0.2125 0.021875 0.021875
1 0.0890625 0.25625 0.0578125 0.1140625
0 0.090625 0.2109375 0.0203125 0.021875
1 0.1390625 0.253125 0.0625 0.1171875
0 0.1390625 0.2078125 0.0203125 0.025
1 0.0578125 0.215625 0.053125 0.0953125
0 0.059375 0.1765625 0.01875 0.021875
1 0.1015625 0.215625 0.0515625 0.096875
0 0.1015625 0.178125 0.021875 0.01875
1 0.24375 0.25 0.059375 0.10625
0 0.25 0.209375 0.01875 0.021875
1 0.303125 0.2515625 0.0578125 0.1046875
0 0.3 0.2125 0.0140625 0.01875
1 0.203125 0.225 0.05625 0.1140625
0 0.2078125 0.1828125 0.0171875 0.021875
1 0.253125 0.228125 0.0546875 0.1125
0 0.2484375 0.184375 0.021875 0.025
1 0.303125 0.2328125 0.05625 0.115625
0 0.30625 0.190625 0.0171875 0.021875
1 0.35 0.2296875 0.059375 0.1171875
0 0.3484375 0.184375 0.0203125 0.021875
1 0.3984375 0.23125 0.0625 0.115625
0 0.396875 0.1859375 0.01875 0.021875
1 0.503125 0.2609375 0.0625 0.115625
0 0.4984375 0.21875 0.0203125 0.025
1 0.553125 0.2625 0.0640625 0.115625
0 0.5515625 0.21875 0.021875 0.025
1 0.634375 0.2796875 0.04375 0.1
0 0.6375 0.2421875 0.015625 0.015625
1 0.64375 0.225 0.0859375 0.084375
0 0.6296875 0.19375 0.021875 0.021875
1 0.578125 0.2078125 0.0515625 0.08125
0 0.58125 0.1703125 0.015625 0.00625
1 0.796875 0.2625 0.05625 0.103125
0 0.8015625 0.2296875 0.0203125 0.028125
1 0.85 0.2609375 0.059375 0.109375
0 0.8546875 0.2234375 0.01875 0.0265625
1 0.80625 0.23125 0.0453125 0.0890625
0 0.809375 0.1984375 0.0140625 0.01875
1 0.828125 0.2140625 0.0421875 0.0796875
0 0.828125 0.184375 0.01875 0.0171875
1 0.7640625 0.2046875 0.059375 0.0765625
0 0.7625 0.1703125 0.0140625 0.00625
1 0.4859375 0.2109375 0.0515625 0.0875
0 0.48125 0.1703125 0.0140625 0.00625