1 0.15 0.6765625 0.065625 0.1140625
0 0.15625 0.628125 0.0203125 0.0140625
1 0.25625 0.675 0.05625 0.13125
0 0.25625 0.621875 0.0171875 0.0234375
1 0.325 0.671875 0.0640625 0.1453125
0 0.3375 0.6140625 0.021875 0.021875
1 0.3796875 0.6765625 0.0625 0.134375
0 0.3796875 0.6234375 0.0203125 0.0234375
1 0.409375 0.6796875 0.028125 0.0734375
0 0.40625 0.6484375 0.009375 0.0078125
1 0.4375 0.6859375 0.0390625 0.0765625
0 0.434375 0.653125 0.009375 0.0109375
1 0.4984375 0.6734375 0.0515625 0.13125
0 0.5 0.6203125 0.015625 0.01875
1 0.53125 0.675 0.046875 0.146875
0 0.5328125 0.615625 0.021875 0.0234375
1 0.575 0.671875 0.0453125 0.10625
0 0.5765625 0.628125 0.0125 0.0140625
1 0.625 0.6734375 0.0453125 0.1015625
0 0.621875 0.6328125 0.0140625 0.015625
1 0.653125 0.6765625 0.034375 0.0953125
0 0.646875 0.6390625 0.0140625 0.015625
1 0.065625 0.678125 0.03125 0.0671875
0 0.06875 0.6515625 0.009375 0.009375
1 0.046875 0.68125 0.0234375 0.059375
0 0.0484375 0.6578125 0.009375 0.0078125
1 0.553125 0.675 0.0234375 0.0625
0 0.5578125 0.65 0.0078125 0.0078125
1 0.63125 0.5390625 0.021875 0.0484375
0 0.6296875 0.5203125 0.00625 0.00625
1 0.55625 0.559375 0.0125 0.0296875
0 0.55625 0.5484375 0.0046875 0.0046875
1 0.40625 0.5625 0.0125 0.03125
0 0.4046875 0.5515625 0.00625 0.00625
1 0.3171875 0.6796875 0.0484375 0.1296875
0 0.325 0.625 0.0140625 0.015625