1 0.1484375 0.64375 0.046875 0.071875
0 0.1515625 0.615625 0.0109375 0.0125
1 0.1859375 0.6421875 0.0328125 0.0734375
0 0.1921875 0.615625 0.009375 0.0109375
1 0.221875 0.634375 0.0421875 0.0515625
0 0.228125 0.615625 0.009375 0.009375
1 0.2375 0.6265625 0.0296875 0.046875
0 0.234375 0.6125 0.009375 0.0109375
1 0.25625 0.628125 0.03125 0.046875
0 0.25625 0.628125 0.03125 0.046875
1 0.271875 0.6265625 0.0296875 0.04375
0 0.2734375 0.6109375 0.0078125 0.009375
1 0.28125 0.646875 0.0484375 0.0703125
0 0.278125 0.6203125 0.0125 0.0125
1 0.278125 0.6265625 0.028125 0.0375
0 0.2828125 0.6140625 0.009375 0.009375
1 0.30625 0.653125 0.046875 0.0734375
0 0.3078125 0.621875 0.0109375 0.0109375
1 0.309375 0.646875 0.04375 0.0765625
0 0.3140625 0.6171875 0.0125 0.0125
1 0.3421875 0.6484375 0.0375 0.065625
0 0.3421875 0.621875 0.0125 0.0125
1 0.4296875 0.6328125 0.0296875 0.05625
0 0.428125 0.6109375 0.009375 0.0109375
1 0.45 0.6359375 0.03125 0.0546875
0 0.4515625 0.615625 0.009375 0.009375
1 0.44375 0.6234375 0.01875 0.0546875
0 0.4453125 0.6015625 0.0078125 0.0078125
1 0.459375 0.621875 0.01875 0.0578125
0 0.4609375 0.6 0.0046875 0.00625
1 0.478125 0.6625 0.0515625 0.084375
0 0.478125 0.6296875 0.0125 0.0140625
1 0.5625 0.6515625 0.0390625 0.071875
0 0.559375 0.6234375 0.0109375 0.0109375
1 0.5921875 0.6578125 0.0453125 0.06875
0 0.5921875 0.6296875 0.009375 0.0078125
1 0.5390625 0.6109375 0.0171875 0.0375
0 0.540625 0.5984375 0.00625 0.00625
1 0.5546875 0.609375 0.0171875 0.0421875
0 0.553125 0.59375 0.0078125 0.0078125
1 0.58125 0.603125 0.0125 0.03125
0 0.58125 0.5921875 0.00625 0.00625
1 0.590625 0.6 0.01875 0.0265625
0 0.5921875 0.590625 0.0046875 0.0046875
1 0.9734375 0.615625 0.0125 0.04375
0 0.9734375 0.5984375 0.00625 0.00625