1 0.2796875 0.5734375 0.2296875 0.509375
0 0.2953125 0.325 0.0734375 0.0953125
1 0.1484375 0.5671875 0.2375 0.521875
0 0.175 0.334375 0.0828125 0.1
1 0.49375 0.590625 0.2390625 0.475
0 0.49375 0.390625 0.0828125 0.10625
1 0.7046875 0.584375 0.2328125 0.4859375
0 0.6828125 0.378125 0.0671875 0.1125
1 0.3796875 0.546875 0.2078125 0.5625
0 0.4 0.29375 0.0734375 0.0953125
1 0.5890625 0.5484375 0.2015625 0.559375
0 0.590625 0.303125 0.06875 0.0890625
1 0.8484375 0.5640625 0.253125 0.528125
0 0.8328125 0.3421875 0.0828125 0.103125