1 0.809375 0.740625 0.0140625 0.0421875
0 0.8078125 0.725 0.00625 0.0078125
1 0.8546875 0.7375 0.0140625 0.0390625
0 0.85625 0.721875 0.0046875 0.0046875
1 0.8671875 0.7375 0.0140625 0.040625
0 0.86875 0.721875 0.00625 0.00625
1 0.8796875 0.7390625 0.015625 0.0390625
0 0.8765625 0.7234375 0.0046875 0.0046875
1 0.89375 0.7390625 0.0125 0.0390625
0 0.89375 0.7234375 0.0046875 0.0046875
1 0.921875 0.74375 0.0265625 0.0484375
0 0.9203125 0.725 0.00625 0.00625
1 0.940625 0.74375 0.0171875 0.05
0 0.9390625 0.725 0.00625 0.00625
1 0.865625 0.7734375 0.071875 0.0875
0 0.8609375 0.7421875 0.01875 0.01875
1 0.9203125 0.7765625 0.084375 0.0890625
0 0.9078125 0.74375 0.0171875 0.01875
1 0.95625 0.7671875 0.065625 0.071875
0 0.9484375 0.7421875 0.0203125 0.01875