1 0.896875 0.403125 0.1140625 0.240625
0 0.8875 0.31875 0.0328125 0.046875
1 0.7671875 0.4359375 0.1359375 0.234375
0 0.7609375 0.3578125 0.0359375 0.0453125
1 0.6671875 0.421875 0.1359375 0.2515625
0 0.659375 0.3359375 0.0359375 0.0515625
1 0.5625 0.4765625 0.1703125 0.2890625
0 0.540625 0.3828125 0.046875 0.053125
1 0.209375 0.5171875 0.2671875 0.39375
0 0.1625 0.38125 0.065625 0.0828125
1 0.078125 0.240625 0.1 0.1203125
0 0.05625 0.196875 0.0234375 0.0234375
1 0.04375 0.1984375 0.06875 0.1
0 0.05 0.1625 0.021875 0.025
1 0.1171875 0.246875 0.0875 0.1046875
0 0.1078125 0.2109375 0.0203125 0.021875
1 0.1796875 0.2453125 0.0765625 0.0953125
0 0.1671875 0.215625 0.0234375 0.028125
1 0.2609375 0.2484375 0.0609375 0.090625
0 0.2625 0.21875 0.0171875 0.021875
1 0.053125 0.15 0.065625 0.05
0 0.05 0.128125 0.0109375 0.0046875
1 0.303125 0.1640625 0.046875 0.0765625
0 0.3125 0.1328125 0.01875 0.0140625
1 0.33125 0.1671875 0.059375 0.084375
0 0.3328125 0.134375 0.0203125 0.0171875
1 0.33125 0.1828125 0.0625 0.078125
0 0.3359375 0.1578125 0.0140625 0.021875
1 0.3609375 0.1828125 0.04375 0.065625
0 0.365625 0.1609375 0.0171875 0.0171875
1 0.365625 0.1625 0.053125 0.075
0 0.36875 0.13125 0.0171875 0.0171875
1 0.3984375 0.25 0.053125 0.08125
0 0.4046875 0.225 0.0171875 0.0203125
1 0.446875 0.2515625 0.0625 0.0875
0 0.4640625 0.2203125 0.0171875 0.021875
1 0.484375 0.253125 0.046875 0.0828125
0 0.48125 0.225 0.0171875 0.0203125
1 0.5109375 0.2515625 0.05 0.078125
0 0.5078125 0.225 0.01875 0.0171875
1 0.55625 0.2546875 0.05625 0.08125
0 0.553125 0.2265625 0.0140625 0.0171875
1 0.459375 0.196875 0.05625 0.071875
0 0.4625 0.1734375 0.0140625 0.0171875
1 0.571875 0.1984375 0.040625 0.059375
0 0.5875 0.1796875 0.0109375 0.0171875
1 0.590625 0.1953125 0.040625 0.05
0 0.5875 0.1796875 0.0109375 0.015625
1 0.68125 0.25625 0.046875 0.0625
0 0.6796875 0.2359375 0.0109375 0.015625
1 0.696875 0.2515625 0.0390625 0.059375
0 0.7 0.2296875 0.0140625 0.0171875
1 0.7796875 0.25625 0.046875 0.065625
0 0.79375 0.234375 0.0109375 0.015625
1 0.8 0.2546875 0.0359375 0.059375
0 0.80625 0.2375 0.0109375 0.0125
1 0.815625 0.25625 0.0359375 0.05
0 0.8171875 0.240625 0.0109375 0.0125
1 0.7625 0.1796875 0.0359375 0.046875
0 0.7640625 0.1671875 0.0109375 0.0125
1 0.378125 0.215625 0.053125 0.065625
0 0.378125 0.1921875 0.0140625 0.0171875