1 0.325 0.603125 0.13125 0.49375
0 0.3296875 0.4296875 0.05625 0.0640625
1 0.1671875 0.5890625 0.0734375 0.253125
0 0.1671875 0.484375 0.0328125 0.040625
1 0.1796875 0.590625 0.059375 0.225
0 0.1921875 0.503125 0.0296875 0.034375
1 0.2203125 0.596875 0.0625 0.1734375
0 0.225 0.5296875 0.01875 0.0265625
1 0.2359375 0.6140625 0.0453125 0.1515625
0 0.2390625 0.55625 0.01875 0.01875
1 0.440625 0.59375 0.0484375 0.1296875
0 0.4421875 0.540625 0.009375 0.0125
1 0.3921875 0.6109375 0.0265625 0.075
0 0.39375 0.584375 0.00625 0.0078125
1 0.4671875 0.5921875 0.05 0.1484375
0 0.4671875 0.534375 0.015625 0.01875
1 0.50625 0.5890625 0.05625 0.1578125
0 0.503125 0.5265625 0.0171875 0.01875
1 0.521875 0.5890625 0.05 0.1453125
0 0.521875 0.5328125 0.0171875 0.01875
1 0.55 0.5890625 0.065625 0.1328125
0 0.5421875 0.540625 0.0109375 0.009375
1 0.56875 0.5890625 0.0484375 0.1375
0 0.565625 0.5328125 0.015625 0.01875
1 0.6453125 0.6140625 0.1015625 0.25
0 0.646875 0.503125 0.028125 0.0265625
1 0.7140625 0.628125 0.0765625 0.2296875
0 0.71875 0.5296875 0.028125 0.0296875
1 0.7484375 0.609375 0.0703125 0.2265625
0 0.746875 0.5140625 0.0265625 0.028125
1 0.6828125 0.5890625 0.0515625 0.16875
0 0.6796875 0.521875 0.025 0.0234375
1 0.803125 0.5953125 0.053125 0.1328125
0 0.809375 0.5421875 0.015625 0.0171875
1 0.8671875 0.5953125 0.046875 0.1515625
0 0.871875 0.534375 0.015625 0.0203125
1 0.909375 0.5984375 0.05625 0.1375
0 0.9140625 0.540625 0.0125 0.015625
1 0.9359375 0.603125 0.0421875 0.140625
0 0.9375 0.5453125 0.015625 0.0171875
1 0.95625 0.578125 0.0171875 0.0640625
0 0.9578125 0.5484375 0.0046875 0.00625
1 0.95625 0.640625 0.084375 0.2859375
0 0.984375 0.528125 0.025 0.0421875
1 0.3296875 0.6328125 0.1296875 0.36875
0 0.33125 0.4625 0.040625 0.0375