1 0.0359375 0.7421875 0.06875 0.2265625
0 0.0296875 0.646875 0.034375 0.0328125
1 0.059375 0.6765625 0.0265625 0.0765625
0 0.059375 0.6453125 0.009375 0.0125
1 0.08125 0.671875 0.025 0.0875
0 0.08125 0.6359375 0.0140625 0.0125
1 0.140625 0.7390625 0.1015625 0.2671875
0 0.1546875 0.6234375 0.0375 0.0328125
1 0.2375 0.753125 0.103125 0.240625
0 0.2390625 0.6484375 0.03125 0.0375
1 0.540625 0.7359375 0.175 0.271875
0 0.546875 0.6265625 0.0390625 0.0484375
1 0.6578125 0.7453125 0.109375 0.2546875
0 0.6515625 0.6390625 0.0359375 0.0390625
1 0.734375 0.740625 0.115625 0.2625
0 0.734375 0.640625 0.046875 0.0453125
1 0.765625 0.7296875 0.103125 0.2859375
0 0.7453125 0.6125 0.0421875 0.0484375
1 0.921875 0.746875 0.153125 0.2515625
0 0.9359375 0.6546875 0.05 0.0546875
1 0.975 0.6828125 0.046875 0.190625
0 0.984375 0.603125 0.025 0.025
1 0.8515625 0.6390625 0.05 0.0875
0 0.8484375 0.60625 0.0109375 0.0125
1 0.896875 0.6359375 0.0328125 0.0796875
0 0.890625 0.603125 0.0125 0.0125
1 0.9140625 0.6375 0.0265625 0.075
0 0.9078125 0.60625 0.009375 0.0109375
1 0.946875 0.6328125 0.0359375 0.08125
0 0.9390625 0.6015625 0.0140625 0.015625