1 0.05625 0.46875 0.05625 0.121875
0 0.0515625 0.4203125 0.015625 0.0203125
1 0.10625 0.4859375 0.0484375 0.0828125
0 0.090625 0.4515625 0.0125 0.015625
1 0.1046875 0.490625 0.05 0.13125
0 0.0953125 0.4390625 0.0171875 0.0203125
1 0.1015625 0.353125 0.0390625 0.0921875
0 0.096875 0.3140625 0.0125 0.0125
1 0.146875 0.3640625 0.046875 0.1015625
0 0.1375 0.3203125 0.0125 0.0140625
1 0.1890625 0.3953125 0.05 0.1234375
0 0.184375 0.34375 0.0171875 0.0171875
1 0.24375 0.3875 0.0484375 0.1015625
0 0.2296875 0.3453125 0.0125 0.015625
1 0.2421875 0.3515625 0.04375 0.1015625
0 0.2390625 0.309375 0.015625 0.0125
1 0.1328125 0.3421875 0.0296875 0.1
0 0.13125 0.3 0.0140625 0.0140625
1 0.1203125 0.3375 0.028125 0.0953125
0 0.11875 0.3015625 0.009375 0.0140625
1 0.35625 0.4078125 0.0359375 0.1109375
0 0.35625 0.3625 0.0109375 0.0171875
1 0.2171875 0.2703125 0.0359375 0.0828125
0 0.21875 0.2375 0.0109375 0.0109375
1 0.2421875 0.2765625 0.028125 0.08125
0 0.240625 0.2421875 0.009375 0.009375
1 0.2640625 0.265625 0.0296875 0.0796875
0 0.2609375 0.2328125 0.009375 0.0125
1 0.278125 0.26875 0.0296875 0.0796875
0 0.2796875 0.2359375 0.0125 0.0125
1 0.296875 0.290625 0.03125 0.0875
0 0.2984375 0.2546875 0.0125 0.0125
1 0.34375 0.290625 0.0296875 0.0703125
0 0.340625 0.2640625 0.0109375 0.0125
1 0.434375 0.4234375 0.04375 0.1109375
0 0.4359375 0.378125 0.015625 0.0171875
1 0.49375 0.396875 0.0546875 0.11875
0 0.4890625 0.3453125 0.0125 0.0140625
1 0.4296875 0.3171875 0.025 0.0609375
0 0.4296875 0.2953125 0.015625 0.0125
1 0.4703125 0.31875 0.03125 0.0703125
0 0.471875 0.2921875 0.015625 0.0171875
1 0.390625 0.2921875 0.0234375 0.075
0 0.3875 0.2609375 0.0109375 0.009375
1 0.40625 0.29375 0.01875 0.0828125
0 0.40625 0.259375 0.009375 0.0125
1 0.4328125 0.2890625 0.028125 0.09375
0 0.4296875 0.2515625 0.0109375 0.0140625
1 0.453125 0.278125 0.034375 0.06875
0 0.4515625 0.25 0.009375 0.0125
1 0.5390625 0.315625 0.0265625 0.0640625
0 0.5390625 0.29375 0.0109375 0.0125
1 0.5234375 0.26875 0.03125 0.05625
0 0.5234375 0.2484375 0.0109375 0.0125
1 0.5609375 0.3046875 0.0265625 0.0625
0 0.5578125 0.2828125 0.0125 0.0125
1 0.5421875 0.2734375 0.025 0.0515625
0 0.5453125 0.2546875 0.009375 0.0109375
1 0.56875 0.284375 0.0234375 0.0546875
0 0.5703125 0.2671875 0.0125 0.0125
1 0.3140625 0.5125 0.071875 0.146875
0 0.3109375 0.4515625 0.01875 0.021875
1 0.4375 0.2359375 0.0265625 0.078125
0 0.4359375 0.2046875 0.0125 0.0125
1 0.5359375 0.203125 0.0296875 0.0734375
0 0.534375 0.1734375 0.009375 0.009375
1 0.25625 0.6171875 0.0640625 0.1453125
0 0.2453125 0.559375 0.01875 0.025
1 0.1609375 0.5640625 0.0453125 0.14375
0 0.15625 0.50625 0.0203125 0.0171875
1 0.1921875 0.609375 0.0703125 0.1421875
0 0.175 0.553125 0.015625 0.0234375
1 0.15625 0.725 0.0734375 0.1828125
0 0.134375 0.6453125 0.021875 0.0234375
1 0.1484375 0.6953125 0.0484375 0.184375
0 0.140625 0.61875 0.0234375 0.0296875
1 0.0921875 0.7359375 0.075 0.1875
0 0.0734375 0.6625 0.03125 0.03125
1 0.0734375 0.7015625 0.0625 0.15
0 0.071875 0.640625 0.021875 0.021875
1 0.040625 0.7203125 0.0796875 0.1703125
0 0.028125 0.6546875 0.028125 0.025
1 0.0359375 0.7734375 0.06875 0.1140625
0 0.021875 0.728125 0.025 0.021875
1 0.5109375 0.7859375 0.0875 0.0875
0 0.509375 0.7609375 0.025 0.0359375
1 0.6359375 0.5453125 0.0640625 0.1421875
0 0.6265625 0.4875 0.015625 0.0171875
1 0.59375 0.4921875 0.0515625 0.128125
0 0.584375 0.4390625 0.0171875 0.01875
1 0.6359375 0.440625 0.04375 0.1109375
0 0.63125 0.4046875 0.015625 0.0171875
1 0.7125 0.44375 0.05 0.1296875
0 0.7171875 0.3875 0.0140625 0.015625
1 0.8203125 0.5015625 0.0546875 0.1390625
0 0.8203125 0.4453125 0.0203125 0.0203125
1 0.7890625 0.4125 0.046875 0.109375
0 0.7890625 0.36875 0.0171875 0.01875
1 0.8484375 0.459375 0.0359375 0.121875
0 0.85 0.40625 0.0171875 0.015625
1 0.84375 0.4234375 0.0671875 0.1015625
0 0.8421875 0.38125 0.0171875 0.01875
1 0.8828125 0.4 0.040625 0.1109375
0 0.8921875 0.3546875 0.015625 0.0171875
1 0.8484375 0.3484375 0.0390625 0.090625
0 0.853125 0.3125 0.015625 0.0140625
1 0.9078125 0.3375 0.0390625 0.1015625
0 0.909375 0.2953125 0.015625 0.0171875
1 0.9296875 0.775 0.084375 0.1109375
0 0.9390625 0.73125 0.028125 0.021875
1 0.9640625 0.7625 0.0640625 0.134375
0 0.984375 0.7109375 0.0234375 0.028125
1 0.9828125 0.6015625 0.028125 0.1578125
0 0.99375 0.5359375 0.0078125 0.025
1 0.8140625 0.3171875 0.04375 0.10625
0 0.821875 0.275 0.0125 0.0171875
1 0.78125 0.3046875 0.0359375 0.090625
0 0.7875 0.265625 0.009375 0.0109375
1 0.7625 0.284375 0.0421875 0.103125
0 0.7734375 0.240625 0.015625 0.0140625
1 0.7765625 0.225 0.034375 0.0765625
0 0.78125 0.196875 0.0125 0.0125
1 0.69375 0.2265625 0.0328125 0.0890625
0 0.6921875 0.190625 0.009375 0.0109375
1 0.7140625 0.2109375 0.0421875 0.090625
0 0.7109375 0.171875 0.009375 0.0140625
1 0.6765625 0.2046875 0.0296875 0.0734375
0 0.6765625 0.1703125 0.009375 0.0078125
1 0.5859375 0.240625 0.0265625 0.06875
0 0.58125 0.2140625 0.009375 0.0109375
1 0.5703125 0.2203125 0.021875 0.065625
0 0.5765625 0.1953125 0.009375 0.0109375
1 0.609375 0.225 0.0328125 0.0671875
0 0.603125 0.1984375 0.009375 0.009375
1 0.5921875 0.2171875 0.0296875 0.0796875
0 0.59375 0.184375 0.009375 0.0125
1 0.5796875 0.19375 0.0265625 0.0546875
0 0.5765625 0.1703125 0.0078125 0.0046875
1 0.6140625 0.2234375 0.025 0.06875
0 0.609375 0.1953125 0.0078125 0.0078125
1 0.625 0.20625 0.025 0.08125
0 0.6234375 0.1734375 0.009375 0.0109375
1 0.6359375 0.2046875 0.025 0.0765625
0 0.634375 0.171875 0.009375 0.0109375
1 0.3015625 0.2703125 0.03125 0.078125
0 0.2953125 0.2390625 0.0125 0.0109375
1 0.4921875 0.4078125 0.0546875 0.0984375
0 0.4890625 0.3703125 0.015625 0.0171875