1 0.3671875 0.8484375 0.190625 0.2984375
0 0.35625 0.73125 0.05 0.0609375
1 0.3375 0.828125 0.1640625 0.246875
0 0.34375 0.7375 0.040625 0.04375
1 0.3234375 0.7875 0.2265625 0.221875
0 0.25 0.7 0.04375 0.040625
1 0.8328125 0.7921875 0.0765625 0.275
0 0.85 0.6859375 0.040625 0.046875
1 0.79375 0.778125 0.1546875 0.2109375
0 0.7953125 0.69375 0.040625 0.0296875
1 0.7015625 0.759375 0.140625 0.2203125
0 0.7046875 0.66875 0.0359375 0.0328125
1 0.775 0.6921875 0.06875 0.19375
0 0.7796875 0.6171875 0.025 0.034375
1 0.821875 0.6546875 0.06875 0.1765625
0 0.815625 0.5828125 0.021875 0.0265625
1 0.7609375 0.66875 0.06875 0.16875
0 0.7578125 0.6 0.025 0.025
1 0.6703125 0.6890625 0.0890625 0.196875
0 0.6671875 0.6078125 0.021875 0.0234375
1 0.659375 0.6625 0.05 0.14375
0 0.65625 0.60625 0.0140625 0.0203125
1 0.6921875 0.6546875 0.05625 0.1578125
0 0.6921875 0.59375 0.021875 0.025
1 0.609375 0.6859375 0.103125 0.1859375
0 0.5953125 0.609375 0.03125 0.0265625
1 0.58125 0.6859375 0.0921875 0.1921875
0 0.58125 0.6046875 0.0234375 0.0265625
1 0.5484375 0.6734375 0.0640625 0.1890625
0 0.5484375 0.5921875 0.0203125 0.021875
1 0.60625 0.6625 0.05 0.1515625
0 0.6046875 0.6015625 0.0171875 0.01875