1 0.221875 0.6296875 0.3296875 0.4671875
0 0.15625 0.46875 0.1421875 0.1296875
1 0.9203125 0.6171875 0.153125 0.490625
0 0.9671875 0.434375 0.0609375 0.1484375
1 0.553125 0.6203125 0.2046875 0.484375
0 0.5546875 0.440625 0.078125 0.0921875
1 0.7734375 0.61875 0.259375 0.4890625
0 0.784375 0.4265625 0.0921875 0.09375
1 0.9140625 0.4453125 0.075 0.2
0 0.9046875 0.365625 0.0265625 0.0296875
1 0.065625 0.6734375 0.128125 0.38125
0 0.0375 0.546875 0.0734375 0.090625
1 0.3046875 0.68125 0.428125 0.365625
0 0.421875 0.60625 0.1171875 0.1328125
1 0.3828125 0.6546875 0.2296875 0.4171875
0 0.35625 0.5125 0.0875 0.1015625
1 0.628125 0.7 0.203125 0.3265625
0 0.625 0.609375 0.1234375 0.1125
1 0.7921875 0.68125 0.2984375 0.365625
0 0.79375 0.625 0.215625 0.196875
1 0.6546875 0.7015625 0.3296875 0.3234375
0 0.6484375 0.821875 0.1421875 0.0828125
1 0.9171875 0.6 0.128125 0.353125
0 0.9109375 0.4625 0.08125 0.065625
1 0.903125 0.5890625 0.0921875 0.4
0 0.9125 0.4640625 0.0828125 0.0671875
1 0.8375 0.50625 0.0890625 0.2875
0 0.8375 0.38125 0.028125 0.028125
1 0.8234375 0.571875 0.1046875 0.3
0 0.8265625 0.4671875 0.0328125 0.0359375
1 0.7125 0.5953125 0.140625 0.38125
0 0.7078125 0.4578125 0.06875 0.0765625
1 0.725 0.5359375 0.128125 0.3359375
0 0.734375 0.4140625 0.0453125 0.0609375
1 0.625 0.5671875 0.1421875 0.415625
0 0.6125 0.3984375 0.0546875 0.065625
1 0.55 0.628125 0.2109375 0.4703125
0 0.553125 0.4390625 0.0734375 0.0796875
1 0.515625 0.5765625 0.1125 0.3
0 0.5046875 0.465625 0.0546875 0.0578125
1 0.48125 0.6265625 0.1140625 0.296875
0 0.4703125 0.5234375 0.0546875 0.0671875
1 0.4640625 0.5984375 0.1 0.3125
0 0.459375 0.4796875 0.0375 0.046875
1 0.4015625 0.54375 0.1171875 0.31875
0 0.384375 0.4171875 0.0421875 0.0515625
1 0.3984375 0.5703125 0.078125 0.2765625
0 0.39375 0.465625 0.0453125 0.05
1 0.3203125 0.553125 0.090625 0.2953125
0 0.315625 0.4328125 0.0484375 0.0484375
1 0.2890625 0.4625 0.0453125 0.14375
0 0.2890625 0.4046875 0.0171875 0.0203125
1 0.221875 0.4640625 0.05 0.165625
0 0.21875 0.3953125 0.0125 0.015625
1 0.134375 0.465625 0.0640625 0.1484375
0 0.13125 0.409375 0.021875 0.0265625
1 0.046875 0.621875 0.0921875 0.3484375
0 0.0421875 0.484375 0.08125 0.0640625
1 0.08125 0.6265625 0.103125 0.2671875
0 0.0796875 0.534375 0.0546875 0.05625
1 0.0296875 0.5796875 0.05625 0.3328125
0 0.03125 0.44375 0.059375 0.0625
1 0.078125 0.50625 0.0625 0.2125
0 0.075 0.41875 0.0296875 0.0265625
1 0.275 0.4359375 0.0265625 0.1015625
0 0.275 0.3921875 0.0078125 0.009375
1 0.2953125 0.4453125 0.0421875 0.115625
0 0.2890625 0.4046875 0.0171875 0.025