1 0.7296875 0.5953125 0.1265625 0.3703125
0 0.740625 0.4453125 0.040625 0.0546875
1 0.7296875 0.5796875 0.1546875 0.3421875
0 0.696875 0.4390625 0.0390625 0.05
1 0.6703125 0.5546875 0.1125 0.3390625
0 0.653125 0.4171875 0.0375 0.0453125
1 0.58125 0.5625 0.1046875 0.3171875
0 0.596875 0.43125 0.034375 0.05
1 0.496875 0.5625 0.0953125 0.309375
0 0.515625 0.434375 0.034375 0.0453125
1 0.5546875 0.5890625 0.109375 0.3421875
0 0.553125 0.446875 0.0359375 0.05
1 0.46875 0.5875 0.1015625 0.3359375
0 0.478125 0.4453125 0.0375 0.0484375
1 0.2453125 0.5578125 0.1359375 0.36875
0 0.259375 0.403125 0.0390625 0.046875
1 0.3890625 0.5578125 0.10625 0.3390625
0 0.3984375 0.4203125 0.0359375 0.046875