1 0.0578125 0.5265625 0.096875 0.2734375
0 0.059375 0.4109375 0.03125 0.0375
1 0.140625 0.53125 0.0765625 0.2609375
0 0.1421875 0.4265625 0.028125 0.0359375
1 0.2265625 0.521875 0.096875 0.278125
0 0.2328125 0.4046875 0.0296875 0.034375
1 0.3203125 0.5203125 0.090625 0.2828125
0 0.321875 0.4 0.03125 0.0359375
1 0.4109375 0.515625 0.0921875 0.2921875
0 0.4125 0.390625 0.028125 0.0375
1 0.4984375 0.5125 0.0921875 0.3078125
0 0.4984375 0.38125 0.028125 0.034375
1 0.584375 0.5140625 0.090625 0.29375
0 0.58125 0.3921875 0.028125 0.034375
1 0.6703125 0.51875 0.10625 0.290625
0 0.6734375 0.3953125 0.028125 0.0390625
1 0.7703125 0.5234375 0.10625 0.284375
0 0.7671875 0.4015625 0.0296875 0.0359375
1 0.85 0.5265625 0.09375 0.2734375
0 0.8484375 0.4109375 0.0296875 0.0359375
1 0.9359375 0.5390625 0.08125 0.25625
0 0.93125 0.4328125 0.0296875 0.0375
1 0.2875 0.5625 0.125 0.234375
0 0.2921875 0.471875 0.028125 0.040625
1 0.38125 0.5609375 0.103125 0.221875
0 0.384375 0.4765625 0.03125 0.0390625
1 0.4625 0.565625 0.0859375 0.21875
0 0.46875 0.4828125 0.03125 0.034375
1 0.53125 0.56875 0.09375 0.209375
0 0.5328125 0.4859375 0.028125 0.0375
1 0.6078125 0.5671875 0.0828125 0.2171875
0 0.6109375 0.4828125 0.0328125 0.0421875
1 0.6921875 0.5671875 0.0984375 0.2203125
0 0.6890625 0.4828125 0.0328125 0.0390625
1 0.7875 0.5671875 0.1359375 0.221875
0 0.775 0.48125 0.03125 0.0359375
1 0.175 0.465625 0.090625 0.2515625
0 0.18125 0.3625 0.028125 0.0359375
1 0.2546875 0.4625 0.084375 0.25625
0 0.2578125 0.353125 0.028125 0.0328125
1 0.325 0.4671875 0.0796875 0.246875
0 0.325 0.3625 0.0265625 0.03125
1 0.396875 0.4640625 0.0828125 0.253125
0 0.396875 0.35625 0.028125 0.0375
1 0.4640625 0.4609375 0.0859375 0.259375
0 0.465625 0.353125 0.028125 0.0359375
1 0.5578125 0.465625 0.0875 0.2671875
0 0.5578125 0.3515625 0.0265625 0.03125
1 0.6453125 0.4640625 0.0859375 0.2703125
0 0.64375 0.3515625 0.028125 0.0375
1 0.728125 0.465625 0.0875 0.2625
0 0.7234375 0.35625 0.028125 0.0375
1 0.796875 0.4640625 0.0796875 0.2640625
0 0.79375 0.353125 0.0265625 0.0375
1 0.86875 0.4640625 0.084375 0.2625
0 0.8625 0.353125 0.0265625 0.034375