1 0.7265625 0.496875 0.0078125 0.025
0 0.7265625 0.4890625 0.003125 0.003125
1 0.684375 0.4953125 0.0140625 0.0234375
0 0.684375 0.4875 0.003125 0.003125
1 0.64375 0.4984375 0.009375 0.0234375
0 0.6453125 0.490625 0.003125 0.003125
1 0.5890625 0.5171875 0.0171875 0.0640625
0 0.5875 0.490625 0.009375 0.009375
1 0.5765625 0.51875 0.0265625 0.0625
0 0.575 0.4921875 0.0078125 0.009375
1 0.925 0.5015625 0.0109375 0.025
0 0.921875 0.4921875 0.003125 0.003125
1 0.9125 0.503125 0.0109375 0.0265625
0 0.9109375 0.4921875 0.003125 0.003125
1 0.9125 0.54375 0.0796875 0.1390625
0 0.9 0.490625 0.0171875 0.01875
1 0.4953125 0.6625 0.396875 0.3296875
0 0.4921875 0.525 0.1375 0.19375
1 0.078125 0.5453125 0.0515625 0.1171875
0 0.08125 0.4984375 0.0140625 0.01875
1 0.03125 0.54375 0.0625 0.1203125
0 0.0375 0.4984375 0.015625 0.0203125