1 0.2078125 0.575 0.0078125 0.01875
0 0.2078125 0.5671875 0.003125 0.003125
1 0.21875 0.575 0.0078125 0.0203125
0 0.2203125 0.5671875 0.003125 0.003125
1 0.2421875 0.5796875 0.009375 0.01875
0 0.2453125 0.5734375 0.003125 0.003125
1 0.25 0.58125 0.0078125 0.0171875
0 0.2515625 0.575 0.0015625 0.003125
1 0.3875 0.575 0.0078125 0.021875
0 0.3875 0.565625 0.003125 0.003125
1 0.39375 0.575 0.009375 0.021875
0 0.39375 0.565625 0.003125 0.003125
1 0.4125 0.571875 0.0078125 0.021875
0 0.4109375 0.5640625 0.003125 0.003125
1 0.0171875 0.7578125 0.0171875 0.034375
0 0.0203125 0.7421875 0.003125 0.003125
1 0.0296875 0.75625 0.015625 0.034375
0 0.03125 0.740625 0.0046875 0.0046875
1 0.034375 0.7546875 0.009375 0.025
0 0.0359375 0.74375 0.003125 0.003125
1 0.025 0.753125 0.009375 0.025
0 0.025 0.74375 0.0046875 0.0046875
1 0.0453125 0.759375 0.0140625 0.0328125
0 0.046875 0.7453125 0.003125 0.003125
1 0.05625 0.7546875 0.0140625 0.0328125
0 0.0578125 0.7421875 0.0046875 0.0046875
1 0.059375 0.7578125 0.0171875 0.034375
0 0.0578125 0.7421875 0.0046875 0.0046875
1 0.065625 0.7578125 0.015625 0.034375
0 0.0640625 0.74375 0.0046875 0.0046875
1 0.0796875 0.75625 0.015625 0.0328125
0 0.08125 0.74375 0.0046875 0.0046875
1 0.096875 0.7578125 0.0171875 0.0390625
0 0.0953125 0.7421875 0.0046875 0.00625
1 0.1109375 0.75625 0.0140625 0.03125
0 0.1125 0.74375 0.003125 0.003125
1 0.115625 0.75625 0.015625 0.03125
0 0.115625 0.74375 0.003125 0.0046875
1 0.1125 0.75 0.0109375 0.028125
0 0.1140625 0.7390625 0.003125 0.0046875
1 0.1078125 0.7515625 0.0078125 0.0234375
0 0.109375 0.740625 0.003125 0.003125
1 0.1265625 0.759375 0.0125 0.0234375
0 0.128125 0.75 0.003125 0.003125
1 0.1484375 0.7546875 0.0140625 0.025
0 0.15 0.74375 0.003125 0.0015625
1 0.265625 0.7515625 0.0125 0.0328125
0 0.2671875 0.7375 0.003125 0.0046875
1 0.2984375 0.74375 0.00625 0.015625
0 0.2984375 0.7359375 0.0015625 0.0015625
1 0.321875 0.7484375 0.0234375 0.03125
0 0.315625 0.7375 0.0046875 0.00625
1 0.4640625 0.7609375 0.0203125 0.034375
0 0.4640625 0.746875 0.0046875 0.0046875
1 0.4671875 0.7578125 0.0171875 0.040625
0 0.46875 0.740625 0.00625 0.00625
1 0.48125 0.7578125 0.015625 0.04375
0 0.4828125 0.7390625 0.003125 0.0046875
1 0.4921875 0.759375 0.015625 0.0421875
0 0.4921875 0.740625 0.0046875 0.0046875
1 0.596875 0.7515625 0.015625 0.0359375
0 0.6 0.7375 0.0046875 0.0046875
1 0.596875 0.7515625 0.0109375 0.0328125
0 0.6 0.7375 0.0046875 0.0046875
1 0.621875 0.7546875 0.0203125 0.0359375
0 0.621875 0.740625 0.0046875 0.0046875
1 0.63125 0.7546875 0.015625 0.034375
0 0.6296875 0.740625 0.003125 0.003125
1 0.6546875 0.746875 0.0203125 0.03125
0 0.6484375 0.7359375 0.0046875 0.0046875
1 0.659375 0.753125 0.021875 0.0421875
0 0.659375 0.7359375 0.0046875 0.00625
1 0.665625 0.7515625 0.0125 0.0390625
0 0.665625 0.7359375 0.0046875 0.0046875
1 0.7015625 0.7546875 0.0125 0.0359375
0 0.7 0.740625 0.0046875 0.0046875
1 0.696875 0.7515625 0.0109375 0.0375
0 0.696875 0.7359375 0.0046875 0.0046875
1 0.728125 0.7515625 0.0125 0.0390625
0 0.73125 0.7359375 0.003125 0.0046875
1 0.7390625 0.75 0.0125 0.03125
0 0.7375 0.7359375 0.003125 0.0046875
1 0.7640625 0.75625 0.0171875 0.04375
0 0.765625 0.7375 0.0046875 0.0046875
1 0.7734375 0.759375 0.0109375 0.0359375
0 0.7734375 0.7453125 0.0046875 0.00625
1 0.778125 0.75625 0.0140625 0.0390625
0 0.7765625 0.740625 0.0046875 0.00625
1 0.784375 0.759375 0.015625 0.0390625
0 0.78125 0.74375 0.0046875 0.0046875
1 0.8015625 0.75625 0.0203125 0.046875
0 0.7984375 0.7359375 0.00625 0.00625
1 0.81875 0.76875 0.0203125 0.034375
0 0.8171875 0.7546875 0.00625 0.0046875
1 0.8125 0.75625 0.0125 0.034375
0 0.8125 0.7421875 0.0046875 0.0046875
1 0.7953125 0.75625 0.0125 0.0421875
0 0.79375 0.7390625 0.0046875 0.00625
1 0.859375 0.7671875 0.0203125 0.034375
0 0.85625 0.7546875 0.00625 0.00625
1 0.8703125 0.7671875 0.01875 0.0375
0 0.86875 0.7515625 0.0046875 0.0046875
1 0.8890625 0.7671875 0.021875 0.0375
0 0.8859375 0.7515625 0.0046875 0.0046875
1 0.8671875 0.7578125 0.0171875 0.04375
0 0.8671875 0.7390625 0.0046875 0.0046875
1 0.871875 0.75625 0.0140625 0.0453125
0 0.871875 0.7375 0.00625 0.00625
1 0.8796875 0.7578125 0.0109375 0.034375
0 0.8796875 0.74375 0.0046875 0.0046875
1 0.8953125 0.7578125 0.01875 0.0375
0 0.890625 0.7421875 0.0046875 0.003125
1 0.91875 0.7578125 0.015625 0.0375
0 0.915625 0.7421875 0.0046875 0.0046875
1 0.9125 0.7578125 0.0109375 0.0375
0 0.9125 0.7421875 0.0046875 0.0046875
1 0.921875 0.753125 0.0125 0.0328125
0 0.921875 0.7390625 0.003125 0.003125
1 0.93125 0.75625 0.0109375 0.0359375
0 0.93125 0.7421875 0.0046875 0.0046875
1 0.953125 0.7515625 0.015625 0.0390625
0 0.953125 0.7359375 0.0046875 0.0046875
1 0.9625 0.7609375 0.0171875 0.0359375
0 0.959375 0.7453125 0.0046875 0.0046875
1 0.959375 0.7546875 0.0140625 0.0359375
0 0.959375 0.740625 0.003125 0.0046875
1 0.6546875 0.7484375 0.0375 0.0265625
0 0.640625 0.7390625 0.0046875 0.0046875