1 0.028125 0.4484375 0.0515625 0.325
0 0.0109375 0.3171875 0.0171875 0.0375
1 0.03125 0.528125 0.059375 0.375
0 0.0109375 0.3296875 0.0203125 0.04375
1 0.234375 0.4296875 0.1 0.2828125
0 0.2328125 0.3171875 0.0359375 0.0484375
1 0.121875 0.484375 0.1640625 0.390625
0 0.1484375 0.3203125 0.0578125 0.059375
1 0.1640625 0.6375 0.2515625 0.396875
0 0.15 0.4984375 0.103125 0.115625
1 0.5828125 0.6265625 0.609375 0.41875
0 0.5078125 0.2921875 0.134375 0.1640625
1 0.5796875 0.546875 0.1375 0.4453125
0 0.5828125 0.3703125 0.071875 0.0828125
1 0.7890625 0.5859375 0.1484375 0.4296875
0 0.809375 0.4109375 0.0515625 0.0703125
1 0.909375 0.596875 0.1765625 0.3953125
0 0.9421875 0.4359375 0.0515625 0.0609375
1 0.9140625 0.6109375 0.1640625 0.45
0 0.94375 0.434375 0.05 0.05625