1 0.6046875 0.61875 0.2921875 0.5078125
0 0.609375 0.4578125 0.1375 0.171875
1 0.5140625 0.6859375 0.509375 0.3734375
0 0.4390625 0.41875 0.14375 0.190625
1 0.9046875 0.4734375 0.0796875 0.1890625
0 0.9171875 0.4 0.0234375 0.0265625
1 0.9640625 0.4671875 0.0484375 0.134375
0 0.9625 0.4125 0.0140625 0.01875
1 0.9703125 0.4515625 0.04375 0.115625
0 0.9640625 0.403125 0.0140625 0.0140625
1 0.86875 0.4703125 0.040625 0.11875
0 0.8734375 0.4203125 0.01875 0.0171875
1 0.834375 0.4671875 0.0546875 0.1171875
0 0.83125 0.41875 0.0140625 0.0140625
1 0.7984375 0.4546875 0.028125 0.103125
0 0.8 0.4109375 0.009375 0.0140625
1 0.784375 0.4578125 0.021875 0.1
0 0.78125 0.4203125 0.009375 0.015625
1 0.8171875 0.4515625 0.025 0.1
0 0.8171875 0.409375 0.0125 0.0125
1 0.859375 0.4578125 0.028125 0.103125
0 0.8625 0.415625 0.0140625 0.015625
1 0.8328125 0.4484375 0.0296875 0.1078125
0 0.83125 0.403125 0.0125 0.0140625
1 0.9421875 0.4328125 0.01875 0.0515625
0 0.946875 0.4109375 0.00625 0.00625
1 0.9875 0.428125 0.0140625 0.046875
0 0.9875 0.409375 0.00625 0.00625
1 0.753125 0.5015625 0.0796875 0.2640625
0 0.7546875 0.390625 0.025 0.034375
1 0.6921875 0.4953125 0.071875 0.21875
0 0.6859375 0.4046875 0.028125 0.025
1 0.7125 0.4703125 0.0390625 0.1609375
0 0.70625 0.4046875 0.0203125 0.021875
1 0.2625 0.5703125 0.1765625 0.396875
0 0.2734375 0.4109375 0.0515625 0.0625
1 0.1515625 0.4703125 0.028125 0.0734375
0 0.1515625 0.440625 0.009375 0.009375
1 0.09375 0.5578125 0.096875 0.31875
0 0.08125 0.4265625 0.034375 0.0359375
1 0.0328125 0.571875 0.0640625 0.3515625
0 0.0109375 0.4203125 0.0203125 0.0453125
1 0.0515625 0.5375 0.05625 0.228125
0 0.05 0.4390625 0.0265625 0.0296875
1 0.0328125 0.5296875 0.059375 0.2375
0 0.0265625 0.43125 0.0265625 0.03125