1 0.0484375 0.7015625 0.09375 0.2515625
0 0.0515625 0.6015625 0.03125 0.0421875
1 0.13125 0.696875 0.103125 0.2671875
0 0.1375 0.5890625 0.0328125 0.0421875
1 0.19375 0.7421875 0.05625 0.1375
0 0.196875 0.6953125 0.025 0.034375
1 0.2390625 0.703125 0.08125 0.2375
0 0.2375 0.603125 0.028125 0.0359375
1 0.21875 0.665625 0.071875 0.2109375
0 0.2234375 0.578125 0.021875 0.03125
1 0.296875 0.659375 0.06875 0.184375
0 0.2984375 0.5828125 0.0203125 0.028125
1 0.3265625 0.634375 0.0546875 0.15625
0 0.3265625 0.5703125 0.01875 0.021875
1 0.03125 0.671875 0.059375 0.134375
0 0.0171875 0.6203125 0.0265625 0.028125
1 0.0890625 0.6296875 0.0734375 0.115625
0 0.0875 0.5828125 0.0171875 0.01875
1 0.2859375 0.6 0.0265625 0.075
0 0.28125 0.5703125 0.009375 0.0140625
1 0.309375 0.603125 0.03125 0.096875
0 0.3046875 0.5625 0.0125 0.0125
1 0.35625 0.5875 0.025 0.075
0 0.3515625 0.5546875 0.009375 0.009375
1 0.3640625 0.575 0.0171875 0.0515625
0 0.359375 0.5546875 0.0078125 0.0078125
1 0.2515625 0.6078125 0.0375 0.0640625
0 0.246875 0.5828125 0.0140625 0.0125
1 0.259375 0.6015625 0.0296875 0.065625
0 0.2640625 0.5765625 0.009375 0.0109375
1 0.26875 0.6 0.028125 0.059375
0 0.2640625 0.5765625 0.009375 0.0109375
1 0.390625 0.5671875 0.0125 0.01875
0 0.3921875 0.5625 0.0046875 0.003125
1 0.4328125 0.5578125 0.009375 0.03125
0 0.434375 0.5453125 0.0046875 0.003125
1 0.4546875 0.5734375 0.01875 0.059375
0 0.4546875 0.55 0.00625 0.009375
1 0.7515625 0.578125 0.034375 0.1
0 0.75625 0.5375 0.0125 0.0140625
1 0.7171875 0.5796875 0.03125 0.096875
0 0.71875 0.5390625 0.009375 0.0125
1 0.6921875 0.5875 0.0296875 0.0953125
0 0.69375 0.5484375 0.0109375 0.0140625
1 0.6390625 0.5609375 0.0171875 0.053125
0 0.6375 0.5390625 0.00625 0.0078125
1 0.61875 0.5625 0.021875 0.0515625
0 0.6140625 0.5421875 0.00625 0.0078125
1 0.609375 0.5640625 0.0171875 0.05625
0 0.6078125 0.5421875 0.0078125 0.009375
1 0.5890625 0.5671875 0.0171875 0.0546875
0 0.5875 0.5421875 0.00625 0.00625
1 0.5796875 0.575 0.0296875 0.0796875
0 0.575 0.5421875 0.009375 0.0125
1 0.5265625 0.6265625 0.046875 0.1421875
0 0.5375 0.5703125 0.01875 0.0234375
1 0.5296875 0.6140625 0.05 0.140625
0 0.53125 0.5578125 0.0171875 0.0234375
1 0.5203125 0.56875 0.021875 0.0578125
0 0.521875 0.54375 0.00625 0.009375
1 0.54375 0.575 0.021875 0.0796875
0 0.5421875 0.5421875 0.00625 0.0125
1 0.5515625 0.5703125 0.01875 0.0546875
0 0.5515625 0.5484375 0.00625 0.009375
1 0.4390625 0.5484375 0.00625 0.0203125
0 0.4390625 0.5421875 0.0015625 0.003125
1 0.465625 0.5625 0.0078125 0.0203125
0 0.4671875 0.55625 0.003125 0.003125
1 0.45 0.5578125 0.009375 0.0265625
0 0.4484375 0.546875 0.003125 0.003125
1 0.4578125 0.5578125 0.0109375 0.028125
0 0.4578125 0.546875 0.003125 0.003125
1 0.5703125 0.5671875 0.0203125 0.0546875
0 0.56875 0.5453125 0.00625 0.0078125
1 0.596875 0.553125 0.0125 0.034375
0 0.596875 0.5390625 0.0046875 0.0046875
1 0.6296875 0.5640625 0.015625 0.021875
0 0.634375 0.55625 0.003125 0.003125