1 0.1265625 0.5421875 0.1796875 0.446875
0 0.11875 0.3625 0.0703125 0.0765625
1 0.15625 0.4828125 0.0953125 0.2828125
0 0.175 0.3703125 0.0359375 0.04375
1 0.2546875 0.4546875 0.1515625 0.2578125
0 0.2140625 0.35 0.0421875 0.0421875
1 0.2421875 0.4203125 0.0640625 0.2078125
0 0.2359375 0.3375 0.0265625 0.034375
1 0.3015625 0.4 0.04375 0.1328125
0 0.296875 0.3484375 0.0234375 0.025
1 0.3828125 0.5046875 0.1328125 0.3671875
0 0.3578125 0.353125 0.046875 0.059375
1 0.40625 0.44375 0.0515625 0.228125
0 0.4 0.35 0.028125 0.03125
1 0.3890625 0.465625 0.0984375 0.275
0 0.3984375 0.3515625 0.034375 0.034375
1 0.43125 0.396875 0.034375 0.1125
0 0.4296875 0.353125 0.0140625 0.015625
1 0.4875 0.4359375 0.0875 0.23125
0 0.4734375 0.3375 0.028125 0.028125
1 0.465625 0.4171875 0.0515625 0.2
0 0.4609375 0.334375 0.021875 0.03125
1 0.4921875 0.4109375 0.0390625 0.1578125
0 0.490625 0.3453125 0.0171875 0.0171875
1 0.5359375 0.4203125 0.0515625 0.165625
0 0.54375 0.353125 0.0203125 0.021875
1 0.571875 0.4265625 0.040625 0.1921875
0 0.5703125 0.3484375 0.0234375 0.0328125
1 0.5796875 0.44375 0.0609375 0.1921875
0 0.578125 0.3625 0.0234375 0.028125
1 0.6046875 0.4890625 0.0890625 0.2515625
0 0.615625 0.390625 0.0328125 0.040625
1 0.6796875 0.51875 0.1296875 0.34375
0 0.675 0.378125 0.046875 0.05625
1 0.6859375 0.4609375 0.125 0.328125
0 0.6796875 0.3234375 0.0375 0.046875
1 0.7875 0.5390625 0.134375 0.41875
0 0.796875 0.3671875 0.0671875 0.059375
1 0.909375 0.5125 0.15 0.415625
0 0.934375 0.3421875 0.0703125 0.059375
1 0.834375 0.465625 0.1234375 0.340625
0 0.8296875 0.3296875 0.0328125 0.0515625
1 0.74375 0.4515625 0.075 0.2265625
0 0.73125 0.3609375 0.0328125 0.0390625
1 0.65625 0.4640625 0.065625 0.2421875
0 0.6515625 0.365625 0.028125 0.0359375
1 0.6234375 0.440625 0.0640625 0.240625
0 0.615625 0.340625 0.0234375 0.0328125