1 0.0921875 0.615625 0.1828125 0.3546875
0 0.08125 0.44375 0.0703125 0.0921875
1 0.221875 0.6203125 0.178125 0.3453125
0 0.2265625 0.4703125 0.0703125 0.078125
1 0.34375 0.60625 0.1953125 0.371875
0 0.346875 0.428125 0.06875 0.084375
1 0.4671875 0.6015625 0.171875 0.38125
0 0.4796875 0.4578125 0.0625 0.0859375
1 0.5921875 0.609375 0.2125 0.3671875
0 0.5828125 0.4484375 0.0640625 0.075
1 0.7546875 0.603125 0.2078125 0.3796875
0 0.734375 0.4546875 0.0734375 0.0953125
1 0.9046875 0.6078125 0.1859375 0.3703125
0 0.90625 0.4453125 0.071875 0.09375
1 0.390625 0.553125 0.221875 0.4796875
0 0.3984375 0.35 0.0578125 0.071875
1 0.5453125 0.5546875 0.25625 0.478125
0 0.5515625 0.3671875 0.0578125 0.0765625
1 0.734375 0.5453125 0.2203125 0.4953125
0 0.7296875 0.3390625 0.0625 0.0765625
1 0.3859375 0.440625 0.18125 0.4578125
0 0.378125 0.2546875 0.0578125 0.065625
1 0.503125 0.4453125 0.203125 0.4484375
0 0.5109375 0.2578125 0.053125 0.071875
1 0.6328125 0.45 0.178125 0.49375
0 0.625 0.2375 0.053125 0.0671875
1 0.75 0.4703125 0.2296875 0.5015625
0 0.709375 0.2578125 0.05625 0.075