1 0.259375 0.665625 0.321875 0.334375
0 0.290625 0.6515625 0.1375 0.1578125
1 0.5375 0.69375 0.1921875 0.278125
0 0.53125 0.65625 0.0546875 0.059375
1 0.615625 0.7296875 0.1109375 0.20625
0 0.6125 0.65625 0.046875 0.0578125
1 0.7203125 0.721875 0.103125 0.2203125
0 0.709375 0.6359375 0.0421875 0.0484375
1 0.9625 0.725 0.0671875 0.2125
0 0.9828125 0.6765625 0.0296875 0.0875
1 0.796875 0.709375 0.184375 0.246875
0 0.81875 0.7078125 0.075 0.0859375
1 0.4421875 0.7125 0.1140625 0.2390625
0 0.440625 0.63125 0.0484375 0.065625
1 0.1 0.728125 0.1140625 0.2078125
0 0.1203125 0.6796875 0.046875 0.0640625
1 0.0203125 0.728125 0.0390625 0.146875
0 0.0265625 0.66875 0.0171875 0.0203125
1 0.0953125 0.73125 0.0890625 0.203125
0 0.1046875 0.646875 0.0328125 0.0296875
1 0.1765625 0.7375 0.0640625 0.1890625
0 0.184375 0.6609375 0.0234375 0.025
1 0.40625 0.734375 0.0578125 0.196875
0 0.4078125 0.653125 0.025 0.028125
1 0.38125 0.7421875 0.0546875 0.1796875
0 0.384375 0.6703125 0.025 0.0328125
1 0.6453125 0.7265625 0.075 0.2109375
0 0.6421875 0.646875 0.034375 0.04375
1 0.815625 0.7375 0.109375 0.1890625
0 0.8171875 0.6640625 0.0421875 0.0390625
1 0.934375 0.7265625 0.0859375 0.2109375
0 0.928125 0.6390625 0.025 0.0296875
1 0.9625 0.734375 0.0625 0.1953125
0 0.9578125 0.6515625 0.0265625 0.025
1 0.95 0.6953125 0.0390625 0.1265625
0 0.9421875 0.64375 0.015625 0.021875
1 0.8625 0.7234375 0.0671875 0.1875
0 0.859375 0.6453125 0.021875 0.028125
1 0.684375 0.6984375 0.028125 0.0984375
0 0.684375 0.6609375 0.0125 0.0171875
1 0.6640625 0.6953125 0.0375 0.1203125
0 0.66875 0.646875 0.0171875 0.021875
1 0.4703125 0.7109375 0.0296875 0.109375
0 0.471875 0.665625 0.0125 0.0140625
1 0.4765625 0.7234375 0.0296875 0.1046875
0 0.4765625 0.678125 0.0125 0.0125
1 0.4953125 0.709375 0.0171875 0.109375
0 0.49375 0.6625 0.009375 0.0140625
1 0.484375 0.709375 0.01875 0.0984375
0 0.4859375 0.6671875 0.0046875 0.0078125
1 0.1859375 0.7515625 0.0671875 0.1609375
0 0.1890625 0.6984375 0.0453125 0.0484375
1 0.159375 0.725 0.0375 0.134375
0 0.1640625 0.665625 0.0171875 0.015625
1 0.3625 0.7125 0.046875 0.1609375
0 0.3640625 0.6453125 0.021875 0.0203125
1 0.421875 0.746875 0.05625 0.16875
0 0.4125 0.675 0.021875 0.0234375
1 0.9046875 0.6984375 0.0375 0.1171875
0 0.903125 0.6515625 0.0125 0.015625
1 0.8875 0.6703125 0.01875 0.0515625
0 0.89375 0.6515625 0.009375 0.0078125