1 0.06875 0.6703125 0.134375 0.3203125
0 0.0140625 0.6 0.0265625 0.06875
1 0.0578125 0.6609375 0.1125 0.3375
0 0.0171875 0.5203125 0.0328125 0.0484375
1 0.103125 0.5984375 0.075 0.2515625
0 0.0984375 0.49375 0.034375 0.0359375
1 0.0609375 0.58125 0.0734375 0.2171875
0 0.0453125 0.5 0.0296875 0.034375
1 0.0671875 0.565625 0.059375 0.184375
0 0.059375 0.4921875 0.025 0.03125
1 0.125 0.5203125 0.0546875 0.1734375
0 0.1265625 0.4484375 0.0203125 0.025
1 0.171875 0.5796875 0.0671875 0.2421875
0 0.1671875 0.4796875 0.0375 0.0328125
1 0.2140625 0.6234375 0.096875 0.2890625
0 0.2015625 0.5046875 0.0375 0.046875
1 0.1765625 0.6640625 0.3203125 0.33125
0 0.184375 0.6375 0.0953125 0.0921875
1 0.425 0.665625 0.2625 0.3296875
0 0.384375 0.678125 0.1015625 0.11875
1 0.45625 0.7546875 0.128125 0.1515625
0 0.4578125 0.7171875 0.0859375 0.071875
1 0.5890625 0.6796875 0.15 0.3
0 0.5828125 0.5671875 0.059375 0.0671875
1 0.6421875 0.6609375 0.1296875 0.3375
0 0.6359375 0.51875 0.046875 0.05
1 0.415625 0.6625 0.1328125 0.3359375
0 0.425 0.5234375 0.0453125 0.0578125
1 0.403125 0.6109375 0.075 0.175
0 0.4046875 0.54375 0.0375 0.0328125
1 0.3234375 0.60625 0.0734375 0.29375
0 0.3171875 0.4828125 0.0328125 0.0375
1 0.2671875 0.5953125 0.0796875 0.25
0 0.2546875 0.4953125 0.0296875 0.034375
1 0.215625 0.5140625 0.0421875 0.140625
0 0.2109375 0.4578125 0.0171875 0.0234375
1 0.225 0.4671875 0.025 0.06875
0 0.2234375 0.4390625 0.0078125 0.009375
1 0.275 0.496875 0.0515625 0.1546875
0 0.284375 0.434375 0.021875 0.0203125
1 0.284375 0.56875 0.06875 0.203125
0 0.2796875 0.484375 0.0265625 0.0328125
1 0.290625 0.5484375 0.0546875 0.18125
0 0.2890625 0.471875 0.021875 0.025
1 0.3125 0.4859375 0.040625 0.153125
0 0.31875 0.421875 0.0203125 0.0234375
1 0.3484375 0.5578125 0.078125 0.203125
0 0.34375 0.478125 0.021875 0.025
1 0.36875 0.5484375 0.0515625 0.1734375
0 0.365625 0.4765625 0.0203125 0.0265625
1 0.3953125 0.5265625 0.040625 0.134375
0 0.3984375 0.46875 0.015625 0.01875
1 0.41875 0.540625 0.0515625 0.1609375
0 0.4203125 0.478125 0.025 0.0296875
1 0.45 0.5671875 0.075 0.2171875
0 0.4421875 0.475 0.0234375 0.0265625
1 0.4515625 0.5859375 0.0765625 0.2390625
0 0.45 0.484375 0.0296875 0.034375
1 0.4921875 0.5171875 0.0453125 0.14375
0 0.4953125 0.4578125 0.0171875 0.01875
1 0.4953125 0.55625 0.05625 0.1625
0 0.5015625 0.4875 0.0234375 0.021875
1 0.515625 0.5671875 0.059375 0.1890625
0 0.51875 0.4859375 0.021875 0.0234375
1 0.54375 0.5765625 0.0671875 0.2078125
0 0.5421875 0.49375 0.03125 0.0359375
1 0.565625 0.6046875 0.0796875 0.2703125
0 0.553125 0.490625 0.028125 0.0328125
1 0.575 0.525 0.028125 0.090625
0 0.5734375 0.49375 0.01875 0.0234375
1 0.540625 0.5109375 0.040625 0.1234375
0 0.54375 0.4625 0.015625 0.0171875
1 0.5890625 0.521875 0.0375 0.1328125
0 0.5875 0.4671875 0.0203125 0.0234375
1 0.6515625 0.628125 0.0875 0.303125
0 0.6578125 0.503125 0.0375 0.0453125
1 0.675 0.609375 0.071875 0.2640625
0 0.6796875 0.5 0.028125 0.0390625
1 0.634375 0.5828125 0.0765625 0.265625
0 0.6421875 0.46875 0.0328125 0.034375
1 0.6125 0.5203125 0.03125 0.115625
0 0.6125 0.471875 0.0171875 0.015625
1 0.7484375 0.5953125 0.0875 0.2640625
0 0.7484375 0.48125 0.025 0.0328125
1 0.75625 0.56875 0.06875 0.2265625
0 0.7609375 0.475 0.025 0.0359375
1 0.784375 0.5546875 0.0703125 0.1890625
0 0.790625 0.475 0.0203125 0.0234375
1 0.79375 0.540625 0.04375 0.184375
0 0.7953125 0.4625 0.0234375 0.025
1 0.8078125 0.5375 0.040625 0.1671875
0 0.809375 0.465625 0.0171875 0.021875
1 0.8484375 0.5609375 0.075 0.2046875
0 0.859375 0.471875 0.028125 0.021875
1 0.884375 0.553125 0.0625 0.2109375
0 0.875 0.4640625 0.0296875 0.0265625
1 0.940625 0.5484375 0.0703125 0.1828125
0 0.934375 0.4703125 0.025 0.0234375
1 0.8375 0.534375 0.0453125 0.15625
0 0.840625 0.4703125 0.0203125 0.0265625
1 0.9734375 0.5109375 0.0375 0.128125
0 0.971875 0.4578125 0.0171875 0.01875
1 0.984375 0.515625 0.025 0.1328125
0 0.9890625 0.4609375 0.015625 0.025
1 0.953125 0.4953125 0.0203125 0.1
0 0.95 0.453125 0.009375 0.0109375
1 0.9328125 0.50625 0.034375 0.121875
0 0.928125 0.459375 0.0203125 0.01875
1 0.9234375 0.4921875 0.0296875 0.10625
0 0.925 0.4484375 0.015625 0.0140625
1 0.8265625 0.740625 0.1546875 0.178125
0 0.815625 0.68125 0.0515625 0.05625
1 0.8546875 0.678125 0.1390625 0.15625
0 0.890625 0.6296875 0.0375 0.046875
1 0.903125 0.69375 0.1859375 0.2375
0 0.9140625 0.60625 0.053125 0.053125
1 0.9140625 0.721875 0.1671875 0.2140625
0 0.95 0.6421875 0.0640625 0.0484375
1 0.934375 0.634375 0.125 0.1734375
0 0.9625 0.56875 0.0453125 0.040625
1 0.925 0.603125 0.14375 0.1609375
0 0.984375 0.5671875 0.0265625 0.046875
1 0.5265625 0.4625 0.028125 0.10625
0 0.528125 0.415625 0.0125 0.015625
1 0.4875 0.4671875 0.0421875 0.1171875
0 0.49375 0.41875 0.0125 0.015625
1 0.4609375 0.4828125 0.021875 0.0828125
0 0.4625 0.45 0.009375 0.0109375
1 0.434375 0.465625 0.0484375 0.10625
0 0.4359375 0.421875 0.0125 0.015625
1 0.4046875 0.4578125 0.028125 0.0765625
0 0.403125 0.4265625 0.009375 0.0109375
1 0.3765625 0.459375 0.021875 0.0765625
0 0.3796875 0.4296875 0.009375 0.0109375
1 0.5546875 0.44375 0.009375 0.0296875
0 0.553125 0.4328125 0.003125 0.003125
1 0.559375 0.4390625 0.009375 0.03125
0 0.559375 0.428125 0.003125 0.0046875
1 0.75 0.44375 0.01875 0.0609375
0 0.7515625 0.41875 0.009375 0.009375
1 0.8125 0.4390625 0.0125 0.034375
0 0.8109375 0.425 0.0046875 0.0046875
1 0.703125 0.559375 0.046875 0.1875
0 0.70625 0.48125 0.0234375 0.0265625
1 0.7 0.5359375 0.0484375 0.1859375
0 0.6953125 0.4578125 0.0203125 0.0265625
1 0.675 0.5234375 0.040625 0.1421875
0 0.678125 0.4671875 0.015625 0.0171875