1 0.13125 0.55625 0.1859375 0.2375
0 0.128125 0.4875 0.0546875 0.0640625
1 0.1109375 0.4921875 0.1171875 0.1765625
0 0.1046875 0.4328125 0.0390625 0.05
1 0.390625 0.490625 0.1859375 0.1453125
0 0.3578125 0.4515625 0.034375 0.0390625
1 0.5125 0.5453125 0.225 0.23125
0 0.45625 0.4625 0.0453125 0.0640625
1 0.5609375 0.4765625 0.121875 0.13125
0 0.5484375 0.4390625 0.03125 0.0421875
1 0.7640625 0.509375 0.2734375 0.21875
0 0.6859375 0.4375 0.0453125 0.065625
1 0.7578125 0.4984375 0.1953125 0.1296875
0 0.671875 0.4640625 0.0234375 0.0265625
1 0.928125 0.50625 0.1375 0.2265625
0 0.9765625 0.43125 0.040625 0.05