1 0.146875 0.8203125 0.0953125 0.353125
0 0.1359375 0.8484375 0.071875 0.125
1 0.29375 0.8296875 0.2625 0.3328125
0 0.3015625 0.828125 0.09375 0.109375
1 0.4890625 0.8296875 0.2453125 0.3328125
0 0.4796875 0.8703125 0.078125 0.09375
1 0.7484375 0.83125 0.2234375 0.33125
0 0.7546875 0.86875 0.0984375 0.09375
1 0.846875 0.8359375 0.0984375 0.321875
0 0.85625 0.8828125 0.078125 0.109375
1 0.678125 0.8359375 0.2140625 0.3203125
0 0.65625 0.8453125 0.071875 0.0859375
1 0.578125 0.865625 0.16875 0.2625
0 0.56875 0.7796875 0.0578125 0.075
1 0.6515625 0.8125 0.0890625 0.2234375
0 0.6375 0.71875 0.0328125 0.034375
1 0.4859375 0.8703125 0.10625 0.253125
0 0.4703125 0.775 0.05 0.05625
1 0.38125 0.8765625 0.1421875 0.2421875
0 0.3671875 0.796875 0.0546875 0.0671875
1 0.153125 0.8171875 0.10625 0.2890625
0 0.1484375 0.7015625 0.0359375 0.04375
1 0.7671875 0.7453125 0.059375 0.1703125
0 0.7625 0.6765625 0.0234375 0.025
1 0.8640625 0.721875 0.0625 0.1890625
0 0.0984375 0 0 0
1 0.8078125 0.7375 0.0546875 0.125
0 0.809375 0.6921875 0.0203125 0.0203125
1 0.8328125 0.7296875 0.0328125 0.11875
0 0.828125 0.684375 0.0203125 0.0234375
1 0.384375 0.8640625 0.153125 0.265625
0 0.3875 0.7703125 0.040625 0.059375