1 0.015625 0.6296875 0.028125 0.103125
0 0.0125 0.584375 0.0109375 0.0125
1 0.06875 0.6609375 0.10625 0.18125
0 0.071875 0.58125 0.01875 0.0203125
1 0.109375 0.675 0.075 0.2125
0 0.11875 0.590625 0.0265625 0.034375
1 0.290625 0.6875 0.1125 0.1859375
0 0.2953125 0.6140625 0.0296875 0.034375
1 0.1953125 0.653125 0.065625 0.165625
0 0.2015625 0.5859375 0.0171875 0.0234375
1 0.390625 0.6703125 0.0453125 0.1296875
0 0.3875 0.615625 0.0171875 0.0171875
1 0.446875 0.6859375 0.0734375 0.190625
0 0.45625 0.6078125 0.0234375 0.0296875
1 0.5125 0.684375 0.075 0.1921875
0 0.509375 0.6109375 0.0234375 0.025
1 0.625 0.6703125 0.0484375 0.1328125
0 0.6203125 0.6140625 0.0140625 0.0171875
1 0.64375 0.665625 0.05 0.13125
0 0.6421875 0.6109375 0.0171875 0.0203125
1 0.0421875 0.6265625 0.0234375 0.071875
0 0.0421875 0.596875 0.009375 0.009375
1 0.084375 0.625 0.021875 0.0703125
0 0.0875 0.5984375 0.0078125 0.0078125
1 0.1 0.6296875 0.0296875 0.0828125
0 0.1046875 0.5953125 0.0109375 0.0109375
1 0.1359375 0.6265625 0.0265625 0.078125
0 0.1375 0.5953125 0.009375 0.0109375
1 0.1546875 0.621875 0.0234375 0.0765625
0 0.159375 0.590625 0.009375 0.0109375
1 0.1734375 0.63125 0.0265625 0.0734375
0 0.175 0.6015625 0.0078125 0.009375
1 0.2734375 0.63125 0.0328125 0.0390625
0 0.275 0.61875 0.0078125 0.009375
1 0.365625 0.621875 0.0234375 0.071875
0 0.3671875 0.590625 0.009375 0.0078125
1 0.390625 0.625 0.021875 0.0671875
0 0.390625 0.5984375 0.0078125 0.009375
1 0.371875 0.615625 0.0203125 0.0546875
0 0.3703125 0.5953125 0.00625 0.0078125
1 0.41875 0.61875 0.0171875 0.0546875
0 0.4203125 0.6 0.00625 0.0078125
1 0.43125 0.6171875 0.01875 0.0546875
0 0.4359375 0.5953125 0.0078125 0.0078125
1 0.4765625 0.6171875 0.01875 0.0546875
0 0.4765625 0.5953125 0.0078125 0.0078125
1 0.4875 0.6171875 0.01875 0.053125
0 0.4875 0.5984375 0.0078125 0.0078125
1 0.496875 0.61875 0.01875 0.0578125
0 0.496875 0.596875 0.0078125 0.009375
1 0.5265625 0.6203125 0.0203125 0.05625
0 0.528125 0.6 0.00625 0.0078125
1 0.534375 0.6109375 0.0171875 0.0484375
0 0.5328125 0.5921875 0.0046875 0.0046875
1 0.5453125 0.615625 0.0171875 0.059375
0 0.5453125 0.59375 0.0078125 0.0078125
1 0.5609375 0.6203125 0.0203125 0.059375
0 0.5609375 0.5984375 0.00625 0.009375
1 0.5703125 0.625 0.021875 0.0640625
0 0.571875 0.5984375 0.0078125 0.0078125
1 0.578125 0.621875 0.0203125 0.059375
0 0.58125 0.5984375 0.0078125 0.009375
1 0.6328125 0.615625 0.015625 0.046875
0 0.6375 0.596875 0.0046875 0.00625
1 0.659375 0.609375 0.015625 0.0453125
0 0.6609375 0.590625 0.0046875 0.00625
1 0.6671875 0.6 0.0234375 0.0390625
0 0.6625 0.5859375 0.0046875 0.0078125
1 0.59375 0.615625 0.015625 0.0453125
0 0.59375 0.596875 0.00625 0.0046875
1 0.5984375 0.6140625 0.015625 0.0453125
0 0.5984375 0.596875 0.0046875 0.0046875
1 0.5625 0.5875 0.015625 0.0421875
0 0.5640625 0.5703125 0.003125 0.0046875
1 0.5859375 0.5875 0.0140625 0.040625
0 0.584375 0.5703125 0.003125 0.0046875
1 0.5890625 0.571875 0.0140625 0.0390625
0 0.5890625 0.55625 0.0046875 0.0046875
1 0.6140625 0.575 0.0140625 0.0390625
0 0.6125 0.559375 0.003125 0.0046875
1 0.6078125 0.565625 0.015625 0.0375
0 0.6078125 0.5515625 0.003125 0.0046875
1 0.61875 0.51875 0.0125 0.03125
0 0.61875 0.5078125 0.003125 0.0046875
1 0.6375 0.5296875 0.0125 0.0359375
0 0.634375 0.5140625 0.0046875 0.0046875
1 0.6453125 0.53125 0.015625 0.0390625
0 0.64375 0.5171875 0.00625 0.00625
1 0.640625 0.5125 0.0109375 0.03125
0 0.6390625 0.5015625 0.003125 0.003125
1 0.646875 0.5125 0.0125 0.03125
0 0.6484375 0.5 0.003125 0.0046875
1 0.66875 0.5125 0.015625 0.0390625
0 0.66875 0.4984375 0.0046875 0.0046875
1 0.68125 0.5109375 0.015625 0.0375
0 0.6828125 0.4953125 0.0046875 0.0046875
1 0.6953125 0.515625 0.0125 0.03125
0 0.696875 0.5015625 0.0015625 0.003125
1 0.7015625 0.515625 0.0109375 0.028125
0 0.7015625 0.5046875 0.003125 0.003125
1 0.725 0.5140625 0.0125 0.03125
0 0.721875 0.5015625 0.003125 0.003125