1 0.6171875 0.79375 0.06875 0.2125
0 0.6109375 0.70625 0.0265625 0.0296875
1 0.5671875 0.7703125 0.0625 0.1921875
0 0.5515625 0.690625 0.0265625 0.028125
1 0.378125 0.75 0.1171875 0.234375
0 0.384375 0.65 0.021875 0.028125
1 0.3515625 0.73125 0.121875 0.2140625
0 0.3484375 0.64375 0.028125 0.0328125
1 0.4015625 0.6375 0.0703125 0.1296875
0 0.3859375 0.584375 0.015625 0.01875
1 0.3859375 0.6484375 0.0734375 0.159375
0 0.3734375 0.58125 0.0234375 0.0234375
1 0.328125 0.6046875 0.0828125 0.14375
0 0.325 0.5484375 0.015625 0.0203125
1 0.3046875 0.6515625 0.078125 0.1421875
0 0.29375 0.59375 0.021875 0.0234375
1 0.25625 0.653125 0.04375 0.06875
0 0.265625 0.6328125 0.0171875 0.0140625
1 0.2515625 0.646875 0.046875 0.065625
0 0.265625 0.63125 0.0140625 0.0140625
1 0.2671875 0.5140625 0.0515625 0.10625
0 0.271875 0.475 0.0171875 0.0203125
1 0.3453125 0.53125 0.059375 0.1359375
0 0.3359375 0.4734375 0.0171875 0.015625
1 0.390625 0.5578125 0.053125 0.1421875
0 0.3765625 0.503125 0.01875 0.0203125