1 0.04375 0.7484375 0.0859375 0.1625
0 0.034375 0.7078125 0.040625 0.05
1 0.096875 0.7375 0.103125 0.1859375
0 0.109375 0.715625 0.059375 0.05625
1 0.1609375 0.728125 0.14375 0.2046875
0 0.128125 0.6734375 0.0453125 0.0578125
1 0.2765625 0.7328125 0.0859375 0.19375
0 0.284375 0.6578125 0.034375 0.0296875
1 0.3296875 0.7375 0.075 0.1859375
0 0.346875 0.659375 0.0375 0.028125
1 0.3578125 0.7421875 0.0734375 0.1734375
0 0.36875 0.675 0.028125 0.03125
1 0.38125 0.7390625 0.0984375 0.18125
0 0.409375 0.6859375 0.03125 0.028125
1 0.415625 0.7390625 0.0609375 0.1828125
0 0.425 0.6640625 0.0296875 0.028125
1 0.4265625 0.7515625 0.08125 0.1578125
0 0.44375 0.6984375 0.0375 0.040625
1 0.4875 0.75 0.0875 0.159375
0 0.4921875 0.69375 0.0328125 0.034375
1 0.559375 0.7375 0.053125 0.1234375
0 0.565625 0.6859375 0.01875 0.01875
1 0.578125 0.6765625 0.01875 0.05
0 0.578125 0.6546875 0.0046875 0.0046875
1 0.5859375 0.75 0.103125 0.159375
0 0.596875 0.690625 0.0296875 0.0375
1 0.659375 0.753125 0.0859375 0.153125
0 0.64375 0.696875 0.025 0.0328125
1 0.6703125 0.7515625 0.0515625 0.1015625
0 0.665625 0.7171875 0.028125 0.0296875
1 0.63125 0.7484375 0.053125 0.1625
0 0.6328125 0.68125 0.01875 0.0265625
1 0.6640625 0.721875 0.0390625 0.1171875
0 0.659375 0.6796875 0.015625 0.0171875
1 0.690625 0.753125 0.0484375 0.1546875
0 0.690625 0.6875 0.015625 0.021875
1 0.7078125 0.7515625 0.0625 0.1546875
0 0.7078125 0.6921875 0.021875 0.0328125
1 0.740625 0.7453125 0.0609375 0.1671875
0 0.7421875 0.6765625 0.0203125 0.0234375
1 0.771875 0.7515625 0.0875 0.15625
0 0.778125 0.69375 0.03125 0.0390625
1 0.7625 0.7390625 0.0609375 0.1796875
0 0.7640625 0.6671875 0.0234375 0.0296875
1 0.821875 0.7390625 0.115625 0.18125
0 0.828125 0.684375 0.0484375 0.059375
1 0.909375 0.7453125 0.08125 0.1671875
0 0.903125 0.6875 0.0390625 0.0453125
1 0.865625 0.7296875 0.2140625 0.2
0 0.8765625 0.7265625 0.06875 0.0796875
1 0.9578125 0.7484375 0.0734375 0.1609375
0 0.965625 0.6953125 0.0328125 0.0296875