1 0.4640625 0.6015625 0.2515625 0.478125
0 0.434375 0.409375 0.075 0.071875
1 0.559375 0.4984375 0.3046875 0.6390625
0 0.5375 0.2359375 0.0640625 0.096875
1 0.3140625 0.4578125 0.2609375 0.5453125
0 0.3046875 0.24375 0.0640625 0.0796875
1 0.3578125 0.3515625 0.1375 0.3171875
0 0.3328125 0.2296875 0.0421875 0.0484375
1 0.2125 0.34375 0.05625 0.26875
0 0.1984375 0.234375 0.03125 0.0359375
1 0.271875 0.3546875 0.0671875 0.246875
0 0.2765625 0.25625 0.028125 0.0359375
1 0.40625 0.3578125 0.1234375 0.2328125
0 0.3828125 0.2625 0.03125 0.0328125
1 0.590625 0.3578125 0.0796875 0.2453125
0 0.59375 0.2640625 0.03125 0.0359375
1 0.6796875 0.340625 0.0984375 0.28125
0 0.65625 0.228125 0.0328125 0.040625
1 0.784375 0.346875 0.059375 0.26875
0 0.8078125 0.2328125 0.0109375 0.0359375