1 0.025 0.5265625 0.0453125 0.1390625
0 0.0234375 0.4734375 0.015625 0.021875
1 0.0671875 0.5234375 0.0484375 0.1015625
0 0.0734375 0.48125 0.0125 0.0140625
1 0.0828125 0.53125 0.059375 0.153125
0 0.0984375 0.4703125 0.0234375 0.0265625
1 0.1578125 0.5234375 0.109375 0.209375
0 0.153125 0.4359375 0.0265625 0.0296875
1 0.171875 0.5296875 0.0421875 0.11875
0 0.1734375 0.48125 0.0109375 0.0125
1 0.2015625 0.5234375 0.028125 0.09375
0 0.203125 0.4859375 0.0140625 0.0125
1 0.2421875 0.5296875 0.053125 0.15
0 0.2421875 0.4703125 0.01875 0.025
1 0.2765625 0.534375 0.071875 0.21875
0 0.275 0.446875 0.025 0.034375
1 0.3 0.546875 0.096875 0.234375
0 0.29375 0.4515625 0.0296875 0.034375
1 0.4109375 0.575 0.1890625 0.4671875
0 0.3984375 0.3828125 0.059375 0.075
1 0.4390625 0.534375 0.1671875 0.3234375
0 0.43125 0.4 0.034375 0.05
1 0.496875 0.5234375 0.0671875 0.221875
0 0.5078125 0.4375 0.0265625 0.034375
1 0.5984375 0.540625 0.1296875 0.36875
0 0.5890625 0.3875 0.0421875 0.0546875
1 0.634375 0.5328125 0.084375 0.25
0 0.63125 0.4296875 0.03125 0.0375
1 0.734375 0.54375 0.1046875 0.2640625
0 0.73125 0.4390625 0.034375 0.04375
1 0.9 0.5296875 0.0609375 0.1609375
0 0.903125 0.4609375 0.0234375 0.0234375
1 0.93125 0.5484375 0.115625 0.3125
0 0.940625 0.4234375 0.0421875 0.046875