1 0.2171875 0.5859375 0.140625 0.290625
0 0.19375 0.4796875 0.0375 0.046875
1 0.115625 0.5765625 0.09375 0.228125
0 0.1171875 0.4859375 0.03125 0.04375
1 0.075 0.5921875 0.071875 0.096875
0 0.08125 0.55625 0.0234375 0.021875
1 0.1109375 0.5828125 0.0640625 0.090625
0 0.109375 0.546875 0.015625 0.015625
1 0.040625 0.5046875 0.0515625 0.0625
0 0.025 0.4796875 0.0125 0.0109375
1 0.0703125 0.49375 0.028125 0.05
0 0.065625 0.4734375 0.00625 0.00625
1 0.20625 0.5625 0.075 0.1984375
0 0.2 0.478125 0.0265625 0.03125
1 0.3453125 0.5328125 0.05 0.1515625
0 0.3375 0.471875 0.0203125 0.025
1 0.265625 0.4796875 0.0109375 0.0265625
0 0.265625 0.46875 0.003125 0.003125
1 0.2890625 0.48125 0.0109375 0.0296875
0 0.2890625 0.46875 0.003125 0.003125
1 0.396875 0.5203125 0.0390625 0.1453125
0 0.3921875 0.4578125 0.0140625 0.015625
1 0.4171875 0.5453125 0.0890625 0.2234375
0 0.403125 0.459375 0.0296875 0.03125
1 0.4359375 0.5359375 0.0578125 0.196875
0 0.4234375 0.4703125 0.0203125 0.0265625
1 0.5296875 0.5296875 0.0625 0.1734375
0 0.51875 0.4578125 0.0234375 0.0265625
1 0.5328125 0.50625 0.0390625 0.140625
0 0.5296875 0.4609375 0.0140625 0.0203125
1 0.5578125 0.5234375 0.05 0.1546875
0 0.5609375 0.4671875 0.021875 0.0234375
1 0.609375 0.5796875 0.1265625 0.3125
0 0.5984375 0.465625 0.04375 0.0421875
1 0.6359375 0.559375 0.1109375 0.2546875
0 0.6234375 0.471875 0.0359375 0.046875
1 0.684375 0.5421875 0.0703125 0.209375
0 0.68125 0.46875 0.028125 0.03125
1 0.7265625 0.5265625 0.065625 0.184375
0 0.73125 0.465625 0.0234375 0.0265625
1 0.715625 0.5015625 0.0296875 0.125
0 0.715625 0.4546875 0.015625 0.01875
1 0.6921875 0.5046875 0.0421875 0.1296875
0 0.6890625 0.459375 0.0171875 0.0203125
1 0.7640625 0.496875 0.0359375 0.1171875
0 0.7671875 0.4484375 0.015625 0.01875
1 0.784375 0.5203125 0.0578125 0.16875
0 0.784375 0.4578125 0.021875 0.0265625
1 0.825 0.509375 0.05625 0.1609375
0 0.821875 0.4578125 0.01875 0.021875
1 0.8453125 0.5 0.0609375 0.15
0 0.8359375 0.4453125 0.021875 0.01875
1 0.90625 0.503125 0.046875 0.125
0 0.9015625 0.45 0.0171875 0.0171875