1 0.9578125 0.5078125 0.040625 0.115625
0 0.9609375 0.459375 0.0140625 0.015625
1 0.9828125 0.51875 0.0296875 0.1109375
0 0.9875 0.475 0.0125 0.0171875
1 0.9625 0.6390625 0.06875 0.2578125
0 0.9625 0.5296875 0.0234375 0.028125
1 0.8875 0.6296875 0.0828125 0.2484375
0 0.871875 0.525 0.0296875 0.034375
1 0.796875 0.659375 0.121875 0.3375
0 0.7765625 0.5125 0.03125 0.0421875
1 0.7453125 0.615625 0.06875 0.2421875
0 0.7296875 0.5125 0.028125 0.0265625
1 0.6953125 0.609375 0.1125 0.275
0 0.7015625 0.49375 0.0265625 0.03125
1 0.64375 0.5734375 0.04375 0.1609375
0 0.6421875 0.5046875 0.0203125 0.01875
1 0.6015625 0.6390625 0.06875 0.190625
0 0.609375 0.559375 0.0171875 0.0203125
1 0.5765625 0.6125 0.10625 0.275
0 0.58125 0.5109375 0.025 0.0296875
1 0.5296875 0.6359375 0.084375 0.2234375
0 0.534375 0.5359375 0.01875 0.0265625
1 0.4953125 0.6125 0.06875 0.2375
0 0.50625 0.509375 0.0265625 0.0265625
1 0.4609375 0.6171875 0.05625 0.1984375
0 0.459375 0.5328125 0.021875 0.0234375
1 0.4171875 0.6234375 0.09375 0.23125
0 0.428125 0.528125 0.028125 0.028125
1 0.4 0.6109375 0.075 0.2296875
0 0.40625 0.5109375 0.0265625 0.028125
1 0.359375 0.60625 0.059375 0.2015625
0 0.3625 0.525 0.025 0.0265625
1 0.3125 0.60625 0.075 0.1984375
0 0.3171875 0.521875 0.021875 0.0265625
1 0.2671875 0.640625 0.10625 0.3
0 0.2703125 0.5171875 0.034375 0.0375
1 0.196875 0.6046875 0.0515625 0.21875
0 0.2078125 0.5125 0.0265625 0.034375
1 0.1609375 0.60625 0.084375 0.1875
0 0.1859375 0.525 0.01875 0.0234375
1 0.1578125 0.5921875 0.08125 0.1984375
0 0.1671875 0.50625 0.025 0.0234375
1 0.0140625 0.596875 0.0265625 0.1796875
0 0.0078125 0.521875 0.0125 0.028125
1 0.0171875 0.5859375 0.0328125 0.196875
0 0.0078125 0.50625 0.0125 0.0265625
1 0.0328125 0.5796875 0.065625 0.184375
0 0.0265625 0.50625 0.025 0.0265625
1 0.09375 0.6328125 0.0984375 0.234375
0 0.0953125 0.534375 0.0265625 0.03125
1 0.071875 0.6109375 0.0828125 0.1828125
0 0.0640625 0.53125 0.021875 0.0203125
1 0.134375 0.5953125 0.0390625 0.18125
0 0.134375 0.525 0.025 0.025
1 0.10625 0.603125 0.0765625 0.1921875
0 0.1015625 0.521875 0.0203125 0.0234375
1 0.059375 0.5875 0.05 0.1921875
0 0.0640625 0.5046875 0.01875 0.021875
1 0.34375 0.540625 0.0375 0.09375
0 0.35 0.5015625 0.009375 0.0125
1 0.2234375 0.60625 0.05 0.1734375
0 0.2203125 0.53125 0.0171875 0.01875
1 0.2390625 0.596875 0.0453125 0.1703125
0 0.2421875 0.525 0.01875 0.021875
1 0.1859375 0.5609375 0.0328125 0.13125
0 0.1875 0.503125 0.0140625 0.0125
1 0.31875 0.6 0.05 0.184375
0 0.315625 0.5234375 0.0203125 0.0265625
1 0.33125 0.5375 0.0296875 0.0828125
0 0.3390625 0.503125 0.0140625 0.0125
1 0.346875 0.5265625 0.0296875 0.0890625
0 0.346875 0.490625 0.0125 0.0125
1 0.36875 0.5921875 0.059375 0.2078125
0 0.3734375 0.5078125 0.01875 0.021875
1 0.6296875 0.590625 0.04375 0.153125
0 0.625 0.5265625 0.0171875 0.0203125
1 0.671875 0.5828125 0.0515625 0.159375
0 0.671875 0.5171875 0.0234375 0.0265625