1 0.065625 0.61875 0.109375 0.25625
0 0.0625 0.515625 0.0359375 0.0359375
1 0.209375 0.5578125 0.0640625 0.15
0 0.2046875 0.496875 0.0203125 0.021875
1 0.2328125 0.584375 0.109375 0.203125
0 0.23125 0.5015625 0.025 0.028125
1 0.2921875 0.5765625 0.09375 0.165625
0 0.290625 0.509375 0.0234375 0.0234375
1 0.3515625 0.5375 0.046875 0.09375
0 0.359375 0.5 0.0125 0.015625
1 0.0046875 0.509375 0.0046875 0.03125
0 0.00234375 0.4984375 0.0046875 0.00625
1 0.015625 0.50625 0.009375 0.0265625
0 0.015625 0.4984375 0.0015625 0.003125
1 0.08125 0.5109375 0.0171875 0.0390625
0 0.08125 0.4953125 0.0046875 0.003125
1 0.184375 0.5046875 0.009375 0.0203125
0 0.1859375 0.4984375 0.0015625 0.003125
1 0.30625 0.5078125 0.0125 0.025
0 0.30625 0.4984375 0.0015625 0.003125
1 0.3375 0.5046875 0.0125 0.021875
0 0.3375 0.4984375 0.0015625 0.0015625
1 0.34375 0.5046875 0.009375 0.021875
0 0.34375 0.5 0.0015625 0.0015625
1 0.3640625 0.5125 0.0125 0.0390625
0 0.3640625 0.4953125 0.0046875 0.0046875
1 0.3734375 0.5140625 0.0125 0.040625
0 0.375 0.4984375 0.0046875 0.0046875
1 0.3890625 0.5125 0.0171875 0.040625
0 0.3890625 0.4953125 0.0046875 0.0046875
1 0.45625 0.5015625 0.0078125 0.0171875
0 0.45625 0.496875 0.0015625 0.0015625
1 0.590625 0.521875 0.04375 0.071875
0 0.59375 0.4921875 0.009375 0.0109375
1 0.609375 0.515625 0.0125 0.04375
0 0.609375 0.4984375 0.0046875 0.0046875
1 0.6171875 0.5109375 0.009375 0.0328125
0 0.6171875 0.4984375 0.0046875 0.003125
1 0.6265625 0.5203125 0.0171875 0.0609375
0 0.625 0.49375 0.0078125 0.0078125
1 0.7125 0.5125 0.0234375 0.046875
0 0.7125 0.49375 0.00625 0.00625
1 0.765625 0.515625 0.01875 0.04375
0 0.765625 0.4984375 0.0046875 0.0046875
1 0.81875 0.51875 0.0203125 0.0515625
0 0.8203125 0.496875 0.00625 0.00625
1 0.846875 0.5203125 0.025 0.05625
0 0.85 0.496875 0.0078125 0.00625
1 0.8609375 0.5265625 0.025 0.06875
0 0.8625 0.5015625 0.009375 0.009375
1 0.865625 0.5296875 0.025 0.0796875
0 0.871875 0.4984375 0.009375 0.0109375
1 0.9140625 0.525 0.0234375 0.065625
0 0.909375 0.5 0.0078125 0.009375
1 0.671875 0.609375 0.1265625 0.29375
0 0.684375 0.4921875 0.0375 0.04375
1 0.8 0.6140625 0.1296875 0.303125
0 0.7984375 0.490625 0.0359375 0.0359375
1 0.446875 0.5046875 0.009375 0.021875
0 0.4484375 0.496875 0.0015625 0.0015625