1 0.421875 0.940625 0.0234375 0.059375
0 0.4203125 0.91875 0.0046875 0.009375
1 0.45 0.9453125 0.025 0.0625
0 0.45 0.9234375 0.009375 0.0125
1 0.4484375 0.9734375 0.0296875 0.0484375
0 0.45 0.9546875 0.0078125 0.0078125
1 0.478125 0.95625 0.0375 0.08125
0 0.4703125 0.9234375 0.009375 0.0125
1 0.653125 0.9484375 0.0546875 0.0953125
0 0.6515625 0.9125 0.0171875 0.0171875
1 0.6890625 0.953125 0.04375 0.0875
0 0.6765625 0.9203125 0.0140625 0.0171875
1 0.7125 0.94375 0.0609375 0.1078125
0 0.6984375 0.90625 0.0171875 0.0171875
1 0.7828125 0.9484375 0.05625 0.0953125
0 0.7703125 0.9140625 0.0203125 0.01875
1 0.7921875 0.9421875 0.0359375 0.071875
0 0.7875 0.9171875 0.015625 0.0171875