1 0.0359375 0.63125 0.06875 0.15625
0 0.03125 0.56875 0.0296875 0.028125
1 0.05625 0.5734375 0.0390625 0.10625
0 0.05625 0.53125 0.015625 0.01875
1 0.08125 0.5578125 0.0453125 0.125
0 0.084375 0.5078125 0.0140625 0.0140625
1 0.15 0.6421875 0.103125 0.2859375
0 0.1578125 0.5203125 0.03125 0.0390625
1 0.2296875 0.5625 0.065625 0.16875
0 0.234375 0.4921875 0.01875 0.01875
1 0.240625 0.6390625 0.0796875 0.1859375
0 0.2515625 0.5609375 0.0203125 0.025
1 0.2625 0.5671875 0.0828125 0.1625
0 0.2453125 0.5015625 0.028125 0.0296875
1 0.2703125 0.628125 0.090625 0.3078125
0 0.28125 0.4984375 0.0296875 0.0390625
1 0.3125 0.6171875 0.08125 0.271875
0 0.3109375 0.4984375 0.0265625 0.0328125
1 0.346875 0.6375 0.06875 0.275
0 0.353125 0.521875 0.0296875 0.034375
1 0.38125 0.6203125 0.06875 0.26875
0 0.390625 0.5078125 0.0296875 0.0296875
1 0.43125 0.621875 0.059375 0.2390625
0 0.4296875 0.5203125 0.0265625 0.0296875
1 0.4703125 0.6234375 0.0859375 0.26875
0 0.4703125 0.509375 0.028125 0.034375
1 0.5140625 0.615625 0.0828125 0.2453125
0 0.5046875 0.5109375 0.025 0.03125
1 0.5421875 0.6265625 0.0734375 0.25
0 0.5375 0.521875 0.025 0.03125
1 0.5578125 0.615625 0.0625 0.2203125
0 0.5546875 0.521875 0.0203125 0.0296875
1 0.6015625 0.6359375 0.0734375 0.2265625
0 0.5984375 0.5390625 0.025 0.0296875
1 0.6109375 0.61875 0.078125 0.234375
0 0.6078125 0.5203125 0.0234375 0.0296875
1 0.6640625 0.6328125 0.0671875 0.234375
0 0.671875 0.5375 0.0296875 0.0390625
1 0.6921875 0.6265625 0.0515625 0.2078125
0 0.69375 0.540625 0.0203125 0.025
1 0.7375 0.640625 0.06875 0.2296875
0 0.7296875 0.540625 0.025 0.028125
1 0.7359375 0.61875 0.0796875 0.2296875
0 0.73125 0.5203125 0.0203125 0.028125
1 0.825 0.6390625 0.090625 0.2296875
0 0.8171875 0.5421875 0.0265625 0.028125
1 0.7828125 0.6 0.01875 0.0328125
0 0.784375 0.5875 0.00625 0.00625
1 0.9640625 0.625 0.065625 0.1015625
0 0.953125 0.590625 0.0125 0.0125
1 0.978125 0.6296875 0.0390625 0.090625
0 0.9875 0.5921875 0.009375 0.0140625
1 0.984375 0.61875 0.0234375 0.13125
0 0.99375 0.5625 0.00625 0.015625