1 0.1140625 0.6515625 0.2265625 0.3046875
0 0.175 0.5703125 0.071875 0.0921875
1 0.3703125 0.471875 0.16875 0.5171875
0 0.3484375 0.2640625 0.0625 0.075
1 0.346875 0.4671875 0.125 0.434375
0 0.3390625 0.28125 0.0421875 0.04375
1 0.3875 0.440625 0.1171875 0.3796875
0 0.3796875 0.2921875 0.034375 0.0515625
1 0.365625 0.5828125 0.284375 0.16875
0 0.475 0.5390625 0.046875 0.0453125
1 0.4359375 0.528125 0.1296875 0.2015625
0 0.4640625 0.45625 0.0421875 0.0484375
1 0.578125 0.5671875 0.240625 0.109375
0 0.65 0.559375 0.0328125 0.03125
1 0.484375 0.4796875 0.075 0.2171875
0 0.4953125 0.3890625 0.0328125 0.0359375
1 0.51875 0.4671875 0.0671875 0.2296875
0 0.525 0.3703125 0.028125 0.034375
1 0.5375 0.471875 0.0671875 0.2
0 0.5484375 0.396875 0.028125 0.034375
1 0.559375 0.4796875 0.1375 0.1171875
0 0.559375 0.4796875 0.1375 0.1171875
1 0.7203125 0.553125 0.234375 0.0671875
0 0.771875 0.546875 0.0265625 0.03125
1 0.7296875 0.5265625 0.1625 0.0546875
0 0.7953125 0.521875 0.025 0.0265625
1 0.765625 0.553125 0.2 0.059375
0 0.8296875 0.559375 0.021875 0.021875
1 0.696875 0.5125 0.078125 0.0875
0 0.7171875 0.48125 0.021875 0.0234375
1 0.6515625 0.4828125 0.0703125 0.159375
0 0.675 0.421875 0.025 0.0296875
1 0.6171875 0.4625 0.0375 0.1421875
0 0.615625 0.4125 0.0171875 0.01875
1 0.64375 0.4546875 0.0515625 0.1484375
0 0.64375 0.4125 0.0171875 0.0265625
1 0.596875 0.4609375 0.0375 0.125
0 0.6 0.4109375 0.0171875 0.0171875
1 0.6765625 0.459375 0.0453125 0.1515625
0 0.6828125 0.3984375 0.01875 0.0203125
1 0.70625 0.4703125 0.0375 0.1453125
0 0.709375 0.4125 0.0203125 0.01875
1 0.7375 0.459375 0.0453125 0.13125
0 0.75 0.4078125 0.0203125 0.021875
1 0.7578125 0.4671875 0.0390625 0.134375
0 0.7609375 0.4125 0.0203125 0.0171875
1 0.7796875 0.465625 0.040625 0.1296875
0 0.7796875 0.4125 0.0171875 0.0171875
1 0.8046875 0.4609375 0.0359375 0.128125
0 0.80625 0.4078125 0.0171875 0.0171875
1 0.8203125 0.4671875 0.040625 0.1515625
0 0.825 0.4046875 0.0203125 0.0234375
1 0.8453125 0.46875 0.040625 0.153125
0 0.8484375 0.40625 0.01875 0.021875
1 0.871875 0.471875 0.0453125 0.1453125
0 0.8734375 0.4125 0.0171875 0.01875
1 0.0125 0.471875 0.021875 0.165625
0 0.0046875 0.4078125 0.0078125 0.0171875
1 0.025 0.4734375 0.034375 0.1
0 0.0234375 0.4359375 0.0109375 0.0109375
1 0.0828125 0.5015625 0.0671875 0.0890625
0 0.06875 0.471875 0.015625 0.0171875
1 0.08125 0.4734375 0.0328125 0.0875
0 0.0828125 0.4390625 0.009375 0.009375
1 0.1203125 0.465625 0.021875 0.0703125
0 0.121875 0.440625 0.0078125 0.00625
1 0.140625 0.46875 0.028125 0.0890625
0 0.140625 0.434375 0.009375 0.009375
1 0.15 0.48125 0.034375 0.1140625
0 0.146875 0.4359375 0.0125 0.015625
1 0.2359375 0.5109375 0.078125 0.05
0 0.2453125 0.496875 0.0140625 0.0203125
1 0.2359375 0.4828125 0.0359375 0.1078125
0 0.240625 0.4328125 0.0078125 0.00625
1 0.2796875 0.475 0.034375 0.109375
0 0.2796875 0.4296875 0.0140625 0.015625
1 0.175 0.4640625 0.0484375 0.15
0 0.1734375 0.4 0.0171875 0.01875
1 0.1953125 0.459375 0.0453125 0.1515625
0 0.2 0.3953125 0.0203125 0.021875