1 0.1625 0.5625 0.1 0.31875
0 0.1625 0.4296875 0.0359375 0.04375
1 0.21875 0.575 0.0921875 0.29375
0 0.2296875 0.453125 0.0375 0.04375
1 0.31875 0.55625 0.1078125 0.325
0 0.315625 0.41875 0.034375 0.046875
1 0.39375 0.559375 0.10625 0.3125
0 0.4 0.4296875 0.0375 0.0484375
1 0.459375 0.5703125 0.078125 0.2984375
0 0.465625 0.44375 0.03125 0.0421875
1 0.5296875 0.5609375 0.075 0.2984375
0 0.525 0.434375 0.0296875 0.0390625
1 0.6 0.56875 0.08125 0.2828125
0 0.590625 0.45 0.0359375 0.0421875
1 0.6703125 0.56875 0.078125 0.2765625
0 0.6609375 0.453125 0.0296875 0.0375
1 0.7375 0.5578125 0.09375 0.2984375
0 0.73125 0.43125 0.03125 0.0421875
1 0.803125 0.5515625 0.0984375 0.3109375
0 0.8 0.421875 0.034375 0.04375
1 0.190625 0.4546875 0.090625 0.2875
0 0.2 0.334375 0.034375 0.040625
1 0.278125 0.45625 0.09375 0.2953125
0 0.284375 0.33125 0.0375 0.046875
1 0.346875 0.45 0.0875 0.29375
0 0.3484375 0.325 0.034375 0.04375
1 0.41875 0.4578125 0.090625 0.2734375
0 0.43125 0.3421875 0.034375 0.0375
1 0.49375 0.45625 0.075 0.2765625
0 0.4984375 0.3421875 0.0328125 0.0453125
1 0.5609375 0.4546875 0.075 0.2890625
0 0.553125 0.3328125 0.0296875 0.0421875
1 0.6328125 0.4546875 0.0859375 0.2859375
0 0.625 0.3359375 0.03125 0.0421875
1 0.703125 0.45625 0.0859375 0.2875
0 0.69375 0.3359375 0.03125 0.0421875
1 0.7703125 0.453125 0.08125 0.2828125
0 0.7609375 0.3359375 0.034375 0.0421875
1 0.828125 0.4421875 0.1 0.3078125
0 0.81875 0.3125 0.0375 0.04375