1 0.8859375 0.78125 0.0890625 0.109375
0 0.88125 0.74375 0.0234375 0.03125
1 0.9234375 0.7765625 0.075 0.11875
0 0.9234375 0.734375 0.01875 0.025
1 0.909375 0.7765625 0.04375 0.1203125
0 0.90625 0.73125 0.0203125 0.025
1 0.8328125 0.7703125 0.0890625 0.1296875
0 0.8359375 0.734375 0.028125 0.03125
1 0.7421875 0.76875 0.0671875 0.1328125
0 0.740625 0.715625 0.0203125 0.0234375
1 0.76875 0.7671875 0.075 0.1375
0 0.7671875 0.7203125 0.0328125 0.034375
1 0.640625 0.7703125 0.128125 0.1328125
0 0.6375 0.7296875 0.0375 0.04375
1 0.640625 0.7578125 0.1703125 0.1578125
0 0.6421875 0.7015625 0.034375 0.0421875
1 0.484375 0.7734375 0.1140625 0.125
0 0.484375 0.734375 0.03125 0.03125
1 0.5234375 0.771875 0.075 0.128125
0 0.521875 0.728125 0.025 0.028125
1 0.4765625 0.759375 0.078125 0.1546875
0 0.4671875 0.6953125 0.028125 0.025
1 0.4 0.7671875 0.0671875 0.1359375
0 0.4046875 0.7171875 0.021875 0.0234375
1 0.2 0.75625 0.1140625 0.159375
0 0.2078125 0.7015625 0.0375 0.04375
1 0.0328125 0.7703125 0.0625 0.13125
0 0.0171875 0.7234375 0.0234375 0.03125
1 0.046875 0.7671875 0.053125 0.1375
0 0.04375 0.7171875 0.0234375 0.0265625
1 0.3046875 0.775 0.06875 0.1234375
0 0.30625 0.728125 0.025 0.0265625
1 0.328125 0.7828125 0.0515625 0.1078125
0 0.3125 0.7375 0.01875 0.0171875
1 0.2484375 0.7734375 0.0703125 0.1234375
0 0.2515625 0.7296875 0.0234375 0.028125
1 0.271875 0.7484375 0.0484375 0.1203125
0 0.265625 0.7 0.0171875 0.0171875
1 0.359375 0.771875 0.0421875 0.128125
0 0.3578125 0.71875 0.015625 0.01875
1 0.3640625 0.76875 0.0578125 0.134375
0 0.3671875 0.7140625 0.0171875 0.0171875
1 0.340625 0.75625 0.05 0.140625
0 0.3421875 0.7 0.0171875 0.021875
1 0.446875 0.765625 0.04375 0.128125
0 0.4453125 0.7125 0.0171875 0.0171875
1 0.5234375 0.7609375 0.053125 0.128125
0 0.5234375 0.7078125 0.015625 0.0171875
1 0.596875 0.76875 0.053125 0.1359375
0 0.59375 0.7109375 0.0171875 0.0171875
1 0.5671875 0.7625 0.0453125 0.121875
0 0.5703125 0.7109375 0.0109375 0.015625