1 0.7359375 0.7265625 0.0515625 0.1453125
0 0.7375 0.66875 0.0140625 0.015625
1 0.71875 0.725 0.0453125 0.134375
0 0.715625 0.671875 0.0171875 0.0171875
1 0.6953125 0.7171875 0.0421875 0.1328125
0 0.696875 0.665625 0.0125 0.015625
1 0.66875 0.71875 0.040625 0.1203125
0 0.66875 0.671875 0.0125 0.0140625
1 0.640625 0.725 0.05625 0.1484375
0 0.640625 0.6671875 0.0171875 0.01875
1 0.5921875 0.7109375 0.0390625 0.1140625
0 0.590625 0.6671875 0.0140625 0.0140625
1 0.63125 0.7265625 0.04375 0.1359375
0 0.6296875 0.671875 0.0125 0.0125
1 0.6140625 0.690625 0.0296875 0.09375
0 0.6140625 0.6546875 0.009375 0.0109375
1 0.5859375 0.7109375 0.040625 0.1046875
0 0.584375 0.6703125 0.0109375 0.0140625
1 0.56875 0.7046875 0.034375 0.096875
0 0.5671875 0.665625 0.0109375 0.0140625
1 0.5484375 0.7296875 0.0515625 0.1359375
0 0.5484375 0.675 0.0140625 0.01875
1 0.54375 0.7296875 0.0453125 0.1296875
0 0.5375 0.6765625 0.0140625 0.015625
1 0.4828125 0.7328125 0.0984375 0.1609375
0 0.5 0.6703125 0.0171875 0.0203125
1 0.4453125 0.728125 0.059375 0.1421875
0 0.4421875 0.6734375 0.015625 0.0171875
1 0.4578125 0.7234375 0.05 0.1296875
0 0.4546875 0.6734375 0.0125 0.015625
1 0.3453125 0.7296875 0.053125 0.1390625
0 0.34375 0.675 0.015625 0.0171875
1 0.365625 0.7234375 0.0515625 0.1375
0 0.3640625 0.6703125 0.0140625 0.0171875
1 0.384375 0.7203125 0.0453125 0.1328125
0 0.38125 0.6671875 0.0125 0.0109375
1 0.3953125 0.7171875 0.0421875 0.1109375
0 0.3953125 0.671875 0.0109375 0.0140625
1 0.4078125 0.703125 0.0296875 0.1
0 0.4125 0.6625 0.0078125 0.0078125
1 0.23125 0.7265625 0.0515625 0.1515625
0 0.23125 0.6671875 0.015625 0.0171875
1 0.2390625 0.7171875 0.034375 0.1234375
0 0.2421875 0.66875 0.0140625 0.015625
1 0.278125 0.7234375 0.0515625 0.140625
0 0.2765625 0.6671875 0.0140625 0.0171875
1 0.3015625 0.715625 0.0421875 0.1375
0 0.2984375 0.6625 0.0140625 0.015625
1 0.3125 0.71875 0.0390625 0.1203125
0 0.315625 0.671875 0.0109375 0.015625
1 0.3203125 0.7171875 0.0328125 0.1171875
0 0.315625 0.6703125 0.0125 0.01875
1 0.328125 0.7078125 0.0296875 0.115625
0 0.3296875 0.6625 0.0109375 0.0140625
1 0.4203125 0.696875 0.0265625 0.0890625
0 0.4171875 0.6609375 0.0078125 0.0109375
1 0.353125 0.6953125 0.0234375 0.0890625
0 0.3515625 0.6578125 0.009375 0.0109375