1 0.078125 0.73125 0.15 0.19375
0 0.0609375 0.6671875 0.065625 0.075
1 0.08125 0.6046875 0.1578125 0.35
0 0.0390625 0.4578125 0.05625 0.05
1 0.153125 0.659375 0.1609375 0.2453125
0 0.15 0.5703125 0.0515625 0.05625
1 0.2625 0.671875 0.134375 0.2078125
0 0.25625 0.6015625 0.0453125 0.053125
1 0.0875 0.553125 0.10625 0.2359375
0 0.08125 0.4609375 0.0421875 0.0421875
1 0.1234375 0.509375 0.1078125 0.225
0 0.1125 0.4203125 0.034375 0.0375
1 0.1734375 0.5796875 0.1171875 0.275
0 0.1671875 0.4703125 0.0421875 0.0421875
1 0.1390625 0.4765625 0.0734375 0.1859375
0 0.134375 0.4015625 0.03125 0.03125
1 0.153125 0.4703125 0.05 0.153125
0 0.1609375 0.409375 0.01875 0.025
1 0.1828125 0.4734375 0.05625 0.178125
0 0.1796875 0.409375 0.021875 0.0265625
1 0.2140625 0.534375 0.0953125 0.253125
0 0.20625 0.428125 0.03125 0.0375
1 0.2015625 0.4734375 0.065625 0.1953125
0 0.203125 0.4046875 0.0265625 0.03125
1 0.2484375 0.5796875 0.0953125 0.2703125
0 0.234375 0.4703125 0.034375 0.0421875
1 0.25 0.6203125 0.121875 0.240625
0 0.2453125 0.521875 0.0421875 0.05
1 0.2296875 0.4609375 0.0578125 0.1609375
0 0.228125 0.3984375 0.0203125 0.0265625
1 0.2515625 0.4921875 0.0625 0.2078125
0 0.24375 0.409375 0.0265625 0.03125
1 0.25625 0.4515625 0.0421875 0.159375
0 0.2515625 0.3859375 0.0203125 0.0203125
1 0.2640625 0.4671875 0.0578125 0.1734375
0 0.2671875 0.3984375 0.0203125 0.0296875
1 0.2828125 0.4953125 0.0578125 0.1921875
0 0.2796875 0.415625 0.0234375 0.0296875
1 0.3125 0.4984375 0.0640625 0.203125
0 0.303125 0.4140625 0.0234375 0.0265625
1 0.290625 0.45 0.0421875 0.1390625
0 0.290625 0.3953125 0.0125 0.0203125
1 0.2875 0.4359375 0.0421875 0.14375
0 0.2890625 0.375 0.0203125 0.0203125
1 0.29375 0.4328125 0.0421875 0.1390625
0 0.2875 0.375 0.01875 0.0203125
1 0.3171875 0.4484375 0.0515625 0.14375
0 0.3171875 0.3921875 0.0203125 0.025
1 0.3171875 0.4296875 0.0421875 0.140625
0 0.3265625 0.3859375 0.0125 0.0171875
1 0.340625 0.46875 0.0421875 0.1625
0 0.340625 0.403125 0.021875 0.0265625
1 0.34375 0.44375 0.0453125 0.1203125
0 0.3390625 0.4046875 0.021875 0.025
1 0.375 0.4609375 0.046875 0.1484375
0 0.3640625 0.4 0.01875 0.021875
1 0.34375 0.521875 0.0796875 0.2140625
0 0.3453125 0.4375 0.028125 0.0375
1 0.4078125 0.4765625 0.0921875 0.171875
0 0.4171875 0.40625 0.0234375 0.021875
1 0.39375 0.4640625 0.0625 0.15625
0 0.415625 0.40625 0.021875 0.0265625
1 0.3828125 0.4375 0.0421875 0.1390625
0 0.38125 0.3796875 0.015625 0.0171875
1 0.4328125 0.446875 0.0421875 0.134375
0 0.434375 0.3875 0.0125 0.0140625
1 0.4125 0.4125 0.03125 0.0765625
0 0.415625 0.3890625 0.015625 0.0140625
1 0.3859375 0.4796875 0.05625 0.1484375
0 0.38125 0.421875 0.021875 0.0296875
1 0.4546875 0.409375 0.034375 0.08125
0 0.4578125 0.3828125 0.0109375 0.0171875
1 0.478125 0.434375 0.0515625 0.13125
0 0.471875 0.384375 0.0125 0.0171875
1 0.478125 0.4109375 0.03125 0.1140625
0 0.478125 0.365625 0.0109375 0.0140625
1 0.5 0.41875 0.0453125 0.1265625
0 0.4984375 0.36875 0.0109375 0.0171875
1 0.5046875 0.434375 0.053125 0.1359375
0 0.5078125 0.3859375 0.015625 0.0171875
1 0.534375 0.3890625 0.0390625 0.084375
0 0.5359375 0.3578125 0.015625 0.0171875
1 0.584375 0.375 0.03125 0.0765625
0 0.5859375 0.35 0.0109375 0.0171875
1 0.5328125 0.4234375 0.03125 0.0953125
0 0.53125 0.3859375 0.015625 0.0171875
1 0.584375 0.421875 0.053125 0.1234375
0 0.584375 0.3765625 0.0203125 0.0203125
1 0.5375 0.4703125 0.053125 0.134375
0 0.53125 0.41875 0.0203125 0.021875
1 0.5484375 0.4703125 0.0625 0.159375
0 0.5484375 0.40625 0.0265625 0.0296875
1 0.56875 0.465625 0.0421875 0.146875
0 0.56875 0.4046875 0.0203125 0.021875
1 0.5953125 0.465625 0.0421875 0.14375
0 0.6078125 0.40625 0.0203125 0.021875
1 0.6765625 0.425 0.0421875 0.1265625
0 0.68125 0.375 0.015625 0.0203125
1 0.690625 0.415625 0.034375 0.1078125
0 0.6953125 0.375 0.0125 0.0171875
1 0.7296875 0.421875 0.053125 0.1359375
0 0.73125 0.3734375 0.0203125 0.0265625
1 0.76875 0.428125 0.0421875 0.1234375
0 0.775 0.378125 0.0203125 0.0203125
1 0.7859375 0.4359375 0.0453125 0.1390625
0 0.7890625 0.3796875 0.0203125 0.021875
1 0.8328125 0.44375 0.0578125 0.146875
0 0.8328125 0.390625 0.0234375 0.0296875
1 0.8703125 0.4546875 0.06875 0.171875
0 0.878125 0.3875 0.0265625 0.0265625
1 0.890625 0.4734375 0.075 0.1828125
0 0.9 0.4015625 0.028125 0.0296875
1 0.93125 0.515625 0.1296875 0.3
0 0 0.165625 0 0
1 0.9359375 0.60625 0.1203125 0.2953125
0 0.9890625 0.4859375 0.015625 0.046875
1 0.921875 0.55625 0.15 0.2984375
0 0.965625 0.434375 0.05 0.046875
1 0.840625 0.55 0.128125 0.2578125
0 0.871875 0.4421875 0.034375 0.0421875
1 0.8484375 0.4921875 0.0734375 0.1921875
0 0.8578125 0.4140625 0.03125 0.03125
1 0.79375 0.4984375 0.084375 0.253125
0 0.8 0.396875 0.03125 0.0375
1 0.84375 0.578125 0.0953125 0.1734375
0 0.8546875 0.509375 0.0453125 0.03125
1 0.7796875 0.5578125 0.08125 0.2625
0 0.7875 0.4484375 0.028125 0.034375
1 0.790625 0.5890625 0.1828125 0.2828125
0 0.796875 0.478125 0.0421875 0.053125
1 0.76875 0.4765625 0.05 0.165625
0 0.76875 0.4109375 0.0234375 0.0296875
1 0.7515625 0.51875 0.0796875 0.228125
0 0.734375 0.4234375 0.03125 0.034375
1 0.725 0.4453125 0.0453125 0.140625
0 0.7296875 0.3875 0.01875 0.0203125
1 0.7203125 0.4765625 0.0453125 0.16875
0 0.7203125 0.4078125 0.0234375 0.0296875
1 0.709375 0.54375 0.084375 0.2375
0 0.7140625 0.446875 0.03125 0.03125
1 0.6828125 0.4734375 0.05 0.1734375
0 0.6859375 0.4046875 0.0203125 0.0265625
1 0.6984375 0.5921875 0.1375 0.26875
0 0.703125 0.5109375 0.034375 0.04375
1 0.671875 0.5328125 0.0640625 0.228125
0 0.6765625 0.44375 0.034375 0.0375
1 0.653125 0.4921875 0.0578125 0.1609375
0 0.65 0.425 0.021875 0.0265625
1 0.6234375 0.5125 0.0734375 0.2109375
0 0.615625 0.434375 0.028125 0.0421875
1 0.5859375 0.546875 0.0953125 0.2375
0 0.5796875 0.4515625 0.03125 0.04375
1 0.478125 0.546875 0.0875 0.253125
0 0.475 0.446875 0.03125 0.04375
1 0.403125 0.5671875 0.0765625 0.25625
0 0.4015625 0.4640625 0.03125 0.0375
1 0.43125 0.540625 0.0453125 0.175
0 0.428125 0.4734375 0.0203125 0.0296875
1 0.375 0.525 0.0515625 0.1609375
0 0.378125 0.4640625 0.021875 0.0265625
1 0.378125 0.64375 0.121875 0.2625
0 0.353125 0.534375 0.0421875 0.046875
1 0.4015625 0.6796875 0.1609375 0.2984375
0 0.415625 0.5734375 0.065625 0.06875
1 0.4953125 0.6640625 0.11875 0.275
0 0.5 0.565625 0.053125 0.046875
1 0.5984375 0.6328125 0.1421875 0.39375
0 0.61875 0.5796875 0.0390625 0.05
1 0.484375 0.4734375 0.03125 0.1046875
0 0.4859375 0.434375 0.0125 0.0203125
1 0.309375 0.5828125 0.0859375 0.2046875
0 0.3046875 0.50625 0.034375 0.04375
1 0.3203125 0.55625 0.10625 0.265625
0 0.3015625 0.4625 0.03125 0.0375
1 0.5796875 0.5953125 0.0875 0.228125
0 0.56875 0.5140625 0.034375 0.0421875
1 0.446875 0.4796875 0.0453125 0.11875
0 0.4453125 0.4359375 0.0203125 0.0265625
1 0.30625 0.540625 0.0921875 0.1953125
0 0.3015625 0.465625 0.0234375 0.034375