1 0.075 0.665625 0.1078125 0.271875
0 0.078125 0.5546875 0.0359375 0.0421875
1 0.1625 0.684375 0.1296875 0.2703125
0 0.16875 0.578125 0.0390625 0.053125
1 0.2703125 0.7078125 0.1984375 0.240625
0 0.2625 0.621875 0.05 0.0578125
1 0.3515625 0.7203125 0.159375 0.215625
0 0.340625 0.653125 0.0484375 0.0578125
1 0.2359375 0.60625 0.0859375 0.2078125
0 0.2390625 0.5296875 0.0265625 0.0296875
1 0.2703125 0.6359375 0.1265625 0.2453125
0 0.2703125 0.540625 0.034375 0.040625
1 0.353125 0.603125 0.0703125 0.2078125
0 0.365625 0.5203125 0.0265625 0.0375
1 0.4140625 0.6078125 0.084375 0.2109375
0 0.4265625 0.525 0.0265625 0.0265625
1 0.484375 0.575 0.0703125 0.196875
0 0.490625 0.496875 0.0265625 0.0296875
1 0.5015625 0.5890625 0.065625 0.171875
0 0.50625 0.5203125 0.0265625 0.028125
1 0.5046875 0.6609375 0.08125 0.2171875
0 0.515625 0.578125 0.034375 0.034375
1 0.53125 0.68125 0.1015625 0.2359375
0 0.5390625 0.59375 0.04375 0.0546875
1 0.5953125 0.634375 0.09375 0.221875
0 0.590625 0.546875 0.03125 0.0390625
1 0.5734375 0.55625 0.0703125 0.1671875
0 0.571875 0.4890625 0.0203125 0.0265625
1 0.6625 0.675 0.0953125 0.2109375
0 0.6578125 0.596875 0.040625 0.0453125
1 0.646875 0.5890625 0.0984375 0.1859375
0 0.6515625 0.51875 0.0296875 0.0328125
1 0.6375 0.5 0.053125 0.11875
0 0.653125 0.4578125 0.0203125 0.0203125
1 0.6671875 0.5125 0.05 0.1078125
0 0.68125 0.471875 0.0171875 0.0171875
1 0.4296875 0.4671875 0.040625 0.084375
0 0.4375 0.4328125 0.0109375 0.0109375
1 0.040625 0.4875 0.08125 0.153125
0 0.0453125 0.4265625 0.0234375 0.0234375
1 0.053125 0.4265625 0.0234375 0.0640625
0 0.0515625 0.4046875 0.0078125 0.0109375
1 0.0734375 0.4234375 0.0234375 0.05
0 0.075 0.403125 0.0046875 0.0046875
1 0.5375 0.590625 0.0625 0.1796875
0 0.5453125 0.51875 0.0265625 0.0328125
1 0.515625 0.5515625 0.0515625 0.153125
0 0.5234375 0.49375 0.0234375 0.0234375