1 0.21875 0.6765625 0.0109375 0.0296875
0 0.21875 0.6640625 0.0046875 0.0046875
1 0.26875 0.6671875 0.0109375 0.0234375
0 0.2703125 0.6609375 0.0046875 0.0046875
1 0.459375 0.4375 0.05625 0.15
0 0.459375 0.4375 0.05625 0.15
1 0.8359375 0.7234375 0.0140625 0.0359375
0 0.8359375 0.709375 0.0046875 0.0046875
1 0.8453125 0.7546875 0.021875 0.04375
0 0.8453125 0.7390625 0.0046875 0.00625
1 0.8609375 0.734375 0.0140625 0.0390625
0 0.8609375 0.721875 0.00625 0.00625
1 0.8640625 0.7484375 0.0171875 0.0421875
0 0.8640625 0.73125 0.00625 0.0046875
1 0.9390625 0.7265625 0.0171875 0.040625
0 0.9390625 0.7140625 0.00625 0.0109375
1 0.7984375 0.775 0.01875 0.053125
0 0.8 0.7546875 0.0078125 0.009375
1 0.8203125 0.7875 0.021875 0.053125
0 0.8203125 0.765625 0.0046875 0.00625
1 0.85 0.796875 0.0234375 0.0515625
0 0.853125 0.7765625 0.009375 0.009375
1 0.8625 0.8 0.015625 0.0421875
0 0.8625 0.78125 0.0046875 0.00625
1 0.88125 0.7921875 0.015625 0.0453125
0 0.88125 0.7765625 0.00625 0.00625
1 0.9 0.79375 0.0171875 0.0484375
0 0.9 0.775 0.0046875 0.00625
1 0.9078125 0.76875 0.0140625 0.0421875
0 0.9078125 0.753125 0.0078125 0.009375
1 0.921875 0.7828125 0.015625 0.0515625
0 0.9203125 0.7640625 0.00625 0.0078125
1 0.940625 0.7796875 0.0234375 0.0421875
0 0.9359375 0.765625 0.009375 0.0078125
1 0.934375 0.8140625 0.021875 0.03125
0 0.93125 0.803125 0.00625 0.00625
1 0.0875 0.6328125 0.0125 0.0328125
0 0.0859375 0.6203125 0.0046875 0.003125