1 0.8828125 0.528125 0.1890625 0.3984375
0 0.84375 0.359375 0.04375 0.0546875
1 0.8703125 0.5140625 0.209375 0.3359375
0 0.809375 0.375 0.046875 0.0484375
1 0.6734375 0.5140625 0.221875 0.471875
0 0.6375 0.31875 0.0734375 0.0875
1 0.5125 0.50625 0.134375 0.3484375
0 0.509375 0.359375 0.0421875 0.0515625
1 0.50625 0.54375 0.20625 0.4078125
0 0.4640625 0.38125 0.053125 0.0625
1 0.3390625 0.515625 0.1625 0.321875
0 0.303125 0.38125 0.034375 0.05
1 0.159375 0.5375 0.1546875 0.290625
0 0.134375 0.41875 0.0390625 0.046875
1 0.08125 0.51875 0.1359375 0.3734375
0 0.078125 0.3703125 0.040625 0.0484375
1 0.103125 0.5609375 0.2 0.359375
0 0.0515625 0.4140625 0.0453125 0.0609375