1 0.084375 0.63125 0.1640625 0.396875
0 0.0328125 0.4046875 0.0609375 0.153125
1 0.0859375 0.578125 0.1671875 0.5015625
0 0.05625 0.3375 0.0890625 0.103125
1 0.3671875 0.6078125 0.3140625 0.44375
0 0.3765625 0.340625 0.096875 0.125
1 0.3359375 0.5484375 0.19375 0.5609375
0 0.3203125 0.290625 0.109375 0.1171875
1 0.421875 0.575 0.1734375 0.5078125
0 0.4296875 0.375 0.06875 0.08125
1 0.334375 0.515625 0.153125 0.553125
0 0.35625 0.290625 0.075 0.096875
1 0.44375 0.45 0.10625 0.3203125
0 0.4484375 0.3203125 0.046875 0.053125
1 0.5765625 0.4984375 0.1390625 0.3671875
0 0.5765625 0.353125 0.05625 0.065625
1 0.84375 0.471875 0.128125 0.4625
0 0.840625 0.2828125 0.053125 0.0625
1 0.678125 0.4578125 0.146875 0.353125
0 0.66875 0.315625 0.04375 0.0578125
1 0.921875 0.4484375 0.084375 0.275
0 0.9234375 0.340625 0.0296875 0.0375
1 0.884375 0.4578125 0.1015625 0.3
0 0.8734375 0.340625 0.0359375 0.040625
1 0.796875 0.446875 0.0734375 0.26875
0 0.790625 0.334375 0.028125 0.028125
1 0.7609375 0.4359375 0.071875 0.225
0 0.7609375 0.3484375 0.034375 0.0375
1 0.715625 0.3484375 0.05625 0.1421875
0 0.709375 0.3 0.0140625 0.0140625
1 0.7765625 0.3484375 0.040625 0.103125
0 0.78125 0.3109375 0.015625 0.021875