1 0.9234375 0.6328125 0.109375 0.396875
0 0.8953125 0.46875 0.046875 0.05625
1 0.8421875 0.634375 0.103125 0.3484375
0 0.828125 0.4875 0.04375 0.0515625
1 0.8125 0.6265625 0.1375 0.346875
0 0.8 0.484375 0.0375 0.053125
1 0.8625 0.7125 0.15625 0.3171875
0 0.8375 0.5890625 0.0546875 0.0671875
1 0.7390625 0.7046875 0.165625 0.240625
0 0.7328125 0.6140625 0.0453125 0.059375
1 0.7234375 0.6234375 0.128125 0.34375
0 0.7234375 0.4796875 0.04375 0.053125
1 0.715625 0.58125 0.1046875 0.3265625
0 0.7078125 0.4484375 0.0375 0.046875
1 0.65 0.603125 0.1 0.34375
0 0.640625 0.4578125 0.0421875 0.0484375
1 0.6109375 0.6921875 0.1375 0.2453125
0 0.625 0.603125 0.040625 0.0515625
1 0.5625 0.596875 0.115625 0.3296875
0 0.5625 0.459375 0.0359375 0.040625
1 0.4734375 0.6046875 0.0953125 0.3421875
0 0.4671875 0.4703125 0.0359375 0.04375
1 0.5078125 0.6953125 0.13125 0.2265625
0 0.503125 0.6140625 0.0375 0.0515625
1 0.390625 0.696875 0.1203125 0.2296875
0 0.3890625 0.615625 0.0359375 0.046875
1 0.4046875 0.61875 0.0984375 0.3078125
0 0.41875 0.49375 0.03125 0.040625
1 0.3140625 0.6140625 0.1171875 0.3296875
0 0.3203125 0.4765625 0.0328125 0.04375
1 0.2921875 0.6796875 0.125 0.2578125
0 0.2734375 0.5875 0.0421875 0.059375
1 0.1953125 0.70625 0.134375 0.253125
0 0.1953125 0.6140625 0.0390625 0.053125
1 0.0625 0.7046875 0.11875 0.25625
0 0.0703125 0.6125 0.0453125 0.0609375
1 0.1375 0.6234375 0.109375 0.325
0 0.1484375 0.4890625 0.034375 0.0453125
1 0.2234375 0.615625 0.09375 0.3234375
0 0.2203125 0.478125 0.0375 0.0453125