1 0.928125 0.7796875 0.0125 0.021875
0 0.928125 0.771875 0.003125 0.003125
1 0.94375 0.7828125 0.0109375 0.025
0 0.9453125 0.7734375 0.003125 0.003125
1 0.9734375 0.778125 0.0125 0.025
0 0.9765625 0.76875 0.003125 0.003125
1 0.9859375 0.8015625 0.025 0.0578125
0 0.990625 0.784375 0.0125 0.015625
1 0.990625 0.8125 0.015625 0.0359375
0 0.9953125 0.8015625 0.00625 0.0125
1 0.909375 0.803125 0.0234375 0.0546875
0 0.9078125 0.78125 0.0078125 0.009375
1 0.8203125 0.7953125 0.05625 0.0703125
0 0.828125 0.7734375 0.0171875 0.021875
1 0.8546875 0.8 0.0328125 0.059375
0 0.85625 0.7765625 0.0078125 0.009375
1 0.8796875 0.8015625 0.028125 0.05625
0 0.878125 0.778125 0.0078125 0.0078125
1 0.8828125 0.7953125 0.046875 0.06875
0 0.884375 0.765625 0.00625 0.0078125
1 0.6859375 0.796875 0.0265625 0.065625
0 0.6890625 0.7703125 0.0078125 0.009375
1 0.715625 0.7984375 0.0265625 0.0625
0 0.7140625 0.7765625 0.00625 0.009375
1 0.5984375 0.7890625 0.0140625 0.0515625
0 0.596875 0.7671875 0.0046875 0.00625
1 0.6046875 0.790625 0.01875 0.0484375
0 0.6046875 0.7703125 0.00625 0.00625
1 0.60625 0.7921875 0.0171875 0.0484375
0 0.6078125 0.7703125 0.0046875 0.0046875
1 0.55625 0.790625 0.015625 0.0484375
0 0.5578125 0.7703125 0.00625 0.00625
1 0.546875 0.784375 0.0171875 0.0453125
0 0.546875 0.765625 0.0046875 0.0046875
1 0.534375 0.7953125 0.021875 0.053125
0 0.5375 0.775 0.00625 0.00625
1 0.53125 0.7953125 0.0171875 0.053125
0 0.5328125 0.7734375 0.0046875 0.00625
1 0.5390625 0.790625 0.0171875 0.0484375
0 0.5390625 0.771875 0.00625 0.00625
1 0.4921875 0.778125 0.0390625 0.103125
0 0.484375 0.7359375 0.0125 0.015625
1 0.4609375 0.803125 0.0390625 0.053125
0 0.4515625 0.7875 0.0171875 0.015625
1 0.428125 0.796875 0.03125 0.065625
0 0.4296875 0.7703125 0.0078125 0.0078125
1 0.3953125 0.796875 0.0296875 0.065625
0 0.396875 0.7703125 0.0078125 0.0078125
1 0.378125 0.796875 0.021875 0.05625
0 0.3765625 0.7734375 0.00625 0.0078125
1 0.3 0.7890625 0.021875 0.0546875
0 0.30625 0.7671875 0.0046875 0.0046875
1 0.2625 0.8015625 0.0265625 0.05625
0 0.259375 0.78125 0.0109375 0.0140625
1 0.23125 0.803125 0.0296875 0.053125
0 0.2359375 0.784375 0.0109375 0.0109375
1 0.240625 0.8046875 0.028125 0.05
0 0.2453125 0.7859375 0.009375 0.0109375
1 0.1390625 0.8015625 0.0296875 0.0578125
0 0.140625 0.778125 0.00625 0.0078125
1 0.0125 0.7828125 0.0109375 0.0171875
0 0.0140625 0.7765625 0.0015625 0.0015625
1 0.053125 0.778125 0.00625 0.015625
0 0.053125 0.7734375 0.0015625 0.0015625
1 0.0546875 0.78125 0.0078125 0.015625
0 0.0546875 0.775 0.0015625 0.0015625
1 0.0609375 0.78125 0.00625 0.015625
0 0.0609375 0.7765625 0.0015625 0.003125
1 0.0828125 0.7828125 0.0078125 0.0171875
0 0.084375 0.7765625 0.0015625 0.0015625
1 0.0890625 0.7796875 0.00625 0.01875
0 0.090625 0.771875 0.0015625 0.0015625
1 0.128125 0.78125 0.00625 0.015625
0 0.128125 0.775 0.0015625 0.0015625
1 0.11875 0.78125 0.0078125 0.015625
0 0.1203125 0.775 0.0015625 0.0015625
1 0.1078125 0.78125 0.00625 0.0140625
0 0.109375 0.775 0.0015625 0.0015625