1 0.5015625 0.6609375 0.0875 0.25625
0 0.5125 0.5484375 0.0296875 0.0296875
1 0.56875 0.65625 0.0703125 0.2390625
0 0.571875 0.55625 0.03125 0.03125
1 0.3984375 0.59375 0.0296875 0.0796875
0 0.4 0.559375 0.0109375 0.0109375
1 0.421875 0.5953125 0.03125 0.0734375
0 0.425 0.5640625 0.009375 0.009375
1 0.4421875 0.596875 0.0234375 0.0609375
0 0.4421875 0.5703125 0.0078125 0.0078125
1 0.471875 0.59375 0.0296875 0.065625
0 0.471875 0.5640625 0.0078125 0.009375
1 0.44375 0.584375 0.01875 0.046875
0 0.4421875 0.565625 0.00625 0.00625
1 0.459375 0.5796875 0.0234375 0.05
0 0.459375 0.5609375 0.00625 0.0046875
1 0.55625 0.578125 0.0125 0.0328125
0 0.55625 0.565625 0.0046875 0.003125