1 0.7421875 0.721875 0.0125 0.0296875
0 0.74375 0.7109375 0.003125 0.003125
1 0.790625 0.690625 0.0125 0.028125
0 0.7921875 0.68125 0.003125 0.003125
1 0.7828125 0.709375 0.0140625 0.028125
0 0.78125 0.7 0.003125 0.003125
1 0.85625 0.734375 0.015625 0.025
0 0.85625 0.7265625 0.0046875 0.0046875
1 0.8625 0.7328125 0.0171875 0.0265625
0 0.8640625 0.7234375 0.0046875 0.0046875
1 0.8828125 0.7375 0.015625 0.0296875
0 0.88125 0.7265625 0.0046875 0.0046875
1 0.8953125 0.7296875 0.0140625 0.0359375
0 0.89375 0.7171875 0.0046875 0.0046875
1 0.9109375 0.7265625 0.0125 0.0328125
0 0.9109375 0.7140625 0.003125 0.003125
1 0.9078125 0.73125 0.0140625 0.03125
0 0.90625 0.71875 0.003125 0.003125
1 0.9421875 0.70625 0.0203125 0.034375
0 0.9390625 0.6953125 0.003125 0.0046875
1 0.8875 0.696875 0.0125 0.03125
0 0.8875 0.684375 0.003125 0.003125
1 0.953125 0.7421875 0.0203125 0.0421875
0 0.9515625 0.7265625 0.0046875 0.00625
1 0.9625 0.7515625 0.0125 0.03125
0 0.9625 0.740625 0.003125 0.003125
1 0.9828125 0.75 0.0171875 0.04375
0 0.98125 0.7359375 0.0046875 0.0078125