1 0.0921875 0.5 0.153125 0.4828125
0 0.0859375 0.3421875 0.0671875 0.0578125
1 0.3296875 0.5 0.1421875 0.453125
0 0.334375 0.3171875 0.059375 0.0640625
1 0.390625 0.5203125 0.1546875 0.459375
0 0.3984375 0.3328125 0.05625 0.0578125
1 0.46875 0.54375 0.1890625 0.4546875
0 0.48125 0.3546875 0.0578125 0.0703125
1 0.70625 0.5125 0.24375 0.425
0 0.68125 0.3453125 0.053125 0.0671875
1 0.6390625 0.5421875 0.18125 0.453125
0 0.64375 0.35625 0.040625 0.0484375
1 0.825 0.525 0.175 0.428125
0 0.803125 0.3828125 0.0515625 0.0625
1 0.8375 0.5046875 0.184375 0.4296875
0 0.85 0.34375 0.0453125 0.0625
1 0.915625 0.5171875 0.1609375 0.453125
0 0.975 0.3234375 0.0421875 0.0609375
1 0.9453125 0.5390625 0.1 0.453125
0 0.971875 0.353125 0.046875 0.0640625