1 0.0984375 0.5796875 0.0671875 0.1953125
0 0.0890625 0.5078125 0.025 0.028125
1 0.25625 0.5828125 0.059375 0.1640625
0 0.246875 0.515625 0.0203125 0.021875
1 0.3390625 0.58125 0.096875 0.2
0 0.325 0.4984375 0.025 0.0328125
1 0.290625 0.5875 0.0328125 0.0859375
0 0.29375 0.55625 0.009375 0.009375
1 0.34375 0.59375 0.0484375 0.11875
0 0.35 0.5328125 0.0125 0.0140625
1 0.4234375 0.58125 0.05625 0.128125
0 0.4125 0.53125 0.0140625 0.015625
1 0.509375 0.55 0.2140625 0.4515625
0 0.4734375 0.3703125 0.0546875 0.071875
1 0.5234375 0.578125 0.0625 0.14375
0 0.5109375 0.515625 0.0171875 0.0171875
1 0.6078125 0.559375 0.1046875 0.2484375
0 0.5828125 0.4671875 0.0328125 0.0359375
1 0.6734375 0.5796875 0.0890625 0.1671875
0 0.6484375 0.509375 0.0203125 0.0203125
1 0.725 0.565625 0.065625 0.1640625
0 0.7078125 0.515625 0.01875 0.0203125
1 0.78125 0.56875 0.06875 0.1453125
0 0.765625 0.521875 0.01875 0.021875
1 0.803125 0.575 0.0796875 0.125
0 0.7828125 0.528125 0.0171875 0.0203125
1 0.8171875 0.5734375 0.0609375 0.1140625
0 0.8203125 0.53125 0.0140625 0.015625
1 0.85 0.578125 0.040625 0.0890625
0 0.84375 0.5375 0.0109375 0.0125
1 0.909375 0.55 0.109375 0.2640625
0 0.884375 0.4515625 0.0359375 0.0390625
1 0.94375 0.5609375 0.09375 0.1984375
0 0.928125 0.4796875 0.028125 0.0296875
1 0.68125 0.58125 0.05 0.0984375
0 0.66875 0.54375 0.0109375 0.0125
1 0.1359375 0.5953125 0.0328125 0.0734375
0 0.134375 0.5671875 0.009375 0.0109375