1 0.6734375 0.8875 0.0671875 0.21875
0 0.66875 0.796875 0.025 0.0265625
1 0.1796875 0.8703125 0.0265625 0.1078125
0 0.175 0.8265625 0.0109375 0.015625
1 0.30625 0.8359375 0.0328125 0.0921875
0 0.3078125 0.796875 0.0125 0.0125
1 0.35625 0.8171875 0.0640625 0.1015625
0 0.3484375 0.778125 0.0109375 0.0125
1 0.390625 0.80625 0.0375 0.0890625
0 0.3953125 0.76875 0.0109375 0.0125
1 0.38125 0.8 0.0296875 0.0890625
0 0.3859375 0.7625 0.009375 0.0109375
1 0.5171875 0.7890625 0.025 0.0640625
0 0.5171875 0.7609375 0.0078125 0.0078125
1 0.5046875 0.790625 0.01875 0.0578125
0 0.50625 0.76875 0.0078125 0.009375
1 0.56875 0.86875 0.121875 0.1234375
0 0.5390625 0.81875 0.01875 0.025
1 0.5796875 0.8484375 0.0578125 0.19375
0 0.571875 0.7671875 0.021875 0.025
1 0.609375 0.853125 0.0625 0.13125
0 0.6015625 0.8015625 0.0171875 0.025
1 0.7 0.8421875 0.05625 0.11875
0 0.69375 0.8 0.015625 0.01875
1 0.6640625 0.803125 0.028125 0.06875
0 0.6640625 0.7765625 0.0109375 0.0109375
1 0.68125 0.7984375 0.025 0.0765625
0 0.684375 0.76875 0.0078125 0.009375