1 0.203125 0.5515625 0.2515625 0.8359375
0 0.1765625 0.2046875 0.1 0.128125
1 0.3796875 0.4984375 0.203125 0.55625
0 0.4 0.2703125 0.0703125 0.0875
1 0.6578125 0.4625 0.2078125 0.571875
0 0.6359375 0.225 0.0734375 0.0875
1 0.45 0.3828125 0.096875 0.340625
0 0.4640625 0.2421875 0.046875 0.05625
1 0.471875 0.375 0.1578125 0.3453125
0 0.459375 0.225 0.0390625 0.04375
1 0.93125 0.4265625 0.1125 0.24375
0 0.9109375 0.3328125 0.0375 0.0453125
1 0.8203125 0.3015625 0.05 0.0859375
0 0.8203125 0.271875 0.01875 0.0203125
1 0.84375 0.3 0.0453125 0.0859375
0 0.84375 0.2703125 0.015625 0.0203125