1 0.0171875 0.5921875 0.03125 0.1875
0 0.00625 0.5203125 0.009375 0.0265625
1 0.071875 0.59375 0.1015625 0.234375
0 0.0609375 0.490625 0.0203125 0.0234375
1 0.0984375 0.6046875 0.046875 0.115625
0 0.0953125 0.5578125 0.0125 0.015625
1 0.134375 0.5953125 0.046875 0.13125
0 0.134375 0.5390625 0.0171875 0.015625
1 0.15 0.5796875 0.1 0.25625
0 0.1453125 0.4671875 0.0234375 0.0265625
1 0.2015625 0.609375 0.0171875 0.0515625
0 0.2 0.5890625 0.0046875 0.00625
1 0.21875 0.609375 0.021875 0.0671875
0 0.2171875 0.5796875 0.0046875 0.00625
1 0.2375 0.609375 0.015625 0.0515625
0 0.234375 0.5890625 0.0046875 0.00625
1 0.25 0.6125 0.0203125 0.0484375
0 0.25 0.59375 0.0046875 0.0078125
1 0.1625 0.2640625 0.021875 0.0703125
0 0.165625 0.2359375 0.009375 0.0109375
1 0.1859375 0.265625 0.0203125 0.06875
0 0.1890625 0.2375 0.009375 0.009375
1 0.45625 0.4171875 0.059375 0.14375
0 0.4625 0.359375 0.0203125 0.0234375
1 0.5 0.428125 0.05 0.1515625
0 0.5046875 0.365625 0.0140625 0.021875
1 0.4125 0.5890625 0.0875 0.2671875
0 0.4125 0.4765625 0.0296875 0.0390625
1 0.415625 0.590625 0.15 0.246875
0 0.4578125 0.4890625 0.0296875 0.040625
1 0.8140625 0.584375 0.0375 0.128125
0 0.809375 0.534375 0.0140625 0.0171875
1 0.790625 0.5296875 0.040625 0.175
0 0.790625 0.45625 0.0265625 0.0234375
1 0.725 0.521875 0.1140625 0.19375
0 0.7484375 0.4390625 0.021875 0.0234375
1 0.7296875 0.484375 0.0421875 0.159375
0 0.7296875 0.4203125 0.01875 0.021875
1 0.6859375 0.49375 0.103125 0.171875
0 0.7109375 0.41875 0.021875 0.0203125
1 0.6609375 0.403125 0.0546875 0.159375
0 0.65 0.334375 0.0203125 0.0203125
1 0.640625 0.4078125 0.046875 0.1328125
0 0.6453125 0.35625 0.015625 0.015625
1 0.3828125 0.309375 0.0421875 0.121875
0 0.3796875 0.2578125 0.0125 0.0140625
1 0.3625 0.265625 0.0484375 0.0953125
0 0.3625 0.228125 0.009375 0.0140625
1 0.3578125 0.3359375 0.0625 0.1421875
0 0.3546875 0.2765625 0.015625 0.021875
1 0.3046875 0.359375 0.0546875 0.1421875
0 0.309375 0.2984375 0.015625 0.0203125
1 0.3046875 0.340625 0.040625 0.1234375
0 0.3078125 0.2890625 0.0140625 0.015625
1 0.2890625 0.303125 0.0453125 0.1078125
0 0.290625 0.2609375 0.0125 0.0203125
1 0.3375 0.30625 0.0453125 0.121875
0 0.3359375 0.2546875 0.0125 0.0171875
1 0.3015625 0.296875 0.0984375 0.1375
0 0.3109375 0.2390625 0.015625 0.0171875
1 0.2765625 0.259375 0.0296875 0.0921875
0 0.2828125 0.2234375 0.0125 0.0140625
1 0.309375 0.253125 0.046875 0.09375
0 0.309375 0.2140625 0.0125 0.015625
1 0.2796875 0.2453125 0.0296875 0.084375
0 0.2796875 0.2109375 0.009375 0.0125
1 0.275 0.25 0.0421875 0.1015625
0 0.275 0.2078125 0.009375 0.0125
1 0.303125 0.2421875 0.03125 0.0765625
0 0.3015625 0.2125 0.009375 0.0125
1 0.3 0.2375 0.021875 0.075
0 0.296875 0.209375 0.0125 0.0171875
1 0.2515625 0.6125 0.0171875 0.046875
0 0.25 0.59375 0.00625 0.00625