1 0.746875 0.684375 0.503125 0.3734375
0 0.7703125 0.625 0.3125 0.303125
1 0.640625 0.628125 0.1171875 0.3171875
0 0.6515625 0.5046875 0.0359375 0.0453125
1 0.5609375 0.68125 0.1609375 0.3796875
0 0.559375 0.5375 0.0484375 0.0703125
1 0.421875 0.6875 0.178125 0.36875
0 0.4375 0.5515625 0.0609375 0.075
1 0.4921875 0.684375 0.23125 0.3734375
0 0.5046875 0.55625 0.11875 0.1484375
1 0.3171875 0.675 0.2140625 0.3921875
0 0.33125 0.5546875 0.090625 0.115625
1 0.153125 0.684375 0.278125 0.3734375
0 0.2015625 0.5703125 0.1625 0.1609375
1 0.1015625 0.6859375 0.184375 0.3703125
0 0.0828125 0.5515625 0.0609375 0.08125
1 0.415625 0.609375 0.10625 0.2578125
0 0.409375 0.5078125 0.0296875 0.0390625