1 0.0109375 0.7015625 0.015625 0.0328125
0 0.0109375 0.6890625 0.003125 0.0046875
1 0.0140625 0.6765625 0.0078125 0.01875
0 0.0125 0.6703125 0.003125 0.003125
1 0.009375 0.68125 0.009375 0.021875
0 0.0109375 0.671875 0.003125 0.003125
1 0.053125 0.684375 0.009375 0.025
0 0.053125 0.675 0.003125 0.003125
1 0.04375 0.7109375 0.0140625 0.0328125
0 0.04375 0.696875 0.003125 0.0046875
1 0.0390625 0.7328125 0.015625 0.0375
0 0.040625 0.7171875 0.0046875 0.00625
1 0.065625 0.721875 0.021875 0.0359375
0 0.0625 0.709375 0.00625 0.00625
1 0.0875 0.725 0.015625 0.034375
0 0.090625 0.7125 0.00625 0.00625
1 0.084375 0.71875 0.0109375 0.0234375
0 0.0859375 0.709375 0.003125 0.003125
1 0.096875 0.725 0.0140625 0.0375
0 0.096875 0.715625 0.0046875 0.0046875
1 0.0953125 0.703125 0.0125 0.0265625
0 0.0984375 0.6953125 0.0046875 0.00625
1 0.109375 0.7078125 0.015625 0.0359375
0 0.1078125 0.696875 0.003125 0.003125
1 0.1265625 0.78125 0.0203125 0.053125
0 0.13125 0.759375 0.00625 0.0078125
1 0.14375 0.7421875 0.015625 0.040625
0 0.146875 0.7265625 0.00625 0.00625
1 0.1375 0.73125 0.0140625 0.0421875
0 0.140625 0.7140625 0.0046875 0.00625
1 0.1828125 0.7546875 0.0140625 0.0453125
0 0.1828125 0.7359375 0.00625 0.00625
1 0.20625 0.80625 0.0203125 0.0515625
0 0.2046875 0.7875 0.009375 0.009375
1 0.5734375 0.728125 0.0125 0.0296875
0 0.575 0.715625 0.0046875 0.0046875
1 0.5859375 0.728125 0.0125 0.03125
0 0.5859375 0.715625 0.0046875 0.0046875
1 0.6359375 0.74375 0.0140625 0.0375
0 0.6375 0.728125 0.003125 0.003125
1 0.6359375 0.7421875 0.0140625 0.0375
0 0.6375 0.728125 0.003125 0.0046875
1 0.659375 0.759375 0.0234375 0.0453125
0 0.6578125 0.7421875 0.00625 0.00625
1 0.6515625 0.7390625 0.015625 0.028125
0 0.6515625 0.728125 0.0046875 0.0046875
1 0.696875 0.775 0.015625 0.0421875
0 0.6953125 0.759375 0.0046875 0.00625
1 0.7109375 0.778125 0.0171875 0.04375
0 0.70625 0.7609375 0.00625 0.00625
1 0.7890625 0.7859375 0.0140625 0.0390625
0 0.7921875 0.771875 0.00625 0.0078125
1 0.8109375 0.7921875 0.0140625 0.0515625
0 0.8109375 0.771875 0.0046875 0.00625
1 0.821875 0.7953125 0.0171875 0.053125
0 0.821875 0.7734375 0.00625 0.009375
1 0.8671875 0.7875 0.0140625 0.0453125
0 0.865625 0.76875 0.00625 0.00625
1 0.875 0.784375 0.0203125 0.0421875
0 0.8703125 0.7671875 0.00625 0.00625
1 0.90625 0.7734375 0.0234375 0.05
0 0.9 0.753125 0.00625 0.00625
1 0.90625 0.7625 0.0125 0.0171875
0 0.9046875 0.7578125 0.003125 0.0046875
1 0.921875 0.790625 0.0171875 0.046875
0 0.9203125 0.771875 0.00625 0.00625
1 0.93125 0.7703125 0.0203125 0.0453125
0 0.9296875 0.753125 0.00625 0.0078125
1 0.9203125 0.765625 0.01875 0.046875
0 0.925 0.746875 0.0046875 0.00625
1 0.9265625 0.759375 0.0234375 0.0453125
0 0.93125 0.74375 0.00625 0.00625
1 0.9453125 0.7578125 0.021875 0.0421875
0 0.940625 0.740625 0.00625 0.00625
1 0.9578125 0.759375 0.0171875 0.0453125
0 0.95625 0.740625 0.00625 0.00625
1 0.96875 0.7578125 0.0140625 0.04375
0 0.9671875 0.740625 0.00625 0.00625
1 0.95 0.753125 0.0234375 0.0390625
0 0.9453125 0.7390625 0.0046875 0.00625
1 0.9515625 0.75 0.0203125 0.034375
0 0.946875 0.7375 0.0046875 0.00625
1 0.9625 0.7265625 0.0171875 0.040625
0 0.959375 0.7109375 0.0046875 0.0046875
1 0.9890625 0.75 0.015625 0.040625
0 0.990625 0.734375 0.00625 0.00625
1 0.93125 0.7421875 0.015625 0.0375
0 0.9296875 0.7265625 0.00625 0.00625
1 0.9265625 0.734375 0.0171875 0.0375
0 0.9265625 0.71875 0.0046875 0.0046875
1 0.921875 0.7296875 0.009375 0.028125
0 0.921875 0.71875 0.0046875 0.0046875
1 0.9296875 0.725 0.0140625 0.0375
0 0.9296875 0.709375 0.0046875 0.0046875
1 0.8734375 0.728125 0.01875 0.0234375
0 0.871875 0.71875 0.0046875 0.0046875
1 0.928125 0.70625 0.009375 0.0265625
0 0.9265625 0.696875 0.0046875 0.0046875
1 0.909375 0.703125 0.0125 0.0265625
0 0.909375 0.69375 0.003125 0.003125
1 0.93125 0.68125 0.0109375 0.0203125
0 0.93125 0.6734375 0.003125 0.0046875
1 0.921875 0.68125 0.0125 0.021875
0 0.925 0.671875 0.003125 0.003125
1 0.875 0.675 0.0109375 0.0203125
0 0.875 0.6671875 0.0015625 0.003125
1 0.853125 0.6984375 0.015625 0.028125
0 0.8515625 0.6875 0.003125 0.003125
1 0.765625 0.7078125 0.0109375 0.0234375
0 0.765625 0.6984375 0.003125 0.0046875
1 0.7671875 0.6890625 0.009375 0.028125
0 0.76875 0.678125 0.003125 0.003125
1 0.75 0.6734375 0.00625 0.015625
0 0.75 0.6671875 0.0015625 0.0015625
1 0.74375 0.6765625 0.009375 0.0234375
0 0.740625 0.6671875 0.003125 0.003125
1 0.7375 0.675 0.0125 0.025
0 0.7359375 0.6640625 0.0015625 0.0015625
1 0.7296875 0.6828125 0.00625 0.0078125
0 0.7296875 0.68125 0.0015625 0.0015625
1 0.7203125 0.68125 0.009375 0.01875
0 0.7203125 0.675 0.003125 0.003125
1 0.7109375 0.69375 0.0125 0.0171875
0 0.7109375 0.6875 0.0015625 0.003125
1 0.703125 0.6921875 0.009375 0.0171875
0 0.7046875 0.6859375 0.0046875 0.003125
1 0.66875 0.6859375 0.009375 0.0171875
0 0.671875 0.6796875 0.0015625 0.003125
1 0.6640625 0.684375 0.00625 0.025
0 0.6640625 0.675 0.003125 0.003125
1 0.6296875 0.6765625 0.0109375 0.01875
0 0.6296875 0.6703125 0.0015625 0.003125
1 0.596875 0.65 0.009375 0.021875
0 0.5953125 0.6421875 0.0015625 0.003125
1 0.5890625 0.65 0.00625 0.0203125
0 0.5890625 0.64375 0.0015625 0.0015625
1 0.5484375 0.6390625 0.0078125 0.015625
0 0.5484375 0.6328125 0.0015625 0.0015625
1 0.5296875 0.65625 0.0078125 0.0140625
0 0.528125 0.6515625 0.0015625 0.003125
1 0.521875 0.65625 0.0078125 0.0140625
0 0.5234375 0.65 0.0015625 0.0015625
1 0.4953125 0.640625 0.00625 0.01875
0 0.4953125 0.634375 0.0015625 0.0015625
1 0.4828125 0.6375 0.00625 0.015625
0 0.4828125 0.63125 0.003125 0.003125
1 0.475 0.6375 0.00625 0.0140625
0 0.4765625 0.6328125 0.0015625 0.0015625
1 0.45 0.64375 0.0078125 0.0125
0 0.45 0.6390625 0.0015625 0.0015625
1 0.4421875 0.64375 0.00625 0.0125
0 0.4421875 0.6390625 0.0015625 0.0015625
1 0.40625 0.64375 0.009375 0.0109375
0 0.4046875 0.6390625 0.0015625 0.0015625
1 0.371875 0.640625 0.009375 0.009375
0 0.3734375 0.6375 0.0015625 0.0015625
1 0.3609375 0.640625 0.009375 0.009375
0 0.359375 0.6375 0.0015625 0.0015625
1 0.1265625 0.7796875 0.0125 0.04375
0 0.1296875 0.7609375 0.0046875 0.0046875
1 0.1109375 0.63125 0.00625 0.01875
0 0.1109375 0.625 0.0015625 0.0015625
1 0.9140625 0.6546875 0.0078125 0.0234375
0 0.9140625 0.6453125 0.0015625 0.0015625
1 0.95625 0.7296875 0.0125 0.0328125
0 0.95625 0.7171875 0.0046875 0.0046875
1 0.9453125 0.7796875 0.0171875 0.04375
0 0.9484375 0.7625 0.0078125 0.00625