1 0.034375 0.640625 0.0640625 0.3375
0 0.0109375 0.4984375 0.0171875 0.040625
1 0.0734375 0.6125 0.1421875 0.428125
0 0.05625 0.4328125 0.0484375 0.05625
1 0.11875 0.709375 0.1140625 0.325
0 0.125 0.5796875 0.0515625 0.05625
1 0.1875 0.69375 0.1703125 0.35625
0 0.221875 0.55 0.0546875 0.0671875
1 0.2640625 0.7359375 0.096875 0.26875
0 0.278125 0.6296875 0.0390625 0.0484375
1 0.39375 0.6796875 0.1640625 0.3828125
0 0.43125 0.521875 0.05 0.053125
1 0.5421875 0.6625 0.21875 0.415625
0 0.5078125 0.4921875 0.05625 0.065625
1 0.5640625 0.66875 0.234375 0.403125
0 0.5796875 0.5109375 0.0546875 0.075
1 0.7484375 0.771875 0.2125 0.196875
0 0.7046875 0.7328125 0.059375 0.084375
1 0.834375 0.6828125 0.2875 0.3765625
0 0.8640625 0.5359375 0.0671875 0.0796875
1 0.9640625 0.6296875 0.0640625 0.484375
0 0.9859375 0.4296875 0.021875 0.0703125
1 0.921875 0.578125 0.1484375 0.4234375
0 0.909375 0.4046875 0.0515625 0.0671875
1 0.7953125 0.5921875 0.14375 0.4078125
0 0.8015625 0.421875 0.0453125 0.0609375
1 0.7015625 0.59375 0.125 0.3828125
0 0.7046875 0.4359375 0.046875 0.05625
1 0.6453125 0.6359375 0.11875 0.384375
0 0.64375 0.4796875 0.04375 0.053125
1 0.5546875 0.6140625 0.1375 0.415625
0 0.5578125 0.440625 0.0484375 0.05625
1 0.4921875 0.5859375 0.1125 0.3953125
0 0.5 0.421875 0.040625 0.0484375
1 0.440625 0.571875 0.1421875 0.3796875
0 0.446875 0.4140625 0.046875 0.0546875
1 0.3921875 0.6546875 0.1484375 0.371875
0 0.375 0.5015625 0.0453125 0.05625
1 0.3328125 0.6078125 0.1265625 0.3609375
0 0.321875 0.4546875 0.0453125 0.0484375
1 0.2203125 0.5765625 0.1421875 0.353125
0 0.2421875 0.43125 0.0421875 0.0578125
1 0.184375 0.5609375 0.1375 0.3578125
0 0.2 0.4140625 0.04375 0.046875
1 0.178125 0.596875 0.1078125 0.3375
0 0.1703125 0.4625 0.0515625 0.0578125
1 0.134375 0.3921875 0.0671875 0.1140625
0 0.1296875 0.346875 0.0171875 0.01875
1 0.909375 0.384375 0.059375 0.11875
0 0.9078125 0.3359375 0.0171875 0.0171875
1 0.9609375 0.3765625 0.075 0.1171875
0 0.9515625 0.328125 0.0171875 0.0171875
1 0.4359375 0.5296875 0.1046875 0.3109375
0 0.425 0.403125 0.0390625 0.05