1 0.1765625 0.446875 0.2171875 0.5078125
0 0.18125 0.2296875 0.05 0.06875
1 0.3171875 0.41875 0.2328125 0.4109375
0 0.296875 0.265625 0.0546875 0.0796875
1 0.4859375 0.4296875 0.2234375 0.45
0 0.5203125 0.25625 0.05 0.0671875
1 0.6 0.4265625 0.171875 0.340625
0 0.5890625 0.2890625 0.046875 0.0625
1 0.6484375 0.440625 0.1234375 0.41875
0 0.653125 0.265625 0.0421875 0.053125
1 0.7265625 0.4453125 0.1203125 0.36875
0 0.7296875 0.303125 0.0375 0.059375
1 0.803125 0.4421875 0.2359375 0.35625
0 0.8078125 0.3125 0.0375 0.0453125
1 0.865625 0.4734375 0.121875 0.3140625
0 0.8546875 0.34375 0.034375 0.040625
1 0.89375 0.475 0.14375 0.315625
0 0.9109375 0.3453125 0.0328125 0.05
1 0.725 0.5421875 0.3359375 0.39375
0 0.7703125 0.390625 0.059375 0.0859375
1 0.6625 0.5671875 0.2625 0.3203125
0 0.61875 0.453125 0.0609375 0.075
1 0.55 0.628125 0.2 0.3765625
0 0.5328125 0.484375 0.059375 0.0890625
1 0.3828125 0.6171875 0.2375 0.3484375
0 0.415625 0.4953125 0.0625 0.0875
1 0.259375 0.6109375 0.2328125 0.353125
0 0.2546875 0.4875 0.0578125 0.0890625
1 0.3375 0.3859375 0.0296875 0.0609375
0 0.346875 0.3625 0.0046875 0.00625
1 0.328125 0.3859375 0.0203125 0.0578125
0 0.3296875 0.365625 0.0078125 0.0109375
1 0.3125 0.38125 0.0234375 0.06875
0 0.3125 0.353125 0.0078125 0.0078125
1 0.4296875 0.4390625 0.215625 0.378125
0 0.44375 0.2875 0.05 0.071875
1 0.0109375 0.378125 0.0171875 0.0609375
0 0.003125 0.353125 0.003125 0.009375
1 0.0234375 0.375 0.0265625 0.0609375
0 0.021875 0.359375 0.0078125 0.009375