1 0.7109375 0.6484375 0.3375 0.303125
0 0.6234375 0.5359375 0.0625 0.0609375
1 0.4828125 0.5328125 0.465625 0.446875
0 0.528125 0.3765625 0.0671875 0.0984375
1 0.5875 0.46875 0.3078125 0.559375
0 0.6453125 0.246875 0.065625 0.1
1 0.5328125 0.4421875 0.203125 0.5359375
0 0.49375 0.2296875 0.065625 0.084375
1 0.90625 0.2875 0.18125 0.2421875
0 0.85625 0.1921875 0.034375 0.0359375
1 0.759375 0.2859375 0.103125 0.2375
0 0.7703125 0.184375 0.0359375 0.0359375
1 0.6859375 0.275 0.090625 0.2203125
0 0.6875 0.190625 0.034375 0.0390625
1 0.5609375 0.278125 0.109375 0.221875
0 0.5703125 0.184375 0.0390625 0.0328125
1 0.471875 0.2859375 0.0921875 0.2359375
0 0.475 0.18125 0.034375 0.0265625
1 0.325 0.2734375 0.121875 0.2125
0 0.334375 0.1859375 0.0359375 0.0359375
1 0.125 0.375 0.1796875 0.415625
0 0.1140625 0.178125 0.0421875 0.021875
1 0.23125 0.5265625 0.35625 0.4140625
0 0.1625 0.3859375 0.071875 0.1