1 0.0734375 0.6546875 0.028125 0.065625
0 0.0828125 0.6296875 0.0078125 0.009375
1 0.09375 0.65625 0.03125 0.0640625
0 0.1015625 0.6296875 0.0078125 0.0078125
1 0.15 0.6625 0.0296875 0.075
0 0.1578125 0.63125 0.0125 0.009375
1 0.18125 0.7 0.0703125 0.1515625
0 0.203125 0.6375 0.0203125 0.0234375
1 0.2140625 0.6609375 0.0265625 0.075
0 0.215625 0.63125 0.009375 0.0109375
1 0.2625 0.7 0.0546875 0.1515625
0 0.25625 0.6359375 0.021875 0.01875
1 0.3359375 0.6796875 0.0328125 0.0875
0 0.3375 0.64375 0.0109375 0.0125
1 0.43125 0.66875 0.028125 0.0625
0 0.4296875 0.6421875 0.0078125 0.0078125
1 0.4140625 0.6703125 0.0140625 0.040625
0 0.415625 0.65625 0.0046875 0.00625
1 0.4703125 0.665625 0.0203125 0.0578125
0 0.471875 0.6421875 0.0078125 0.0078125
1 0.4875 0.665625 0.021875 0.059375
0 0.4875 0.6421875 0.00625 0.0078125
1 0.5203125 0.6609375 0.01875 0.046875
0 0.5203125 0.6421875 0.00625 0.00625
1 0.6375 0.6609375 0.0203125 0.04375
0 0.640625 0.646875 0.0046875 0.0078125
1 0.6515625 0.6578125 0.015625 0.0453125
0 0.653125 0.640625 0.00625 0.00625
1 0.7015625 0.665625 0.025 0.065625
0 0.7 0.6390625 0.0109375 0.0109375
1 0.7734375 0.659375 0.028125 0.0546875
0 0.76875 0.6375 0.0078125 0.009375
1 0.796875 0.6609375 0.025 0.0640625
0 0.7890625 0.6359375 0.0109375 0.0109375
1 0.803125 0.6546875 0.021875 0.053125
0 0.8015625 0.6328125 0.0078125 0.0078125
1 0.5390625 0.65625 0.01875 0.0453125
0 0.540625 0.6390625 0.0046875 0.0046875
1 0.5625 0.6578125 0.0140625 0.046875
0 0.5640625 0.6375 0.00625 0.0078125
1 0.5796875 0.659375 0.015625 0.046875
0 0.58125 0.640625 0.0078125 0.0078125
1 0.6 0.65625 0.0125 0.0421875
0 0.6 0.640625 0.0046875 0.0046875