1 0.1234375 0 0 0
0 0.44375 0.5890625 0.05 0.06875
1 0.571875 0.7875 0.134375 0.4203125
0 0.5796875 0.6203125 0.0546875 0.071875
1 0.5390625 0.7734375 0.13125 0.4375
0 0.5390625 0.59375 0.05 0.0578125
1 0.653125 0.7828125 0.128125 0.428125
0 0.653125 0.6078125 0.0515625 0.0625
1 0.790625 0.76875 0.1578125 0.4546875
0 0.78125 0.5875 0.0546875 0.06875
1 0.4171875 0.7296875 0.1421875 0.4390625
0 0.43125 0.5484375 0.046875 0.0578125
1 0.378125 0.69375 0.13125 0.43125
0 0.3796875 0.515625 0.04375 0.0515625
1 0.6 0.746875 0.1125 0.428125
0 0.6015625 0.565625 0.040625 0.0546875
1 0.5453125 0.7078125 0.1359375 0.4390625
0 0.553125 0.521875 0.046875 0.05625
1 0.5890625 0.7078125 0.1765625 0.40625
0 0.5984375 0.5328125 0.0390625 0.046875
1 0.73125 0.75625 0.1796875 0.4828125
0 0.7171875 0.553125 0.0546875 0.0671875
1 0.675 0.7171875 0.1421875 0.4125
0 0.66875 0.54375 0.046875 0.0578125
1 0.7578125 0.73125 0.1359375 0.490625
0 0.7609375 0.5265625 0.0484375 0.0578125
1 0.1671875 0.625 0.05 0.0609375
0 0.15625 0.6078125 0.0171875 0.015625
1 0.190625 0.5984375 0.04375 0.1265625
0 0.2015625 0.5484375 0.0140625 0.0171875
1 0.2296875 0.603125 0.065625 0.1140625
0 0.2171875 0.55625 0.0140625 0.0140625
1 0.265625 0.58125 0.040625 0.1171875
0 0.265625 0.5359375 0.0140625 0.015625
1 0.2234375 0.5828125 0.0375 0.1078125
0 0.2234375 0.5421875 0.015625 0.015625
1 0.4828125 0.58125 0.04375 0.1171875
0 0.484375 0.534375 0.0140625 0.0140625
1 0.5109375 0.5734375 0.0390625 0.13125
0 0.5109375 0.5234375 0.0171875 0.025
1 0.853125 0.6 0.0359375 0.1515625
0 0.1234375 0 0 0