1 0.8734375 0.6765625 0.1859375 0.328125
0 0.865625 0.5375 0.0453125 0.04375
1 0.728125 0.65 0.0828125 0.23125
0 0.7109375 0.5484375 0.028125 0.0265625
1 0.671875 0.653125 0.0953125 0.2546875
0 0.6609375 0.5421875 0.0265625 0.0359375
1 0.51875 0.6375 0.090625 0.2234375
0 0.5203125 0.5421875 0.0234375 0.028125
1 0.434375 0.628125 0.065625 0.2140625
0 0.4328125 0.534375 0.0234375 0.0265625
1 0.465625 0.615625 0.0484375 0.1703125
0 0.465625 0.5453125 0.0203125 0.025
1 0.66875 0.6265625 0.0546875 0.1734375
0 0.6828125 0.559375 0.0203125 0.028125
1 0.3421875 0.6140625 0.0671875 0.1640625
0 0.35 0.546875 0.0234375 0.025
1 0.178125 0.6078125 0.053125 0.1578125
0 0.178125 0.55 0.01875 0.0234375
1 0.128125 0.615625 0.0640625 0.2078125
0 0.134375 0.53125 0.0265625 0.0265625