1 0.44375 0.528125 0.15625 0.4296875
0 0.4625 0.35 0.053125 0.065625
1 0.6375 0.4796875 0.1171875 0.2984375
0 0.64375 0.359375 0.034375 0.0453125
1 0.746875 0.4578125 0.096875 0.24375
0 0.7578125 0.3625 0.0265625 0.0359375
1 0.8234375 0.45 0.0890625 0.2046875
0 0.8203125 0.3703125 0.028125 0.0328125
1 0.8546875 0.4421875 0.071875 0.1765625
0 0.85625 0.3703125 0.021875 0.028125
1 0.890625 0.4328125 0.06875 0.1625
0 0.8953125 0.3671875 0.0203125 0.025
1 0.9234375 0.4234375 0.0609375 0.1484375
0 0.925 0.3625 0.01875 0.0203125
1 0.94375 0.415625 0.065625 0.146875
0 0.9484375 0.3578125 0.021875 0.025
1 0.9703125 0.4109375 0.053125 0.1375
0 0.9828125 0.359375 0.0171875 0.0140625
1 0.7265625 0.403125 0.046875 0.1203125
0 0.725 0.35625 0.015625 0.01875
1 0.69375 0.4109375 0.05 0.1234375
0 0.6984375 0.3625 0.0125 0.01875
1 0.6109375 0.4234375 0.0546875 0.1515625
0 0.6125 0.3671875 0.015625 0.015625
1 0.5421875 0.4265625 0.059375 0.15625
0 0.55 0.3671875 0.0171875 0.025
1 0.4765625 0.4328125 0.0578125 0.165625
0 0.484375 0.3734375 0.015625 0.0203125
1 0.3953125 0.440625 0.071875 0.1890625
0 0.403125 0.3640625 0.021875 0.025
1 0.3984375 0.4109375 0.05 0.1359375
0 0.4 0.3578125 0.0140625 0.01875
1 0.3609375 0.3984375 0.040625 0.115625
0 0.359375 0.3546875 0.0125 0.0171875
1 0.3359375 0.4203125 0.05 0.15
0 0.3375 0.3625 0.0171875 0.0203125
1 0.2921875 0.4046875 0.040625 0.125
0 0.2921875 0.35625 0.0125 0.015625
1 0.25 0.396875 0.0390625 0.1046875
0 0.25 0.35625 0.0125 0.0140625
1 0.2203125 0.4234375 0.059375 0.165625
0 0.225 0.35625 0.0203125 0.025
1 0.1828125 0.4078125 0.04375 0.1375
0 0.190625 0.35625 0.0125 0.01875
1 0.225 0.4515625 0.0703125 0.2140625
0 0.234375 0.3640625 0.028125 0.034375
1 0.059375 0.465625 0.0953125 0.275
0 0.0671875 0.3609375 0.040625 0.0390625
1 0.1109375 0.4328125 0.0546875 0.1875
0 0.1171875 0.35625 0.025 0.025
1 0.1109375 0.409375 0.059375 0.1546875
0 0.1109375 0.353125 0.015625 0.0203125