1 0.54375 0.66875 0.4359375 0.3890625
0 0.5625 0.3859375 0.0875 0.0890625
1 0.271875 0.634375 0.05 0.1359375
0 0.2890625 0.5765625 0.015625 0.0171875
1 0.271875 0.6171875 0.0484375 0.103125
0 0.2640625 0.5859375 0.0125 0.0171875
1 0.315625 0.63125 0.05625 0.146875
0 0.3125 0.5703125 0.0171875 0.01875
1 0.71875 0.6625 0.1 0.234375
0 0.7140625 0.5640625 0.025 0.025
1 0.78125 0.671875 0.0734375 0.1921875
0 0.7734375 0.5921875 0.021875 0.0234375
1 0.75 0.646875 0.0328125 0.1078125
0 0.753125 0.603125 0.0109375 0.015625
1 0.825 0.6484375 0.059375 0.1
0 0.821875 0.6078125 0.0125 0.0140625
1 0.871875 0.6453125 0.053125 0.1
0 0.8609375 0.6046875 0.009375 0.015625
1 0.8796875 0.6359375 0.0296875 0.0453125
0 0.8796875 0.61875 0.0046875 0.0046875
1 0.9859375 0.65 0.0234375 0.0875
0 0.9890625 0.6140625 0.0125 0.0109375
1 0.9375 0.6515625 0.0328125 0.0828125
0 0.9328125 0.6171875 0.009375 0.0109375
1 0.21875 0.60625 0.0296875 0.0578125
0 0.225 0.584375 0.0078125 0.0078125
1 0.95 0.646875 0.040625 0.090625
0 0.940625 0.6078125 0.009375 0.009375