1 0.7171875 0.7625 0.2296875 0.1828125
0 0.68125 0.715625 0.053125 0.075
1 0.6328125 0.715625 0.1375 0.225
0 0.6140625 0.6359375 0.040625 0.059375
1 0.525 0.7390625 0.1046875 0.14375
0 0.525 0.7046875 0.0390625 0.0578125
1 0.340625 0.7453125 0.2671875 0.159375
0 0.440625 0.7015625 0.040625 0.059375
1 0.428125 0.6421875 0.025 0.05
0 0.428125 0.6234375 0.0046875 0.00625
1 0.303125 0.6390625 0.0140625 0.021875
0 0.303125 0.6328125 0.0046875 0.0046875
1 0.2265625 0.640625 0.0125 0.0203125
0 0.2265625 0.6359375 0.0046875 0.0046875
1 0.234375 0.6359375 0.0171875 0.0390625
0 0.23125 0.6203125 0.00625 0.00625
1 0.53125 0.6578125 0.021875 0.028125
0 0.53125 0.6484375 0.00625 0.0078125
1 0.5875 0.671875 0.021875 0.0609375
0 0.5875 0.6453125 0.0046875 0.0046875
1 0.571875 0.65625 0.01875 0.0546875
0 0.578125 0.6328125 0.00625 0.00625
1 0.590625 0.653125 0.0203125 0.059375
0 0.59375 0.6296875 0.00625 0.009375