1 0.225 0.4859375 0.01875 0.040625
0 0.221875 0.46875 0.0046875 0.0046875
1 0.425 0.5234375 0.0328125 0.0796875
0 0.4234375 0.4921875 0.009375 0.0125
1 0.4640625 0.5296875 0.03125 0.084375
0 0.4609375 0.4953125 0.009375 0.0109375
1 0.5109375 0.525 0.0296875 0.0828125
0 0.50625 0.4921875 0.009375 0.0109375
1 0.4328125 0.4609375 0.0078125 0.028125
0 0.4328125 0.45 0.003125 0.003125
1 0.4390625 0.4625 0.009375 0.0234375
0 0.4390625 0.453125 0.003125 0.003125
1 0.465625 0.459375 0.0078125 0.0234375
0 0.465625 0.4515625 0.0015625 0.003125
1 0.4765625 0.4546875 0.00625 0.01875
0 0.4765625 0.446875 0.0015625 0.003125
1 0.48125 0.4546875 0.00625 0.0171875
0 0.48125 0.4484375 0.0015625 0.0015625
1 0.61875 0.4609375 0.0109375 0.0265625
0 0.6171875 0.4515625 0.003125 0.003125
1 0.6046875 0.459375 0.009375 0.0265625
0 0.6046875 0.45 0.003125 0.0046875
1 0.5921875 0.459375 0.0078125 0.0234375
0 0.5921875 0.45 0.003125 0.003125
1 0.625 0.4984375 0.021875 0.05
0 0.6203125 0.478125 0.00625 0.00625
1 0.6359375 0.5 0.025 0.059375
0 0.6359375 0.4734375 0.00625 0.00625
1 0.6625 0.5453125 0.03125 0.096875
0 0.6609375 0.5046875 0.009375 0.0109375
1 0.628125 0.540625 0.0375 0.10625
0 0.63125 0.496875 0.0109375 0.0109375
1 0.734375 0.5640625 0.040625 0.090625
0 0.7328125 0.528125 0.0109375 0.0171875
1 0.8015625 0.5546875 0.0359375 0.0609375
0 0.803125 0.5328125 0.009375 0.0125
1 0.796875 0.5390625 0.0328125 0.0921875
0 0.79375 0.5015625 0.0109375 0.0140625
1 0.846875 0.5421875 0.0375 0.09375
0 0.85 0.50625 0.0109375 0.0140625
1 0.76875 0.4734375 0.0140625 0.0234375
0 0.765625 0.465625 0.0046875 0.0046875
1 0.6828125 0.4484375 0.00625 0.0125
0 0.6828125 0.44375 0.0015625 0.0015625
1 0.7046875 0.45 0.0078125 0.015625
0 0.7046875 0.44375 0.0015625 0.0015625
1 0.7125 0.45 0.00625 0.015625
0 0.7125 0.44375 0.0015625 0.0015625
1 0.728125 0.45 0.00625 0.015625
0 0.728125 0.44375 0.0015625 0.0015625
1 0.7328125 0.453125 0.0046875 0.0078125
0 0.7328125 0.45 0 0.0015625
1 0.7640625 0.4515625 0.00625 0.015625
0 0.7640625 0.4453125 0.0015625 0.0015625
1 0.7796875 0.45 0.0078125 0.015625
0 0.7796875 0.4453125 0.0015625 0.0015625
1 0.7921875 0.4515625 0.00625 0.015625
0 0.79375 0.4453125 0.0015625 0.0015625
1 0.7953125 0.4484375 0.0046875 0.0140625
0 0.7953125 0.4421875 0.0015625 0.0015625
1 0.80625 0.4578125 0.0078125 0.021875
0 0.80625 0.4484375 0.0015625 0.0015625
1 0.8234375 0.4578125 0.0078125 0.0234375
0 0.8234375 0.4484375 0.003125 0.003125
1 0.8375 0.4484375 0.00625 0.0171875
0 0.8375 0.4421875 0.0015625 0.0015625
1 0.85 0.4546875 0.0078125 0.0234375
0 0.85 0.446875 0.0015625 0.0015625
1 0.8578125 0.45625 0.00625 0.0203125
0 0.8578125 0.4484375 0.0015625 0.003125
1 0.865625 0.45625 0.0078125 0.0203125
0 0.865625 0.4484375 0.003125 0.003125
1 0.83125 0.5 0.021875 0.0546875
0 0.83125 0.478125 0.0078125 0.0078125
1 0.8546875 0.4953125 0.025 0.05
0 0.8515625 0.475 0.00625 0.0078125
1 0.8 0.4734375 0.0140625 0.0359375
0 0.7984375 0.459375 0.003125 0.0046875
1 0.78125 0.4734375 0.0125 0.0375
0 0.7828125 0.4578125 0.0046875 0.0046875
1 0.88125 0.484375 0.01875 0.05
0 0.8828125 0.4640625 0.00625 0.00625
1 0.9 0.4859375 0.0171875 0.0421875
0 0.9015625 0.4703125 0.0046875 0.00625
1 0.9109375 0.459375 0.0109375 0.0265625
0 0.9109375 0.45 0.0015625 0.003125
1 0.9171875 0.453125 0.0078125 0.0203125
0 0.9171875 0.4484375 0.0015625 0.0015625
1 0.928125 0.5078125 0.046875 0.121875
0 0.9296875 0.4578125 0.0125 0.015625
1 0.9640625 0.5265625 0.065625 0.1734375
0 0.9578125 0.453125 0.0234375 0.0234375
1 0.984375 0.5140625 0.028125 0.171875
0 0.9890625 0.4421875 0.0171875 0.021875
1 0.5546875 0.5640625 0.125 0.265625
0 0.5515625 0.45625 0.0296875 0.0375
1 0.5859375 0.571875 0.071875 0.2609375
0 0.575 0.4640625 0.025 0.034375
1 0.659375 0.4484375 0.0046875 0.0109375
0 0.6578125 0.44375 0.0015625 0.0015625