1 0.0171875 0.54375 0.034375 0.065625
0 0.009375 0.51875 0.009375 0.0078125
1 0.121875 0.5453125 0.16875 0.215625
0 0.128125 0.459375 0.034375 0.0421875
1 0.2296875 0.5359375 0.1 0.1453125
0 0.228125 0.4765625 0.01875 0.025
1 0.3046875 0.540625 0.075 0.10625
0 0.3125 0.496875 0.0125 0.0171875
1 0.3875 0.5234375 0.103125 0.190625
0 0.384375 0.446875 0.0234375 0.0328125
1 0.4078125 0.53125 0.0703125 0.1296875
0 0.4046875 0.484375 0.0140625 0.015625
1 0.4515625 0.5421875 0.0609375 0.1421875
0 0.45625 0.4875 0.0125 0.0125
1 0.5453125 0.53125 0.05 0.10625
0 0.5375 0.4890625 0.0125 0.0171875
1 0.4875 0.525 0.2625 0.3734375
0 0.4859375 0.371875 0.046875 0.0609375
1 0.6125 0.525 0.0171875 0.065625
0 0.6125 0.4984375 0.0078125 0.009375
1 0.6 0.521875 0.10625 0.159375
0 0.59375 0.4578125 0.0203125 0.025
1 0.6390625 0.5265625 0.025 0.0625
0 0.6359375 0.5015625 0.00625 0.00625
1 0.6421875 0.5296875 0.025 0.0609375
0 0.6375 0.5046875 0.00625 0.0078125
1 0.6515625 0.528125 0.0875 0.1046875
0 0.6515625 0.4875 0.015625 0.01875
1 0.6984375 0.525 0.025 0.0625
0 0.6984375 0.5015625 0.00625 0.009375
1 0.71875 0.5234375 0.0171875 0.059375
0 0.7171875 0.5015625 0.0078125 0.009375
1 0.7515625 0.515625 0.0890625 0.1453125
0 0.7515625 0.45625 0.0203125 0.0234375
1 0.746875 0.5296875 0.078125 0.0859375
0 0.7484375 0.49375 0.0125 0.0140625
1 0.84375 0.521875 0.0859375 0.11875
0 0.8421875 0.475 0.0140625 0.0171875
1 0.8625 0.5171875 0.0140625 0.0359375
0 0.8625 0.50625 0.00625 0.0046875
1 0.8828125 0.521875 0.00625 0.01875
0 0.8828125 0.521875 0.00625 0.01875
1 0.89375 0.51875 0.0265625 0.0671875
0 0.89375 0.49375 0.0078125 0.009375
1 0.8125 0.515625 0.2125 0.2484375
0 0.80625 0.4171875 0.0328125 0.040625
1 0.9296875 0.5171875 0.1359375 0.1859375
0 0.934375 0.4421875 0.025 0.0328125
1 0.9546875 0.528125 0.0203125 0.0828125
0 0.9609375 0.49375 0.009375 0.009375
1 0.9671875 0.525 0.01875 0.0796875
0 0.9625 0.4921875 0.009375 0.009375
1 0.9875 0.5203125 0.0140625 0.046875
0 0.990625 0.5046875 0.00625 0.0078125