1 0.9609375 0.5328125 0.0703125 0.4359375
0 0.984375 0.365625 0.021875 0.05625
1 0.8671875 0.559375 0.25625 0.434375
0 0.803125 0.4109375 0.078125 0.0890625
1 0.86875 0.5046875 0.1234375 0.3546875
0 0.8703125 0.3640625 0.05 0.0546875
1 0.78125 0.478125 0.1390625 0.409375
0 0.790625 0.325 0.0625 0.065625
1 0.7359375 0.578125 0.2171875 0.396875
0 0.6953125 0.44375 0.078125 0.0921875
1 0.7359375 0.5421875 0.209375 0.4640625
0 0.696875 0.3546875 0.075 0.084375
1 0.5890625 0.6203125 0.2203125 0.3140625
0 0.55625 0.5203125 0.065625 0.08125
1 0.4 0.6109375 0.2953125 0.3296875
0 0.4625 0.5015625 0.0640625 0.0640625
1 0.1359375 0.5625 0.26875 0.428125
0 0.2140625 0.403125 0.0625 0.0859375
1 0.275 0.5671875 0.2109375 0.41875
0 0.3265625 0.41875 0.0671875 0.078125
1 0.196875 0.5234375 0.1703125 0.50625
0 0.2328125 0.325 0.0640625 0.0703125
1 0.3859375 0.525 0.178125 0.45625
0 0.4140625 0.3578125 0.0640625 0.0859375
1 0.490625 0.4890625 0.165625 0.4421875
0 0.503125 0.303125 0.0515625 0.0640625
1 0.4703125 0.55625 0.234375 0.41875
0 0.53125 0.4015625 0.059375 0.078125
1 0.5671875 0.45625 0.11875 0.353125
0 0.575 0.3203125 0.05 0.0765625
1 0.6359375 0.475 0.1734375 0.4484375
0 0.646875 0.3 0.059375 0.06875
1 0.621875 0.55 0.159375 0.41875
0 0.6140625 0.3859375 0.0609375 0.0859375
1 0.3171875 0.5125 0.1515625 0.4796875
0 0.321875 0.3265625 0.0625 0.0640625