1 0.0203125 0.6375 0.0390625 0.0671875
0 0.0109375 0.61875 0.0140625 0.01875
1 0.0671875 0.63125 0.0484375 0.078125
0 0.06875 0.625 0.021875 0.01875
1 0.1125 0.6328125 0.0453125 0.075
0 0.115625 0.615625 0.0140625 0.0140625
1 0.0984375 0.6359375 0.0265625 0.06875
0 0.0953125 0.6078125 0.00625 0.0078125
1 0.1765625 0.63125 0.0171875 0.0546875
0 0.175 0.6078125 0.0078125 0.0078125
1 0.1609375 0.634375 0.01875 0.0546875
0 0.1640625 0.6125 0.0078125 0.0078125
1 0.15625 0.640625 0.0375 0.0578125
0 0.1625 0.6203125 0.0109375 0.0125
1 0.1625 0.6390625 0.0390625 0.0625
0 0.16875 0.6390625 0.0171875 0.01875
1 0.2171875 0.63125 0.0484375 0.078125
0 0.225 0.6265625 0.01875 0.021875
1 0.2625 0.6375 0.0234375 0.0671875
0 0.265625 0.609375 0.009375 0.009375
1 0.309375 0.6421875 0.03125 0.05625
0 0.3078125 0.621875 0.0109375 0.0125
1 0.31875 0.6328125 0.0109375 0.0375
0 0.321875 0.615625 0.003125 0.0046875
1 0.2890625 0.6375 0.0234375 0.03125
0 0.2828125 0.6265625 0.00625 0.00625
1 0.3375 0.64375 0.0234375 0.0546875
0 0.3375 0.6203125 0.009375 0.009375
1 0.34375 0.6296875 0.0109375 0.0375
0 0.34375 0.6140625 0.003125 0.0046875
1 0.3546875 0.6296875 0.0125 0.0375
0 0.3546875 0.615625 0.0046875 0.00625
1 0.3734375 0.640625 0.034375 0.0609375
0 0.3765625 0.615625 0.0109375 0.0109375
1 0.40625 0.6296875 0.015625 0.046875
0 0.40625 0.6109375 0.00625 0.0046875
1 0.4421875 0.6265625 0.0234375 0.0625
0 0.446875 0.6 0.0078125 0.009375
1 0.4609375 0.6375 0.025 0.0640625
0 0.4609375 0.6109375 0.0078125 0.0078125
1 0.4828125 0.6390625 0.0234375 0.0609375
0 0.4796875 0.615625 0.0078125 0.009375
1 0.5125 0.64375 0.028125 0.0515625
0 0.5109375 0.6265625 0.0125 0.0125
1 0.5296875 0.6421875 0.053125 0.0546875
0 0.528125 0.625 0.0140625 0.0140625
1 0.546875 0.6296875 0.01875 0.0328125
0 0.5421875 0.615625 0.0046875 0.00625
1 0.5609375 0.64375 0.03125 0.0546875
0 0.5625 0.625 0.0125 0.0140625
1 0.5765625 0.640625 0.04375 0.059375
0 0.5734375 0.621875 0.0125 0.0140625
1 0.5984375 0.621875 0.021875 0.075
0 0.5953125 0.5921875 0.0078125 0.0078125
1 0.6125 0.6421875 0.034375 0.0578125
0 0.609375 0.6296875 0.0125 0.0140625
1 0.6296875 0.621875 0.0171875 0.0578125
0 0.6265625 0.5984375 0.0078125 0.00625
1 0.63125 0.59375 0.0203125 0.0390625
0 0.6296875 0.58125 0.0046875 0.0046875
1 0.6375 0.6421875 0.0328125 0.05625
0 0.6359375 0.6234375 0.0125 0.015625
1 0.675 0.5953125 0.025 0.0265625
0 0.671875 0.5859375 0.0078125 0.00625
1 0.6734375 0.6234375 0.0171875 0.0703125
0 0.675 0.59375 0.00625 0.00625
1 0.65 0.640625 0.0359375 0.0609375
0 0.65 0.61875 0.0140625 0.0171875
1 0.6859375 0.6328125 0.059375 0.075
0 0.678125 0.640625 0.0203125 0.021875
1 0.6765625 0.6359375 0.0359375 0.0703125
0 0.6671875 0.61875 0.015625 0.01875
1 0.7015625 0.628125 0.0171875 0.05625
0 0.7015625 0.6046875 0.00625 0.00625
1 0.7140625 0.603125 0.0171875 0.0171875
0 0.7125 0.596875 0.003125 0.003125
1 0.715625 0.625 0.0140625 0.0515625
0 0.715625 0.603125 0.0046875 0.0046875
1 0.721875 0.6296875 0.0125 0.0515625
0 0.721875 0.6078125 0.00625 0.0046875
1 0.7328125 0.6375 0.040625 0.0671875
0 0.7328125 0.6125 0.0109375 0.0125
1 0.765625 0.6453125 0.0359375 0.0515625
0 0.7671875 0.6296875 0.0125 0.0140625
1 0.7921875 0.6359375 0.0375 0.0703125
0 0.78125 0.609375 0.009375 0.0125
1 0.796875 0.6265625 0.0546875 0.0875
0 0.7828125 0.653125 0.021875 0.021875
1 0 0.3265625 0 0
0 0.8 0.609375 0.009375 0.009375
1 0.81875 0.6359375 0.021875 0.0671875
0 0.8203125 0.6078125 0.0078125 0.0078125
1 0.8265625 0.6390625 0.0265625 0.0640625
0 0.8265625 0.6140625 0.0125 0.0125
1 0.8828125 0.640625 0.0265625 0.0578125
0 0.88125 0.6203125 0.0125 0.0109375
1 0.884375 0.6265625 0.025 0.0796875
0 0.8859375 0.59375 0.0109375 0.009375
1 0.9125 0.628125 0.021875 0.0796875
0 0.909375 0.59375 0.009375 0.0109375
1 0.91875 0.6390625 0.053125 0.0640625
0 0.9171875 0.621875 0.0125 0.0125
1 0.921875 0.63125 0.0453125 0.0765625
0 0.9265625 0.65 0.015625 0.0203125
1 0.9390625 0.64375 0.0359375 0.053125
0 0.9359375 0.6265625 0.0125 0.0125
1 0.9640625 0.6203125 0.03125 0.08125
0 0.9625 0.5859375 0.009375 0.0078125
1 0.9875 0.61875 0.01875 0.06875
0 0.9890625 0.5890625 0.0078125 0.009375