1 0.1640625 0.603125 0.3234375 0.5375
0 0.171875 0.3890625 0.0875 0.0984375
1 0.4390625 0.5640625 0.196875 0.3609375
0 0.4640625 0.43125 0.05625 0.071875
1 0.3625 0.56875 0.146875 0.340625
0 0.3671875 0.4328125 0.0515625 0.0609375
1 0.709375 0.4875 0.08125 0.13125
0 0.684375 0.4390625 0.021875 0.021875
1 0.7375 0.4546875 0.0515625 0.0984375
0 0.74375 0.421875 0.0140625 0.021875
1 0.771875 0.4453125 0.0421875 0.0796875
0 0.775 0.41875 0.0140625 0.0125
1 0.825 0.459375 0.0515625 0.13125
0 0.81875 0.4046875 0.0140625 0.0203125
1 0.875 0.4453125 0.0375 0.1
0 0.871875 0.4046875 0.0140625 0.0140625
1 0.8546875 0.440625 0.034375 0.0890625
0 0.8515625 0.4078125 0.0125 0.0140625