1 0.9671875 0.6921875 0.0578125 0.09375
0 0.9625 0.65625 0.0125 0.0125
1 0.9328125 0.6890625 0.0671875 0.0859375
0 0.921875 0.6578125 0.015625 0.015625
1 0.878125 0.690625 0.053125 0.0765625
0 0.8703125 0.6609375 0.015625 0.0125
1 0.7953125 0.6859375 0.046875 0.0671875
0 0.7921875 0.6625 0.0140625 0.0140625
1 0.771875 0.6859375 0.040625 0.065625
0 0.76875 0.6640625 0.015625 0.0140625
1 0.7375 0.690625 0.053125 0.0671875
0 0.7359375 0.6640625 0.0125 0.0125
1 0.715625 0.6890625 0.0328125 0.0609375
0 0.7125 0.66875 0.0125 0.0125
1 0.684375 0.6890625 0.046875 0.0625
0 0.6859375 0.6640625 0.0078125 0.009375
1 0.6234375 0.68125 0.0265625 0.04375
0 0.6203125 0.665625 0.00625 0.00625
1 0.5578125 0.68125 0.01875 0.0375
0 0.5578125 0.665625 0.0046875 0.0046875
1 0.521875 0.678125 0.0234375 0.0375
0 0.5203125 0.6625 0.0046875 0.0046875
1 0.50625 0.678125 0.015625 0.0375
0 0.50625 0.6625 0.0046875 0.0046875
1 0.3265625 0.6703125 0.0109375 0.0203125
0 0.3265625 0.6640625 0.0046875 0.0046875