1 0.3828125 0.65625 0.1796875 0.34375
0 0.3796875 0.5171875 0.034375 0.0484375
1 0.4546875 0.6578125 0.1625 0.3296875
0 0.459375 0.51875 0.0328125 0.0421875
1 0.521875 0.6765625 0.146875 0.3
0 0.5140625 0.5515625 0.0328125 0.04375
1 0.5984375 0.659375 0.1421875 0.3359375
0 0.596875 0.51875 0.034375 0.05
1 0.796875 0.546875 0.003125 0.009375
0 0.796875 0.54375 0 0
1 0.8078125 0.546875 0.003125 0.009375
0 0.8078125 0.54375 0 0.0015625
1 0.734375 0.5484375 0.003125 0.0078125
0 0.7328125 0.546875 0 0.0015625
1 0.7296875 0.5484375 0.003125 0.00625
0 0.7296875 0.546875 0 0
1 0.7546875 0.60625 0.015625 0.0390625
0 0.7546875 0.590625 0.0046875 0.0046875
1 0.790625 0.615625 0.0125 0.0234375
0 0.7890625 0.60625 0.003125 0.0046875
1 0.8125 0.60625 0.015625 0.040625
0 0.8140625 0.590625 0.0046875 0.0046875
1 0.8375 0.6078125 0.0140625 0.0421875
0 0.8359375 0.590625 0.003125 0.0046875
1 0.859375 0.6125 0.0203125 0.0546875
0 0.8640625 0.5890625 0.0046875 0.00625
1 0.8734375 0.6125 0.015625 0.053125
0 0.8734375 0.590625 0.00625 0.0078125
1 0.878125 0.609375 0.0265625 0.0609375
0 0.8765625 0.5859375 0.00625 0.009375
1 0.8953125 0.6046875 0.0109375 0.028125
0 0.89375 0.59375 0.003125 0.0046875
1 0.89375 0.603125 0.0078125 0.0296875
0 0.89375 0.590625 0.003125 0.003125
1 0.9625 0.6109375 0.025 0.0640625
0 0.9640625 0.584375 0.0078125 0.0078125
1 0.103125 0.615625 0.0125 0.0453125
0 0.1046875 0.5984375 0.00625 0.00625
1 0.2296875 0.5453125 0.0046875 0.0109375
0 0.2296875 0.540625 0.0015625 0.0015625
1 0.203125 0.60625 0.015625 0.0421875
0 0.2015625 0.5890625 0.0046875 0.0046875
1 0.1921875 0.60625 0.0140625 0.04375
0 0.1921875 0.5890625 0.00625 0.00625
1 0.1828125 0.60625 0.0140625 0.0421875
0 0.184375 0.590625 0.0046875 0.00625
1 0.1796875 0.6140625 0.0109375 0.04375
0 0.178125 0.596875 0.003125 0.0046875
1 0.1296875 0.6078125 0.0203125 0.0625
0 0.13125 0.58125 0.0078125 0.0078125
1 0.01875 0.5859375 0.0046875 0.0140625
0 0.0203125 0.58125 0.0015625 0.0015625
1 0.1109375 0.6078125 0.015625 0.04375
0 0.1109375 0.590625 0.0046875 0.00625
1 0.1109375 0.6078125 0.0140625 0.040625
0 0.1109375 0.590625 0.0046875 0.00625