1 0.946875 0.628125 0.0640625 0.146875
0 0.9328125 0.5640625 0.0203125 0.0203125
1 0.934375 0.5953125 0.059375 0.1296875
0 0.928125 0.5421875 0.015625 0.01875
1 0.83125 0.5609375 0.0140625 0.0453125
0 0.8296875 0.5421875 0.00625 0.00625
1 0.809375 0.5578125 0.0125 0.0421875
0 0.8109375 0.540625 0.0046875 0.0046875
1 0.7625 0.5578125 0.0140625 0.05
0 0.7609375 0.5375 0.00625 0.00625
1 0.75625 0.5640625 0.021875 0.0453125
0 0.75625 0.546875 0.00625 0.0078125
1 0.746875 0.559375 0.0140625 0.04375
0 0.746875 0.54375 0.00625 0.0046875
1 0.7171875 0.5984375 0.059375 0.146875
0 0.7234375 0.5375 0.0171875 0.021875
1 0.6921875 0.553125 0.0171875 0.0453125
0 0.69375 0.5390625 0.00625 0.0078125
1 0.646875 0.68125 0.10625 0.2328125
0 0.6453125 0.59375 0.0390625 0.046875
1 0.634375 0.6046875 0.046875 0.13125
0 0.6265625 0.5515625 0.01875 0.0203125
1 0.6125 0.6015625 0.0453125 0.1296875
0 0.621875 0.55 0.0171875 0.0203125
1 0.546875 0.6640625 0.1578125 0.2671875
0 0.546875 0.6078125 0.0640625 0.0828125
1 0.525 0.5890625 0.0515625 0.1296875
0 0.5265625 0.5359375 0.0140625 0.0171875
1 0.4875 0.559375 0.025 0.046875
0 0.4875 0.540625 0.0046875 0.00625
1 0.471875 0.5546875 0.01875 0.0453125
0 0.475 0.5390625 0.00625 0.0046875
1 0.4203125 0.5765625 0.0375 0.0890625
0 0.415625 0.540625 0.0125 0.0125
1 0.4578125 0.6578125 0.0734375 0.1734375
0 0.4546875 0.5859375 0.01875 0.0203125
1 0.4765625 0.6453125 0.05 0.165625
0 0.4734375 0.578125 0.021875 0.021875
1 0.453125 0.6328125 0.05625 0.165625
0 0.4515625 0.5640625 0.01875 0.021875
1 0.3671875 0.56875 0.0390625 0.1015625
0 0.3671875 0.528125 0.0140625 0.0171875
1 0.3265625 0.54375 0.0140625 0.0390625
0 0.3265625 0.528125 0.0046875 0.003125
1 0.334375 0.5453125 0.0125 0.0375
0 0.3328125 0.5296875 0.0046875 0.0046875
1 0.353125 0.54375 0.0125 0.040625
0 0.353125 0.53125 0.0078125 0.0078125
1 0.3109375 0.546875 0.0125 0.040625
0 0.3109375 0.53125 0.0046875 0.0046875
1 0.303125 0.5453125 0.0140625 0.0421875
0 0.303125 0.5296875 0.0046875 0.003125
1 0.290625 0.559375 0.01875 0.046875
0 0.2890625 0.540625 0.00625 0.0078125
1 0.271875 0.55625 0.015625 0.0546875
0 0.271875 0.5328125 0.00625 0.0078125
1 0.2140625 0.5390625 0.0171875 0.040625
0 0.2140625 0.521875 0.0046875 0.0046875
1 0.365625 0.6609375 0.09375 0.2140625
0 0.3609375 0.5765625 0.034375 0.034375
1 0.3453125 0.665625 0.1890625 0.2625
0 0.334375 0.6171875 0.06875 0.0796875
1 0.2453125 0.65 0.08125 0.228125
0 0.24375 0.5515625 0.0265625 0.0234375
1 0.1515625 0.5390625 0.0171875 0.040625
0 0.1546875 0.521875 0.00625 0.0046875
1 0.1734375 0.665625 0.13125 0.2625
0 0.1875 0.565625 0.0375 0.046875
1 0.1703125 0.6640625 0.0640625 0.2015625
0 0.1640625 0.58125 0.025 0.03125
1 0.134375 0.65 0.0546875 0.175
0 0.13125 0.5796875 0.021875 0.028125
1 0.0734375 0.66875 0.134375 0.25625
0 0.08125 0.56875 0.0375 0.04375
1 0.021875 0.6765625 0.0421875 0.2421875
0 0.0078125 0.5703125 0.0140625 0.0265625
1 0.0359375 0.6390625 0.05 0.1890625
0 0.0265625 0.5625 0.028125 0.034375
1 0.05625 0.559375 0.0171875 0.05625
0 0.05625 0.5375 0.00625 0.0046875
1 0.06875 0.5609375 0.01875 0.0546875
0 0.06875 0.5359375 0.00625 0.00625
1 0.08125 0.5515625 0.015625 0.053125
0 0.08125 0.5296875 0.00625 0.00625
1 0.1046875 0.6046875 0.0375 0.1234375
0 0.10625 0.5546875 0.0140625 0.0125