1 0.5890625 0.6359375 0.0828125 0.1328125
0 0.5921875 0.5859375 0.0234375 0.0234375
1 0.5203125 0.63125 0.0671875 0.2109375
0 0.515625 0.5421875 0.0265625 0.0265625
1 0.490625 0.6359375 0.0859375 0.2546875
0 0.4828125 0.5265625 0.0265625 0.0296875
1 0.4109375 0.65 0.084375 0.215625
0 0.4140625 0.559375 0.0234375 0.0234375
1 0.378125 0.6109375 0.0640625 0.15625
0 0.3765625 0.5453125 0.01875 0.0203125
1 0.3109375 0.6171875 0.0703125 0.1578125
0 0.3171875 0.55625 0.025 0.0265625
1 0.2578125 0.5859375 0.0265625 0.0796875
0 0.25625 0.55625 0.0109375 0.0125
1 0.225 0.5875 0.034375 0.0765625
0 0.225 0.55625 0.009375 0.0109375
1 0.178125 0.6234375 0.0671875 0.153125
0 0.18125 0.559375 0.0203125 0.01875
1 0.10625 0.6296875 0.0671875 0.159375
0 0.1140625 0.5625 0.021875 0.0203125
1 0.15 0.590625 0.0328125 0.0890625
0 0.15 0.5546875 0.0109375 0.0109375
1 0.1984375 0.5859375 0.0265625 0.078125
0 0.196875 0.5546875 0.009375 0.009375
1 0.1234375 0.5921875 0.0296875 0.084375
0 0.1234375 0.55625 0.009375 0.0109375
1 0.090625 0.5875 0.028125 0.0765625
0 0.0921875 0.559375 0.009375 0.0109375
1 0.0359375 0.6328125 0.0671875 0.1640625
0 0.0359375 0.5640625 0.021875 0.0203125
1 0.0515625 0.5953125 0.034375 0.1078125
0 0.0515625 0.5546875 0.0125 0.015625
1 0.0140625 0.584375 0.0234375 0.1
0 0.0125 0.5484375 0.01875 0.0203125