1 0.9625 0.7421875 0.0515625 0.1265625
0 0.959375 0.690625 0.015625 0.01875
1 0 0.165625 0 0
0 0.9765625 0.69375 0.0140625 0.0171875
1 0.9875 0.721875 0.01875 0.09375
0 0.9859375 0.68125 0.009375 0.009375
1 0.975 0.73125 0.03125 0.109375
0 0.9765625 0.6890625 0.0171875 0.0203125
1 0.95 0.7359375 0.0328125 0.10625
0 0.9484375 0.6921875 0.0125 0.0125
1 0.9296875 0.7234375 0.0296875 0.09375
0 0.9328125 0.6875 0.009375 0.015625
1 0.8984375 0.7421875 0.0421875 0.1140625
0 0.9 0.69375 0.015625 0.0171875
1 0.8921875 0.7296875 0.0328125 0.1203125
0 0.89375 0.6828125 0.015625 0.0171875
1 0.90625 0.7234375 0.025 0.0984375
0 0.9046875 0.6859375 0.015625 0.0125
1 0.8453125 0.734375 0.040625 0.121875
0 0.8484375 0.6859375 0.0125 0.0125
1 0.8203125 0.7296875 0.03125 0.103125
0 0.8203125 0.690625 0.0125 0.0125
1 0.8078125 0.73125 0.0359375 0.0953125
0 0.8015625 0.6921875 0.0125 0.0125
1 0.7859375 0.7359375 0.046875 0.11875
0 0.784375 0.6890625 0.0125 0.0125
1 0.7765625 0.728125 0.0296875 0.10625
0 0.778125 0.6859375 0.0140625 0.015625
1 0.7375 0.728125 0.034375 0.1109375
0 0.7390625 0.684375 0.015625 0.01875
1 0.728125 0.7203125 0.025 0.115625
0 0.73125 0.6734375 0.0125 0.0171875
1 0.7140625 0.7296875 0.025 0.109375
0 0.7140625 0.6875 0.0125 0.0140625
1 0.703125 0.728125 0.040625 0.11875
0 0.7015625 0.68125 0.0140625 0.015625
1 0.696875 0.7359375 0.040625 0.1140625
0 0.6921875 0.690625 0.015625 0.0171875
1 0.6765625 0.725 0.03125 0.10625
0 0.6765625 0.68125 0.0125 0.0140625
1 0.65625 0.7328125 0.0375 0.121875
0 0.6625 0.6828125 0.015625 0.0171875
1 0.64375 0.728125 0.0296875 0.1015625
0 0.646875 0.6875 0.0125 0.0140625
1 0.615625 0.7390625 0.0375 0.1265625
0 0.615625 0.6875 0.015625 0.0171875
1 0.615625 0.73125 0.0390625 0.1171875
0 0.6140625 0.68125 0.0125 0.0171875
1 0.628125 0.728125 0.025 0.1
0 0.6328125 0.6890625 0.0140625 0.015625
1 0.578125 0.75625 0.046875 0.1265625
0 0.578125 0.7046875 0.015625 0.0203125
1 0.578125 0.740625 0.0453125 0.1296875
0 0.575 0.6875 0.015625 0.015625
1 0.5453125 0.728125 0.040625 0.1171875
0 0.553125 0.68125 0.0140625 0.015625
1 0.49375 0.7359375 0.046875 0.103125
0 0.49375 0.690625 0.0125 0.0109375
1 0.4453125 0.74375 0.040625 0.1296875
0 0.4453125 0.6890625 0.0125 0.0125
1 0.4203125 0.728125 0.0328125 0.1078125
0 0.4203125 0.684375 0.0125 0.015625
1 0.4078125 0.740625 0.04375 0.1453125
0 0.4140625 0.6796875 0.01875 0.01875
1 0.3828125 0.7328125 0.04375 0.1296875
0 0.3828125 0.678125 0.0125 0.015625
1 0.3515625 0.7515625 0.071875 0.159375
0 0.3515625 0.6859375 0.021875 0.025
1 0.309375 0.734375 0.046875 0.125
0 0.309375 0.684375 0.0125 0.0125
1 0.234375 0.7515625 0.0515625 0.1421875
0 0.2390625 0.69375 0.0171875 0.0171875
1 0.24375 0.73125 0.0421875 0.13125
0 0.25 0.6796875 0.0171875 0.0203125
1 0.209375 0.7359375 0.0390625 0.1234375
0 0.2125 0.6828125 0.0125 0.0125
1 0.1703125 0.740625 0.0546875 0.134375
0 0.1796875 0.684375 0.0125 0.015625
1 0.178125 0.73125 0.0390625 0.1234375
0 0.178125 0.6796875 0.0140625 0.015625
1 0.15 0.7359375 0.0546875 0.1078125
0 0.1546875 0.69375 0.009375 0.0125
1 0.06875 0.740625 0.0546875 0.1328125
0 0.0765625 0.684375 0.0171875 0.015625
1 0.0796875 0.734375 0.046875 0.11875
0 0.09375 0.684375 0.015625 0.015625
1 0.0890625 0.7265625 0.0328125 0.125
0 0.0921875 0.675 0.0140625 0.015625
1 0.01875 0.73125 0.0328125 0.11875
0 0.0203125 0.6828125 0.0171875 0.0171875