1 0.95625 0.5984375 0.08125 0.54375
0 0.9796875 0.3609375 0.0328125 0.059375
1 0.934375 0.4625 0.121875 0.36875
0 0.9703125 0.3234375 0.0515625 0.0828125
1 0.85 0.546875 0.18125 0.5640625
0 0.88125 0.303125 0.059375 0.0765625
1 0.784375 0.453125 0.1625 0.3828125
0 0.796875 0.3046875 0.053125 0.078125
1 0.6453125 0.575 0.1703125 0.4625
0 0.6796875 0.39375 0.0546875 0.0859375
1 0.646875 0.44375 0.1734375 0.3234375
0 0.6234375 0.31875 0.04375 0.059375
1 0.540625 0.446875 0.1046875 0.328125
0 0.5390625 0.3109375 0.0390625 0.05
1 0.5140625 0.5171875 0.153125 0.5
0 0.5328125 0.3046875 0.0578125 0.065625
1 0.459375 0.5 0.1109375 0.365625
0 0.4625 0.3484375 0.046875 0.0546875
1 0.4203125 0.696875 0.2171875 0.346875
0 0.4015625 0.5765625 0.06875 0.0921875
1 0.4015625 0.6359375 0.1453125 0.3
0 0.3953125 0.534375 0.046875 0.0546875
1 0.3875 0.496875 0.1140625 0.35
0 0.3921875 0.3578125 0.0421875 0.0546875
1 0.3109375 0.609375 0.1671875 0.3546875
0 0.31875 0.475 0.0546875 0.071875
1 0.1890625 0.63125 0.1828125 0.3390625
0 0.1890625 0.5046875 0.05625 0.0765625
1 0.290625 0.4859375 0.1515625 0.3296875
0 0.2953125 0.35625 0.0421875 0.0578125
1 0.1546875 0.521875 0.1421875 0.428125
0 0.1703125 0.346875 0.05625 0.059375
1 0.7828125 0.6109375 0.1734375 0.521875
0 0.81875 0.3984375 0.0734375 0.0875