1 0.975 0.759375 0.0453125 0.1421875
0 0.990625 0.7765625 0.0140625 0.0375
1 0.9109375 0.7828125 0.06875 0.09375
0 0.9078125 0.8171875 0.0359375 0.0265625
1 0.834375 0.7671875 0.0875 0.1265625
0 0.8375 0.759375 0.03125 0.0328125
1 0.7203125 0.7234375 0.0375 0.1078125
0 0.71875 0.6765625 0.0125 0.0125
1 0.7125 0.69375 0.021875 0.0453125
0 0.7078125 0.678125 0.009375 0.0109375
1 0.6828125 0.71875 0.0453125 0.121875
0 0.6828125 0.66875 0.0125 0.0171875
1 0.6421875 0.7359375 0.053125 0.13125
0 0.6453125 0.6796875 0.015625 0.0171875
1 0.60625 0.73125 0.040625 0.125
0 0.6046875 0.678125 0.0140625 0.0171875
1 0.5890625 0.7296875 0.0234375 0.096875
0 0.5875 0.690625 0.0109375 0.0109375
1 0.5703125 0.7359375 0.03125 0.1125
0 0.571875 0.6890625 0.0140625 0.0171875
1 0.578125 0.7109375 0.021875 0.0859375
0 0.5765625 0.6765625 0.0140625 0.015625
1 0.5734375 0.7015625 0.025 0.071875
0 0.5734375 0.671875 0.009375 0.0109375
1 0.578125 0.65 0.015625 0.0328125
0 0.5765625 0.6359375 0.003125 0.003125
1 0.553125 0.6484375 0.0125 0.0359375
0 0.553125 0.634375 0.0046875 0.0046875
1 0.5578125 0.64375 0.009375 0.025
0 0.5578125 0.634375 0.003125 0.003125
1 0.525 0.640625 0.009375 0.0296875
0 0.5234375 0.6296875 0.003125 0.003125
1 0.5265625 0.6328125 0.0078125 0.021875
0 0.5265625 0.6234375 0.003125 0.003125
1 0.53125 0.63125 0.0078125 0.0203125
0 0.53125 0.6234375 0.003125 0.003125
1 0.5171875 0.634375 0.0109375 0.025
0 0.5171875 0.6234375 0.0015625 0.003125
1 0.503125 0.640625 0.009375 0.028125
0 0.503125 0.6296875 0.003125 0.003125
1 0.45625 0.6546875 0.015625 0.0421875
0 0.45625 0.6390625 0.0046875 0.0046875
1 0.434375 0.6546875 0.015625 0.04375
0 0.4359375 0.6375 0.003125 0.00625
1 0.4328125 0.6546875 0.0125 0.040625
0 0.434375 0.6390625 0.0046875 0.0046875
1 0.434375 0.6390625 0.009375 0.028125
0 0.434375 0.628125 0.003125 0.0046875
1 0.4484375 0.6375 0.0078125 0.028125
0 0.45 0.6265625 0.003125 0.003125
1 0.465625 0.640625 0.009375 0.0296875
0 0.4640625 0.6265625 0.003125 0.003125
1 0.471875 0.640625 0.009375 0.028125
0 0.4734375 0.6296875 0.003125 0.003125
1 0.4671875 0.634375 0.0078125 0.021875
0 0.46875 0.6265625 0.0015625 0.003125
1 0.484375 0.6359375 0.0109375 0.0171875
0 0.4796875 0.6296875 0.003125 0.003125
1 0.4953125 0.634375 0.0078125 0.021875
0 0.49375 0.625 0.0015625 0.0015625
1 0.50625 0.6328125 0.0078125 0.0203125
0 0.50625 0.625 0.003125 0.003125
1 0.3359375 0.7296875 0.05 0.1328125
0 0.3359375 0.6765625 0.0125 0.015625
1 0.475 0.6328125 0.0078125 0.0234375
0 0.475 0.6234375 0.003125 0.003125