1 0.04375 0.59375 0.015625 0.0265625
0 0.0453125 0.58125 0.0046875 0.0046875
1 0.075 0.59375 0.015625 0.0234375
0 0.08125 0.584375 0.003125 0.003125
1 0.134375 0.5890625 0.009375 0.0265625
0 0.1359375 0.578125 0.003125 0.0046875
1 0.153125 0.5859375 0.015625 0.0265625
0 0.153125 0.5765625 0.003125 0.003125
1 0.165625 0.584375 0.0140625 0.0296875
0 0.165625 0.5765625 0.003125 0.003125
1 0.1640625 0.5859375 0.0125 0.0265625
0 0.165625 0.575 0.003125 0.003125
1 0.18125 0.5859375 0.0140625 0.0234375
0 0.18125 0.578125 0.003125 0.003125
1 0.1859375 0.5859375 0.0140625 0.0234375
0 0.1875 0.5765625 0.003125 0.003125
1 0.2203125 0.5828125 0.0109375 0.0265625
0 0.221875 0.571875 0.003125 0.003125
1 0.3765625 0.5734375 0.00625 0.0140625
0 0.3765625 0.5734375 0.00625 0.0140625
1 0.540625 0.571875 0.0078125 0.015625
0 0.540625 0.5671875 0.003125 0.003125
1 0.5640625 0.56875 0.00625 0.0171875
0 0.5640625 0.5640625 0.003125 0.003125
1 0.56875 0.5703125 0.00625 0.015625
0 0.56875 0.565625 0.0015625 0.0015625
1 0.578125 0.571875 0.00625 0.0171875
0 0.5796875 0.565625 0.003125 0.003125
1 0.5890625 0.571875 0.0078125 0.0171875
0 0.590625 0.565625 0.003125 0.003125
1 0.684375 0.55 0.009375 0.0125
0 0.6859375 0.5453125 0.0015625 0.0015625
1 0.7765625 0.5390625 0.00625 0.0171875
0 0.778125 0.5328125 0.003125 0.0015625
1 0.4609375 0.5640625 0.009375 0.0203125
0 0.4609375 0.55625 0.003125 0.003125