1 0.959375 0.8453125 0.0171875 0.0390625
0 0.959375 0.828125 0.0046875 0.0046875
1 0.9625 0.821875 0.0171875 0.0375
0 0.959375 0.80625 0.0046875 0.0046875
1 0.9421875 0.8203125 0.015625 0.034375
0 0.94375 0.80625 0.0046875 0.0046875
1 0.89375 0.7921875 0.0125 0.0265625
0 0.89375 0.78125 0.0046875 0.003125
1 0.88125 0.7875 0.0109375 0.01875
0 0.88125 0.7796875 0.003125 0.003125
1 0.5640625 0.7875 0.01875 0.034375
0 0.5625 0.7734375 0.003125 0.0046875
1 0.50625 0.7640625 0.0109375 0.0234375
0 0.5046875 0.753125 0.003125 0.003125
1 0.490625 0.7625 0.0109375 0.0265625
0 0.49375 0.7515625 0.003125 0.003125
1 0.496875 0.7375 0.0109375 0.028125
0 0.4953125 0.725 0.003125 0.003125
1 0.4859375 0.7390625 0.0109375 0.0265625
0 0.484375 0.728125 0.003125 0.003125
1 0.2390625 0.7875 0.0140625 0.034375
0 0.2390625 0.771875 0.003125 0.0046875
1 0.23125 0.7734375 0.0140625 0.03125
0 0.23125 0.7609375 0.003125 0.003125
1 0.01875 0.8609375 0.0125 0.0234375
0 0.0234375 0.8515625 0.0046875 0.0046875
1 0.0203125 0.8578125 0.0109375 0.028125
0 0.0203125 0.846875 0.003125 0.0046875
1 0.0640625 0.7359375 0.0140625 0.021875
0 0.0640625 0.728125 0.003125 0.0046875
1 0.053125 0.734375 0.0078125 0.021875
0 0.053125 0.7265625 0.003125 0.003125
1 0.015625 0.734375 0.0140625 0.0234375
0 0.01875 0.7234375 0.003125 0.003125
1 0.00625 0.7328125 0.0109375 0.0234375
0 0.003125 0.725 0.003125 0.003125
1 0.825 0.7140625 0.015625 0.0140625
0 0.8234375 0.709375 0.003125 0.003125
1 0.8140625 0.7140625 0.0078125 0.0140625
0 0.8125 0.709375 0.003125 0.003125
1 0.69375 0.71875 0.0171875 0.021875
0 0.6921875 0.7109375 0.003125 0.003125
1 0.675 0.7203125 0.0265625 0.009375
0 0.6859375 0.7203125 0.003125 0.003125
1 0.99375 0.6984375 0.0078125 0.01875
0 0.9953125 0.690625 0.0015625 0.003125
1 0.9859375 0.6921875 0.0109375 0.0296875
0 0.9875 0.6796875 0.003125 0.003125
1 0.98125 0.6921875 0.009375 0.0265625
0 0.9828125 0.68125 0.003125 0.003125
1 0.334375 0.7234375 0.0078125 0.03125
0 0.334375 0.7109375 0.003125 0.003125
1 0.303125 0.7265625 0.009375 0.0171875
0 0.3046875 0.71875 0.0015625 0.0015625
1 0.2578125 0.7 0.0125 0.01875
0 0.2578125 0.6921875 0.0015625 0.0015625
1 0.253125 0.696875 0.0109375 0.0171875
0 0.253125 0.690625 0.003125 0.003125
1 0.221875 0.66875 0.009375 0.0234375
0 0.221875 0.659375 0.003125 0.003125
1 0.2125 0.6703125 0.009375 0.021875
0 0.2125 0.6609375 0.0015625 0.0015625
1 0.2125 0.6578125 0.0125 0.0171875
0 0.2140625 0.6515625 0.003125 0.003125
1 0.16875 0.65625 0.0109375 0.0140625
0 0.1703125 0.65 0.003125 0.003125
1 0.1640625 0.6515625 0.0109375 0.0140625
0 0.1640625 0.6453125 0.0015625 0.0015625
1 0.003125 0.665625 0.00625 0.0203125
0 0.0015625 0.6578125 0.0015625 0.003125
1 0.0203125 0.6671875 0.0109375 0.021875
0 0.01875 0.6578125 0.0015625 0.003125
1 0.0328125 0.671875 0.009375 0.0125
0 0.034375 0.6671875 0.0015625 0.0015625
1 0.14375 0.6265625 0.0078125 0.0203125
0 0.1421875 0.6171875 0.0015625 0.0015625
1 0.115625 0.61875 0.0109375 0.0140625
0 0.1140625 0.6125 0.0015625 0.0015625
1 0.2453125 0.6359375 0.00625 0.0125
0 0.24375 0.63125 0.0015625 0.0015625
1 0.253125 0.6359375 0.00625 0.0109375
0 0.253125 0.63125 0.0015625 0.0015625
1 0.259375 0.63125 0.00625 0.0125
0 0.259375 0.6265625 0.0015625 0.0015625
1 0.2859375 0.6328125 0.00625 0.0125
0 0.2875 0.628125 0.0015625 0.0015625
1 0.2 0.6296875 0.0078125 0.0125
0 0.1984375 0.625 0.0015625 0.0015625
1 0.2078125 0.61875 0.0078125 0.01875
0 0.2078125 0.6109375 0.0015625 0.0015625
1 0.215625 0.6265625 0.0078125 0.0125
0 0.215625 0.621875 0.0015625 0.0015625
1 0.246875 0.5984375 0.009375 0.0171875
0 0.2453125 0.590625 0.0015625 0.0015625
1 0.2703125 0.6125 0.00625 0.0109375
0 0.26875 0.6078125 0.0015625 0.0015625
1 0.2875 0.6078125 0.003125 0.0109375
0 0.2875 0.603125 0.0015625 0.0015625
1 0.296875 0.603125 0.0046875 0.0140625
0 0.296875 0.596875 0.0015625 0.0015625
1 0.3015625 0.603125 0.00625 0.0125
0 0.3015625 0.6 0.0015625 0.0015625
1 0.2890625 0.596875 0.00625 0.015625
0 0.2890625 0.5921875 0.0015625 0.0015625
1 0.284375 0.596875 0.00625 0.015625
0 0.2859375 0.5921875 0.0015625 0.003125
1 0.3015625 0.5890625 0.0046875 0.015625
0 0.3 0.5828125 0.0015625 0.0015625
1 0.3234375 0.5859375 0.0046875 0.015625
0 0.3234375 0.5796875 0.0015625 0.0015625
1 0.346875 0.5890625 0.0046875 0.0125
0 0.3453125 0.5828125 0 0.0015625
1 0.3734375 0.5796875 0.003125 0.0125
0 0.371875 0.5734375 0.0015625 0.0015625
1 0.378125 0.5796875 0.0046875 0.0140625
0 0.378125 0.5734375 0 0.0015625
1 0.3734375 0.578125 0.0046875 0.015625
0 0.3734375 0.571875 0.0015625 0.0015625
1 0.3859375 0.5828125 0.003125 0.0125
0 0.3859375 0.578125 0 0.0015625
1 0.39375 0.58125 0.0046875 0.015625
0 0.39375 0.5734375 0.0015625 0.0015625
1 0.31875 0.63125 0.0078125 0.0125
0 0.31875 0.6265625 0.0015625 0.0015625
1 0.3953125 0.5421875 0.0046875 0.0125
0 0.3953125 0.5375 0 0.0015625
1 0.403125 0.5375 0.0046875 0.0109375
0 0.403125 0.5328125 0.0015625 0.0015625
1 0.390625 0.5375 0.0046875 0.0109375
0 0.3921875 0.5328125 0 0
1 0.38125 0.5375 0.0046875 0.0109375
0 0.38125 0.53125 0 0.0015625
1 0.371875 0.5359375 0.0046875 0.0125
0 0.371875 0.53125 0.0015625 0.0015625
1 0.428125 0.5265625 0.003125 0.0109375
0 0.428125 0.5234375 0 0.0015625
1 0.4109375 0.528125 0.0046875 0.0109375
0 0.4109375 0.5234375 0 0.0015625
1 0.4078125 0.5265625 0.003125 0.0125
0 0.4078125 0.5203125 0.0015625 0.0015625
1 0.396875 0.5140625 0.003125 0.0109375
0 0.396875 0.509375 0.0015625 0.0015625
1 0.4046875 0.5140625 0.003125 0.009375
0 0.40625 0.5109375 0 0.0015625
1 0.4109375 0.5125 0.003125 0.009375
0 0.4125 0.509375 0 0.0015625
1 0.428125 0.5140625 0.003125 0.0109375
0 0.428125 0.5109375 0 0
1 0.3703125 0.50625 0.003125 0.0078125
0 0.3703125 0.503125 0 0
1 0.3671875 0.50625 0.003125 0.0078125
0 0.3671875 0.503125 0 0.0015625
1 0.95625 0.6109375 0.00625 0.01875
0 0.95625 0.603125 0.0015625 0.003125
1 0.946875 0.609375 0.009375 0.01875
0 0.9484375 0.6015625 0.0015625 0.0015625
1 0.9359375 0.6453125 0.009375 0.0203125
0 0.9359375 0.6375 0.0015625 0.0015625
1 0.8734375 0.6390625 0.009375 0.0140625
0 0.8734375 0.634375 0.0015625 0.0015625
1 0.865625 0.6390625 0.009375 0.0140625
0 0.8640625 0.6328125 0.0015625 0.0015625
1 0.846875 0.634375 0.0078125 0.0234375
0 0.846875 0.625 0.003125 0.003125
1 0.8921875 0.61875 0.00625 0.01875
0 0.8921875 0.6109375 0.0015625 0.0015625
1 0.9 0.6140625 0.0046875 0.0171875
0 0.9 0.60625 0.0015625 0.0015625
1 0.9046875 0.6140625 0.00625 0.01875
0 0.9046875 0.60625 0.0015625 0.0015625
1 0.921875 0.603125 0.0078125 0.0171875
0 0.921875 0.5953125 0.0015625 0.0015625
1 0.91875 0.6015625 0.0046875 0.0171875
0 0.91875 0.5953125 0.0015625 0.0015625
1 0.9109375 0.603125 0.0046875 0.01875
0 0.9125 0.5953125 0.0015625 0.0015625
1 0.9046875 0.603125 0.00625 0.015625
0 0.9046875 0.5953125 0.0015625 0.0015625
1 0.865625 0.6125 0.00625 0.01875
0 0.865625 0.6046875 0.0015625 0.0015625
1 0.859375 0.6125 0.0046875 0.0171875
0 0.859375 0.60625 0.0015625 0.0015625
1 0.8390625 0.6171875 0.009375 0.01875
0 0.8390625 0.609375 0.0015625 0.0015625
1 0.8515625 0.609375 0.0046875 0.0171875
0 0.8515625 0.6015625 0.0015625 0.0015625
1 0.8453125 0.6078125 0.00625 0.01875
0 0.84375 0.6 0.0015625 0.003125
1 0.83125 0.6078125 0.00625 0.0203125
0 0.83125 0.5984375 0.0015625 0.0015625
1 0.828125 0.6078125 0.0046875 0.0171875
0 0.828125 0.6015625 0.0015625 0.0015625
1 0.853125 0.6078125 0.0046875 0.0171875
0 0.853125 0.5984375 0.0015625 0.0015625
1 0.9875 0.65625 0.009375 0.0171875
0 0.9890625 0.65 0.003125 0.003125
1 0.9828125 0.6546875 0.0078125 0.01875
0 0.9828125 0.6484375 0.0015625 0.0015625
1 0.971875 0.65 0.0078125 0.01875
0 0.971875 0.6421875 0.0015625 0.0015625
1 0.93125 0.6453125 0.00625 0.0140625
0 0.93125 0.640625 0.0015625 0.0015625
1 0.8875 0.6359375 0.0078125 0.0171875
0 0.8859375 0.6296875 0.0015625 0.0015625
1 0.9171875 0.6328125 0.0078125 0.0125
0 0.915625 0.628125 0.003125 0.0015625
1 0.9265625 0.6296875 0.00625 0.01875
0 0.9265625 0.621875 0.003125 0.003125
1 0.9296875 0.628125 0.00625 0.0171875
0 0.928125 0.6203125 0.0015625 0.003125
1 0.9359375 0.6296875 0.00625 0.0125
0 0.9359375 0.625 0.0015625 0.0015625
1 0.9421875 0.6296875 0.0078125 0.0109375
0 0.940625 0.625 0.0015625 0.0015625
1 0.9515625 0.628125 0.0078125 0.0125
0 0.9515625 0.625 0.0015625 0.0015625
1 0.9953125 0.625 0.0078125 0.0109375
0 0.9953125 0.6203125 0.0015625 0.0015625
1 0.978125 0.628125 0.0078125 0.0109375
0 0.9796875 0.6234375 0.0015625 0.0015625
1 0.98125 0.6265625 0.00625 0.0140625
0 0.98125 0.6203125 0.0015625 0.0015625
1 0.9921875 0.5828125 0.0078125 0.0171875
0 0.99375 0.5765625 0.0015625 0.0015625
1 0.9875 0.5796875 0.0078125 0.0109375
0 0.990625 0.5734375 0.0015625 0.0015625
1 0.9390625 0.565625 0.0046875 0.015625
0 0.9375 0.559375 0.0015625 0.0015625
1 0.9296875 0.565625 0.00625 0.015625
0 0.93125 0.559375 0.0015625 0.0015625
1 0.8703125 0.5875 0.0046875 0.015625
0 0.871875 0.58125 0.0015625 0.0015625
1 0.8734375 0.590625 0.0046875 0.0171875
0 0.875 0.5828125 0.0015625 0.0015625
1 0.88125 0.590625 0.00625 0.0171875
0 0.88125 0.5828125 0.0015625 0.0015625
1 0.875 0.5734375 0.003125 0.009375
0 0.875 0.5703125 0.0015625 0.0015625
1 0.8703125 0.575 0.00625 0.0125
0 0.8703125 0.5703125 0.0015625 0.0015625
1 0.8671875 0.56875 0.003125 0.0125
0 0.865625 0.5625 0.0015625 0.0015625
1 0.8421875 0.559375 0.0046875 0.0125
0 0.8421875 0.553125 0.0015625 0.0015625
1 0.815625 0.553125 0.0046875 0.0125
0 0.815625 0.5484375 0 0.0015625
1 0.8296875 0.578125 0.0046875 0.0171875
0 0.83125 0.571875 0.0015625 0.0015625
1 0.8296875 0.578125 0.0046875 0.015625
0 0.83125 0.571875 0.0015625 0.0015625
1 0.8125 0.578125 0.0046875 0.015625
0 0.8109375 0.571875 0.0015625 0.0015625
1 0.8078125 0.5796875 0.00625 0.0140625
0 0.8078125 0.571875 0.0015625 0.0015625
1 0.984375 0.49375 0.003125 0.009375
0 0.9828125 0.4890625 0 0.0015625
1 0.9796875 0.49375 0.003125 0.0109375
0 0.9796875 0.4890625 0 0
1 0.9625 0.5 0.003125 0.0109375
0 0.9625 0.4953125 0 0.0015625
1 0.9546875 0.4953125 0.003125 0.009375
0 0.9546875 0.490625 0 0
1 0.95 0.4953125 0.003125 0.009375
0 0.95 0.4921875 0 0
1 0.921875 0.5 0.003125 0.0109375
0 0.921875 0.4953125 0 0.0015625
1 0.9015625 0.50625 0.003125 0.0109375
0 0.9015625 0.5015625 0 0
1 0.89375 0.5046875 0.003125 0.0109375
0 0.89375 0.5015625 0 0.0015625
1 0.9109375 0.496875 0.003125 0.009375
0 0.9109375 0.4921875 0 0.0015625
1 0.8953125 0.4921875 0.0015625 0.009375
0 0.8953125 0.4890625 0 0
1 0.89375 0.4984375 0.003125 0.009375
0 0.89375 0.4953125 0.0015625 0.0015625
1 0.8828125 0.490625 0.003125 0.0078125
0 0.8828125 0.4875 0 0.0015625
1 0.86875 0.4875 0.003125 0.00625
0 0.86875 0.484375 0 0
1 0.8515625 0.4875 0.003125 0.009375
0 0.8515625 0.484375 0 0
1 0.84375 0.5 0.003125 0.0078125
0 0.84375 0.496875 0 0
1 0.8203125 0.4875 0.003125 0.0078125
0 0.8203125 0.484375 0 0
1 0.8125 0.4921875 0.003125 0.0078125
0 0.8125 0.4890625 0 0
1 0.80625 0.4953125 0.003125 0.0078125
0 0.8078125 0.4921875 0 0
1 0.7953125 0.4953125 0.003125 0.009375
0 0.7953125 0.4921875 0 0.0015625
1 0.790625 0.4953125 0.003125 0.009375
0 0.790625 0.490625 0 0.0015625
1 0.771875 0.5078125 0.003125 0.0109375
0 0.771875 0.503125 0 0.0015625
1 0.7625 0.5015625 0.003125 0.0078125
0 0.7625 0.496875 0 0
1 0.9640625 0.5390625 0.0046875 0.0125
0 0.9640625 0.5328125 0.0015625 0.0015625