1 0.04375 0.6328125 0.0390625 0.0984375
0 0.04375 0.5953125 0.0109375 0.0140625
1 0.0640625 0.6421875 0.0296875 0.0578125
0 0.065625 0.621875 0.009375 0.0125
1 0.1046875 0.5953125 0.05 0.2328125
0 0.1046875 0.528125 0.0234375 0.03125
1 0.1 0.6109375 0.075 0.271875
0 0.1046875 0.540625 0.028125 0.0359375
1 0.13125 0.559375 0.1109375 0.340625
0 0.1375 0.4734375 0.0390625 0.0484375
1 0.18125 0.496875 0.190625 0.6
0 0.2 0.3375 0.05625 0.0765625
1 0.1921875 0.596875 0.028125 0.0671875
0 0.19375 0.5734375 0.0078125 0.0109375
1 0.1984375 0.6359375 0.0296875 0.0765625
0 0.1953125 0.609375 0.0109375 0.015625
1 0.2640625 0.6359375 0.0203125 0.065625
0 0.26875 0.5953125 0.0078125 0.009375
1 0.275 0.6203125 0.0296875 0.109375
0 0.2734375 0.5796875 0.0125 0.0140625
1 0.3015625 0.6421875 0.0203125 0.0671875
0 0.3015625 0.61875 0.00625 0.009375
1 0.3046875 0.5875 0.05 0.115625
0 0.3015625 0.565625 0.0171875 0.01875
1 0.3203125 0.63125 0.103125 0.15
0 0.3234375 0.571875 0.0203125 0.0234375
1 0.3671875 0.6140625 0.1453125 0.171875
0 0.36875 0.5421875 0.0234375 0.025
1 0.4265625 0.5734375 0.1328125 0.221875
0 0.428125 0.515625 0.028125 0.03125
1 0.346875 0.6328125 0.0296875 0.0828125
0 0.3453125 0.603125 0.0140625 0.0171875
1 0.4546875 0.634375 0.0734375 0.1171875
0 0.4546875 0.5890625 0.0140625 0.0203125
1 0.4625 0.6265625 0.01875 0.08125
0 0.4640625 0.5953125 0.0109375 0.0125
1 0.475 0.628125 0.0109375 0.084375
0 0.475 0.5953125 0.0109375 0.0140625
1 0.4875 0.6234375 0.021875 0.0875
0 0.490625 0.590625 0.0125 0.0140625
1 0.5 0.6234375 0.0578125 0.15
0 0.5078125 0.584375 0.015625 0.0140625
1 0.546875 0.6 0.075 0.1796875
0 0.5515625 0.553125 0.01875 0.0265625
1 0.496875 0.578125 0.25 0.2609375
0 0.4953125 0.4734375 0.0359375 0.0453125
1 0.575 0.64375 0.009375 0.0390625
0 0.56875 0.628125 0.00625 0.00625
1 0.5828125 0.64375 0.01875 0.0375
0 0.58125 0.634375 0.009375 0.0125
1 0.6015625 0.64375 0.021875 0.0328125
0 0.6015625 0.6375 0.0078125 0.0109375
1 0.628125 0.6453125 0.021875 0.0296875
0 0.6265625 0.6375 0.0078125 0.009375
1 0.60625 0.603125 0.0375 0.1140625
0 0.60625 0.5765625 0.0140625 0.0203125
1 0.634375 0.6203125 0.034375 0.078125
0 0.634375 0.5890625 0.009375 0.0109375
1 0.6546875 0.64375 0.0265625 0.034375
0 0.6546875 0.634375 0.0078125 0.0109375
1 0.6671875 0.621875 0.025 0.06875
0 0.66875 0.59375 0.0078125 0.009375
1 0.678125 0.6078125 0.0671875 0.23125
0 0.678125 0.553125 0.0203125 0.021875
1 0.7390625 0.609375 0.05 0.165625
0 0.734375 0.5625 0.021875 0.028125
1 0.7609375 0.61875 0.034375 0.084375
0 0.7578125 0.5875 0.0109375 0.0125
1 0.803125 0.6140625 0.0703125 0.178125
0 0.790625 0.56875 0.0234375 0.0265625
1 0.7921875 0.621875 0.0546875 0.0875
0 0.7921875 0.590625 0.0125 0.0125
1 0.815625 0.621875 0.0203125 0.0671875
0 0.8171875 0.59375 0.0078125 0.009375
1 0.8390625 0.615625 0.028125 0.08125
0 0.8375 0.5828125 0.0109375 0.0140625
1 0.8921875 0.6234375 0.009375 0.0546875
0 0.8921875 0.6015625 0.00625 0.0078125
1 0.90625 0.6265625 0.0234375 0.053125
0 0.9 0.6046875 0.00625 0.00625
1 0.91875 0.628125 0.0171875 0.0515625
0 0.9203125 0.609375 0.0078125 0.009375
1 0.8515625 0.63125 0.1 0.1203125
0 0.8484375 0.58125 0.0125 0.015625
1 0.9484375 0.6265625 0.0984375 0.1375
0 0.95 0.571875 0.0203125 0.025
1 0.9765625 0.621875 0.040625 0.1859375
0 0.9796875 0.55 0.028125 0.0296875
1 0.6765625 0.55 0.215625 0.471875
0 0.665625 0.4171875 0.0421875 0.046875
1 0.875 0.5984375 0.1390625 0.2734375
0 0.8375 0.496875 0.0328125 0.0390625