1 0.834375 0.5359375 0.1375 0.421875
0 0.828125 0.35625 0.0484375 0.0578125
1 0.640625 0.4671875 0.1484375 0.4125
0 0.625 0.35 0.0421875 0.046875
1 0.5390625 0.540625 0.140625 0.4484375
0 0.521875 0.3453125 0.04375 0.0515625
1 0.4625 0.48125 0.121875 0.28125
0 0.4546875 0.359375 0.0296875 0.034375
1 0.3140625 0.55625 0.153125 0.309375
0 0.3390625 0.4578125 0.0390625 0.040625
1 0.2734375 0.4921875 0.1546875 0.3015625
0 0.2421875 0.3796875 0.034375 0.040625
1 0.1890625 0.4859375 0.0734375 0.221875
0 0.1859375 0.39375 0.0234375 0.03125
1 0.30625 0.471875 0.065625 0.20625
0 0.309375 0.384375 0.028125 0.028125