1 0.009375 0.5734375 0.0171875 0.084375
0 0.009375 0.5390625 0.0125 0.0109375
1 0.0171875 0.5703125 0.03125 0.0890625
0 0.0171875 0.5359375 0.0125 0.0140625
1 0.046875 0.559375 0.0171875 0.0453125
0 0.0484375 0.540625 0.00625 0.00625
1 0.0796875 0.559375 0.0140625 0.040625
0 0.08125 0.54375 0.00625 0.00625
1 0.0921875 0.5546875 0.0171875 0.0453125
0 0.0953125 0.5359375 0.00625 0.00625
1 0.103125 0.5625 0.0265625 0.0328125
0 0.10625 0.5515625 0.00625 0.00625
1 0.1046875 0.5578125 0.015625 0.0375
0 0.10625 0.54375 0.00625 0.00625
1 0.1125 0.5578125 0.0140625 0.034375
0 0.1125 0.54375 0.0046875 0.0046875
1 0.13125 0.553125 0.0125 0.0421875
0 0.13125 0.5359375 0.00625 0.00625
1 0.1359375 0.5515625 0.015625 0.040625
0 0.1359375 0.5359375 0.0046875 0.00625
1 0.1390625 0.553125 0.0109375 0.0359375
0 0.1421875 0.5390625 0.0046875 0.0046875
1 0.15625 0.55625 0.021875 0.053125
0 0.15625 0.534375 0.00625 0.00625
1 0.1609375 0.553125 0.015625 0.0390625
0 0.1640625 0.5375 0.00625 0.0046875
1 0.175 0.553125 0.015625 0.0296875
0 0.175 0.5421875 0.0046875 0.0046875
1 0.1875 0.65625 0.125 0.246875
0 0.2109375 0.5625 0.0375 0.05
1 0.2296875 0.609375 0.04375 0.1328125
0 0.23125 0.55 0.015625 0.01875
1 0.2453125 0.5546875 0.0171875 0.0328125
0 0.25 0.5421875 0.00625 0.00625
1 0.2828125 0.6125 0.053125 0.15625
0 0.28125 0.546875 0.0171875 0.0203125
1 0.275 0.59375 0.05625 0.1359375
0 0.28125 0.5390625 0.0171875 0.01875
1 0.296875 0.5546875 0.025 0.065625
0 0.29375 0.5265625 0.009375 0.0078125
1 0.3140625 0.5671875 0.0296875 0.0703125
0 0.309375 0.5390625 0.009375 0.009375
1 0.321875 0.6109375 0.06875 0.14375
0 0.3359375 0.553125 0.015625 0.025
1 0.346875 0.590625 0.04375 0.128125
0 0.3484375 0.5375 0.0140625 0.01875
1 0.365625 0.60625 0.0546875 0.1359375
0 0.3703125 0.5484375 0.0140625 0.0203125
1 0.396875 0.6125 0.0390625 0.1078125
0 0.3921875 0.5703125 0.0203125 0.01875
1 0.40625 0.6046875 0.0359375 0.134375
0 0.40625 0.55 0.01875 0.021875
1 0.43125 0.65625 0.0875 0.2453125
0 0.4390625 0.5703125 0.04375 0.059375
1 0.5296875 0.66875 0.11875 0.221875
0 0.5296875 0.5875 0.046875 0.05625
1 0.4234375 0.5421875 0.0171875 0.0625
0 0.425 0.5234375 0.009375 0.009375
1 0.4328125 0.5578125 0.025 0.0625
0 0.43125 0.534375 0.00625 0.009375
1 0.4859375 0.5796875 0.040625 0.090625
0 0.4796875 0.5421875 0.0125 0.0140625
1 0.5328125 0.559375 0.015625 0.0390625
0 0.53125 0.5453125 0.00625 0.00625
1 0.5421875 0.559375 0.0171875 0.053125
0 0.540625 0.5375 0.00625 0.0078125
1 0.5671875 0.59375 0.046875 0.10625
0 0.5765625 0.5546875 0.0125 0.0109375
1 0.6 0.6234375 0.078125 0.20625
0 0.59375 0.5375 0.0234375 0.0265625
1 0.66875 0.65 0.13125 0.259375
0 0.65 0.55625 0.046875 0.0625
1 0.621875 0.5875 0.0390625 0.1125
0 0.6171875 0.540625 0.0140625 0.015625
1 0.759375 0.6015625 0.059375 0.1390625
0 0.7515625 0.5453125 0.0171875 0.0203125
1 0.8 0.6625 0.084375 0.2328125
0 0.8015625 0.5703125 0.034375 0.040625
1 0.8421875 0.65 0.1546875 0.2578125
0 0.8453125 0.559375 0.0515625 0.059375
1 0.8484375 0.659375 0.2078125 0.240625
0 0.8796875 0.721875 0.08125 0.084375
1 0.8890625 0.5890625 0.06875 0.1234375
0 0.871875 0.5375 0.0171875 0.0171875
1 0.9109375 0.596875 0.05 0.1125
0 0.9015625 0.5484375 0.015625 0.015625
1 0.9359375 0.60625 0.0375 0.078125
0 0.9328125 0.575 0.0140625 0.0140625
1 0.96875 0.6625 0.0578125 0.1859375
0 0.9734375 0.5875 0.03125 0.03125
1 0.9765625 0.5796875 0.040625 0.0953125
0 0.9671875 0.5421875 0.0171875 0.015625