1 0.1625 0.5734375 0.0515625 0.175
0 0.165625 0.4984375 0.0171875 0.0234375
1 0.18125 0.5796875 0.040625 0.1546875
0 0.1828125 0.521875 0.015625 0.0171875
1 0.2359375 0.5953125 0.06875 0.190625
0 0.234375 0.5125 0.0203125 0.021875
1 0.2578125 0.578125 0.0609375 0.1671875
0 0.25625 0.5109375 0.0203125 0.021875
1 0.375 0.5984375 0.06875 0.175
0 0.3765625 0.525 0.0203125 0.0234375
1 0.425 0.596875 0.0828125 0.20625
0 0.4171875 0.50625 0.0203125 0.021875
1 0.5375 0.6359375 0.134375 0.3390625
0 0.546875 0.490625 0.040625 0.0453125
1 0.68125 0.640625 0.1359375 0.33125
0 0.6765625 0.503125 0.0375 0.046875
1 0.659375 0.60625 0.096875 0.2296875
0 0.678125 0.5109375 0.021875 0.0234375
1 0.7859375 0.5953125 0.065625 0.184375
0 0.79375 0.5171875 0.0203125 0.0203125
1 0.8203125 0.6234375 0.1078125 0.3125
0 0.8234375 0.490625 0.0359375 0.0359375
1 0.8765625 0.60625 0.0640625 0.175
0 0.8703125 0.5328125 0.01875 0.021875
1 0.928125 0.640625 0.09375 0.2875
0 0.928125 0.51875 0.03125 0.034375