1 0.6953125 0.46875 0.00625 0.015625
0 0.696875 0.4640625 0.0015625 0.0015625
1 0.7015625 0.46875 0.00625 0.0140625
0 0.7015625 0.4640625 0.0015625 0.0015625
1 0.7734375 0.4796875 0.0078125 0.0140625
0 0.775 0.478125 0.0015625 0.0015625
1 0.8140625 0.5171875 0.00625 0.01875
0 0.815625 0.509375 0.003125 0.003125
1 0.83125 0.515625 0.00625 0.015625
0 0.83125 0.509375 0.0015625 0.0015625
1 0.834375 0.5671875 0.0109375 0.028125
0 0.834375 0.5578125 0.003125 0.003125
1 0.8453125 0.56875 0.009375 0.025
0 0.8453125 0.559375 0.003125 0.003125
1 0.86875 0.5671875 0.0125 0.0265625
0 0.8703125 0.55625 0.003125 0.003125
1 0.8765625 0.565625 0.0109375 0.0296875
0 0.8765625 0.5546875 0.003125 0.003125
1 0.8375 0.584375 0.0140625 0.0296875
0 0.840625 0.571875 0.0046875 0.0046875
1 0.84375 0.5765625 0.0140625 0.0296875
0 0.846875 0.5640625 0.003125 0.003125
1 0.85 0.578125 0.0140625 0.0296875
0 0.8515625 0.5671875 0.003125 0.0046875
1 0.8546875 0.5890625 0.0125 0.03125
0 0.8546875 0.578125 0.003125 0.0046875
1 0.85625 0.5921875 0.0109375 0.0265625
0 0.8578125 0.584375 0.003125 0.0046875
1 0.8640625 0.603125 0.0140625 0.0375
0 0.865625 0.590625 0.0046875 0.003125
1 0.8734375 0.596875 0.0109375 0.028125
0 0.8734375 0.5859375 0.003125 0.0046875
1 0.8453125 0.6015625 0.015625 0.0328125
0 0.8484375 0.5890625 0.003125 0.0046875
1 0.796875 0.6421875 0.0140625 0.0359375
0 0.79375 0.628125 0.0046875 0.0046875
1 0.7921875 0.646875 0.0140625 0.0359375
0 0.7875 0.634375 0.0046875 0.00625
1 0.7890625 0.6484375 0.01875 0.0390625
0 0.7859375 0.634375 0.0046875 0.0046875
1 0.7265625 0.64375 0.0171875 0.0390625
0 0.7234375 0.6296875 0.0046875 0.0046875
1 0.7203125 0.646875 0.0109375 0.0359375
0 0.7203125 0.634375 0.0046875 0.0046875
1 0.715625 0.6484375 0.0125 0.034375
0 0.7140625 0.634375 0.00625 0.00625
1 0.709375 0.6515625 0.015625 0.0375
0 0.7078125 0.6375 0.003125 0.0046875
1 0.703125 0.7203125 0.021875 0.0390625
0 0.709375 0.70625 0.0046875 0.00625
1 0.6765625 0.7171875 0.0265625 0.04375
0 0.6765625 0.7015625 0.0046875 0.0046875
1 0.725 0.74375 0.009375 0.0265625
0 0.7265625 0.734375 0.003125 0.0046875
1 0.54375 0.7859375 0.01875 0.0421875
0 0.5390625 0.76875 0.0046875 0.00625
1 0.528125 0.7890625 0.0203125 0.0515625
0 0.5328125 0.7703125 0.00625 0.0078125
1 0.496875 0.803125 0.0203125 0.05
0 0.4984375 0.7859375 0.00625 0.0078125
1 0.5625 0.7515625 0.0296875 0.0328125
0 0.5671875 0.740625 0.00625 0.00625
1 0.559375 0.725 0.021875 0.0484375
0 0.5640625 0.7078125 0.0046875 0.00625
1 0.4265625 0.7765625 0.021875 0.05
0 0.4265625 0.75625 0.00625 0.0078125
1 0.43125 0.7640625 0.021875 0.0484375
0 0.43125 0.746875 0.00625 0.0078125
1 0.484375 0.75625 0.01875 0.05
0 0.4890625 0.7375 0.00625 0.0078125
1 0.496875 0.7546875 0.0171875 0.04375
0 0.5 0.7375 0.00625 0.0046875
1 0.46875 0.746875 0.0203125 0.05
0 0.46875 0.725 0.0046875 0.00625
1 0.45625 0.7375 0.021875 0.046875
0 0.459375 0.71875 0.00625 0.00625
1 0.515625 0.73125 0.01875 0.0359375
0 0.515625 0.715625 0.0046875 0.0046875
1 0.5296875 0.7203125 0.015625 0.0421875
0 0.53125 0.70625 0.0046875 0.00625
1 0.50625 0.7234375 0.0140625 0.046875
0 0.5078125 0.7046875 0.00625 0.0078125
1 0.51875 0.725 0.0125 0.0328125
0 0.5171875 0.7125 0.0046875 0.0046875
1 0.525 0.709375 0.015625 0.0421875
0 0.525 0.69375 0.00625 0.00625
1 0.490625 0.721875 0.0171875 0.0390625
0 0.490625 0.7078125 0.0046875 0.00625
1 0.4890625 0.7171875 0.015625 0.04375
0 0.4890625 0.703125 0.00625 0.0078125
1 0.4703125 0.7171875 0.01875 0.0359375
0 0.471875 0.703125 0.0046875 0.0046875
1 0.4765625 0.7046875 0.01875 0.0421875
0 0.4765625 0.6875 0.0046875 0.00625
1 0.4484375 0.6984375 0.021875 0.0375
0 0.4484375 0.6828125 0.0046875 0.0046875
1 0.4625 0.68125 0.0140625 0.040625
0 0.4609375 0.665625 0.003125 0.00625
1 0.4625 0.6734375 0.0125 0.0234375
0 0.465625 0.665625 0.003125 0.003125
1 0.475 0.68125 0.0140625 0.03125
0 0.4765625 0.6703125 0.003125 0.003125
1 0.5359375 0.696875 0.0125 0.0390625
0 0.5375 0.68125 0.00625 0.00625
1 0.55 0.690625 0.0140625 0.040625
0 0.5484375 0.6765625 0.00625 0.0078125
1 0.5171875 0.6984375 0.0125 0.0375
0 0.5171875 0.684375 0.0046875 0.00625
1 0.5046875 0.69375 0.0109375 0.0328125
0 0.503125 0.68125 0.003125 0.003125
1 0.49375 0.6921875 0.0109375 0.0328125
0 0.4953125 0.6796875 0.003125 0.003125
1 0.4875 0.6859375 0.0109375 0.0375
0 0.4890625 0.671875 0.003125 0.0046875
1 0.5328125 0.6734375 0.0109375 0.034375
0 0.5328125 0.6609375 0.0046875 0.00625
1 0.5375 0.6875 0.0109375 0.0390625
0 0.5375 0.6734375 0.0046875 0.00625
1 0.5140625 0.640625 0.0109375 0.034375
0 0.5140625 0.628125 0.003125 0.003125
1 0.503125 0.6390625 0.0109375 0.034375
0 0.5046875 0.628125 0.0046875 0.0046875
1 0.4828125 0.6453125 0.0140625 0.0375
0 0.4828125 0.6328125 0.0046875 0.0046875
1 0.475 0.6453125 0.0125 0.0359375
0 0.475 0.6296875 0.003125 0.003125
1 0.465625 0.64375 0.0125 0.0375
0 0.4640625 0.6296875 0.0046875 0.003125
1 0.4546875 0.6453125 0.0140625 0.034375
0 0.453125 0.63125 0.003125 0.003125
1 0.4421875 0.6453125 0.0140625 0.0359375
0 0.4421875 0.6328125 0.0046875 0.0046875
1 0.440625 0.6671875 0.0140625 0.03125
0 0.4390625 0.65625 0.003125 0.003125
1 0.45625 0.659375 0.0109375 0.03125
0 0.4578125 0.646875 0.003125 0.003125
1 0.4671875 0.6609375 0.0125 0.0328125
0 0.465625 0.6484375 0.003125 0.0046875
1 0.4796875 0.6578125 0.0171875 0.0390625
0 0.48125 0.6421875 0.0046875 0.0046875
1 0.525 0.6421875 0.009375 0.03125
0 0.525 0.63125 0.0046875 0.0046875
1 0.4078125 0.7375 0.021875 0.0515625
0 0.409375 0.7171875 0.00625 0.00625
1 0.4078125 0.728125 0.01875 0.046875
0 0.4109375 0.7109375 0.00625 0.00625
1 0.39375 0.7171875 0.015625 0.046875
0 0.3953125 0.7 0.00625 0.0078125
1 0.3796875 0.71875 0.01875 0.046875
0 0.3796875 0.7015625 0.0046875 0.0046875
1 0.3515625 0.75 0.0171875 0.046875
0 0.353125 0.7328125 0.00625 0.009375
1 0.3546875 0.7125 0.021875 0.0453125
0 0.3546875 0.69375 0.00625 0.00625
1 0.33125 0.7328125 0.0203125 0.0515625
0 0.33125 0.7125 0.00625 0.00625
1 0.3203125 0.725 0.021875 0.0453125
0 0.3234375 0.7078125 0.0078125 0.00625
1 0.3359375 0.7125 0.0140625 0.0390625
0 0.3375 0.6953125 0.0046875 0.0046875
1 0.31875 0.7078125 0.025 0.040625
0 0.31875 0.69375 0.00625 0.00625
1 0.30625 0.7046875 0.0234375 0.046875
0 0.3109375 0.6875 0.00625 0.00625
1 0.29375 0.70625 0.021875 0.0375
0 0.290625 0.690625 0.0046875 0.0046875
1 0.2640625 0.703125 0.01875 0.046875
0 0.26875 0.684375 0.0046875 0.00625
1 0.2671875 0.7 0.0234375 0.0484375
0 0.2640625 0.6828125 0.00625 0.0078125
1 0.253125 0.7515625 0.0265625 0.034375
0 0.25 0.7390625 0.009375 0.0078125
1 0.2671875 0.74375 0.0265625 0.0578125
0 0.2640625 0.7203125 0.0046875 0.0078125
1 0.265625 0.728125 0.0140625 0.0421875
0 0.2640625 0.7109375 0.003125 0.003125
1 0.259375 0.71875 0.0171875 0.0453125
0 0.259375 0.703125 0.00625 0.00625
1 0.246875 0.73125 0.0234375 0.04375
0 0.24375 0.715625 0.0046875 0.00625
1 0.2453125 0.7140625 0.0234375 0.05
0 0.240625 0.6953125 0.00625 0.0078125
1 0.240625 0.70625 0.01875 0.04375
0 0.2421875 0.69375 0.0078125 0.00625
1 0.28125 0.6578125 0.0171875 0.034375
0 0.2828125 0.6453125 0.003125 0.0046875
1 0.265625 0.6609375 0.0171875 0.0359375
0 0.265625 0.646875 0.003125 0.0046875
1 0.2625 0.65 0.01875 0.0390625
0 0.2640625 0.6359375 0.0046875 0.00625
1 0.203125 0.659375 0.0171875 0.040625
0 0.2015625 0.64375 0.0046875 0.0046875
1 0.2 0.6484375 0.015625 0.0390625
0 0.2 0.6328125 0.0046875 0.0046875
1 0.1421875 0.684375 0.0203125 0.040625
0 0.140625 0.6703125 0.00625 0.00625
1 0.125 0.678125 0.0203125 0.04375
0 0.125 0.6609375 0.00625 0.0046875
1 0.15625 0.6609375 0.0203125 0.0359375
0 0.1578125 0.6484375 0.00625 0.00625
1 0.153125 0.653125 0.01875 0.034375
0 0.15 0.640625 0.00625 0.00625
1 0.153125 0.6234375 0.0171875 0.0375
0 0.1515625 0.6078125 0.0046875 0.0046875
1 0.1375 0.625 0.0125 0.0359375
0 0.1359375 0.6109375 0.0046875 0.0046875
1 0.1171875 0.64375 0.021875 0.040625
0 0.1140625 0.628125 0.0046875 0.0046875
1 0.1 0.6296875 0.01875 0.0328125
0 0.0984375 0.6171875 0.0046875 0.0046875
1 0.1125 0.63125 0.01875 0.0328125
0 0.1125 0.6171875 0.0046875 0.003125
1 0.121875 0.625 0.0203125 0.0328125
0 0.1234375 0.6109375 0.0046875 0.0046875
1 0.1328125 0.6171875 0.0171875 0.034375
0 0.1328125 0.603125 0.0046875 0.0046875
1 0.115625 0.615625 0.0171875 0.0375
0 0.115625 0.6015625 0.0046875 0.0046875
1 0.109375 0.609375 0.0171875 0.034375
0 0.10625 0.5953125 0.0046875 0.0046875
1 0.134375 0.6 0.015625 0.0359375
0 0.1328125 0.584375 0.003125 0.0046875
1 0.1234375 0.59375 0.01875 0.0421875
0 0.121875 0.58125 0.00625 0.00625
1 0.10625 0.6 0.01875 0.0421875
0 0.10625 0.5828125 0.0046875 0.0046875
1 0.0984375 0.58125 0.0140625 0.03125
0 0.096875 0.56875 0.003125 0.0046875
1 0.1015625 0.571875 0.01875 0.028125
0 0.1 0.5609375 0.003125 0.0046875
1 0.1046875 0.56875 0.0171875 0.0296875
0 0.1015625 0.5578125 0.003125 0.003125
1 0.0875 0.5484375 0.01875 0.0265625
0 0.084375 0.540625 0.0046875 0.0046875
1 0.0828125 0.5734375 0.0125 0.0203125
0 0.0859375 0.565625 0.003125 0.0046875
1 0.1109375 0.5546875 0.0140625 0.0265625
0 0.1109375 0.5453125 0.003125 0.003125
1 0.1234375 0.5515625 0.0125 0.028125
0 0.121875 0.540625 0.003125 0.003125
1 0.109375 0.5375 0.0140625 0.021875
0 0.109375 0.5296875 0.003125 0.003125
1 0.109375 0.509375 0.0109375 0.021875
0 0.109375 0.5015625 0.003125 0.003125
1 0.115625 0.5078125 0.0109375 0.0203125
0 0.1171875 0.5015625 0.0046875 0.0046875
1 0.1265625 0.509375 0.009375 0.01875
0 0.1265625 0.503125 0.003125 0.003125
1 0.1328125 0.5125 0.009375 0.0265625
0 0.1328125 0.503125 0.003125 0.003125
1 0.140625 0.5140625 0.0109375 0.0203125
0 0.1390625 0.50625 0.0015625 0.0015625
1 0.15625 0.4953125 0.0078125 0.015625
0 0.15625 0.4890625 0.0015625 0.0015625
1 0.165625 0.4875 0.0078125 0.0171875
0 0.1640625 0.48125 0.0015625 0.003125
1 0.675 0.7546875 0.015625 0.040625
0 0.675 0.7390625 0.0046875 0.0046875
1 0.55 0.7078125 0.0140625 0.028125
0 0.5484375 0.6984375 0.0046875 0.0046875
1 0.2703125 0.7203125 0.0203125 0.0484375
0 0.2671875 0.703125 0.00625 0.0078125
1 0.2578125 0.6875 0.01875 0.04375
0 0.2609375 0.6703125 0.0046875 0.00625