1 0.3734375 0.5546875 0.1421875 0.45625
0 0.3625 0.3671875 0.0515625 0.06875
1 0.45 0.5109375 0.1625 0.4578125
0 0.4609375 0.3203125 0.059375 0.071875
1 0.5953125 0.5609375 0.21875 0.521875
0 0.571875 0.3421875 0.0640625 0.0796875
1 0.6265625 0.5375 0.1484375 0.4984375
0 0.6265625 0.3265625 0.053125 0.071875
1 0.6546875 0.5546875 0.2859375 0.528125
0 0.653125 0.3328125 0.065625 0.08125
1 0.80625 0.540625 0.2 0.53125
0 0.79375 0.3140625 0.0640625 0.078125
1 0.9140625 0.503125 0.165625 0.475
0 0.9265625 0.3078125 0.053125 0.065625
1 0.871875 0.5125 0.1125 0.409375
0 0.8625 0.365625 0.05 0.05