1 0.03125 0.65 0.0609375 0.11875
0 0.025 0.609375 0.015625 0.01875
1 0.0328125 0.65 0.0453125 0.1125
0 0.0265625 0.6109375 0.0140625 0.015625
1 0.0296875 0.6390625 0.034375 0.1046875
0 0.0234375 0.5953125 0.009375 0.0125
1 0.084375 0.65625 0.0484375 0.134375
0 0.0765625 0.6046875 0.0171875 0.0203125
1 0.096875 0.675 0.0453125 0.0859375
0 0.1078125 0.646875 0.015625 0.0171875
1 0.1203125 0.609375 0.021875 0.053125
0 0.1265625 0.5875 0.0078125 0.00625
1 0.15 0.65 0.0453125 0.1453125
0 0.15 0.590625 0.0203125 0.0234375
1 0.1390625 0.640625 0.028125 0.09375
0 0.140625 0.6015625 0.009375 0.0109375
1 0.1625 0.6375 0.0328125 0.1015625
0 0.1625 0.5953125 0.0125 0.015625
1 0.1984375 0.6421875 0.046875 0.103125
0 0.196875 0.6 0.0125 0.0140625
1 0.1828125 0.5890625 0.0125 0.025
0 0.18125 0.58125 0.003125 0.0015625
1 0.184375 0.6421875 0.0234375 0.0859375
0 0.184375 0.609375 0.009375 0.0125
1 0.2125 0.6453125 0.0328125 0.08125
0 0.2125 0.6125 0.0109375 0.0109375
1 0.2296875 0.5609375 0.0234375 0.03125
0 0.2296875 0.55 0.0078125 0.0078125
1 0.2484375 0.559375 0.025 0.03125
0 0.2515625 0.55 0.0078125 0.0078125
1 0.265625 0.6609375 0.0375 0.0515625
0 0.2671875 0.6421875 0.009375 0.0125
1 0.3390625 0.5546875 0.0171875 0.040625
0 0.3375 0.540625 0.00625 0.0078125
1 0.375 0.5640625 0.015625 0.0375
0 0.375 0.55 0.0078125 0.00625
1 0.421875 0.5671875 0.0234375 0.053125
0 0.421875 0.5484375 0.0078125 0.009375
1 0.3046875 0.6421875 0.0515625 0.109375
0 0.30625 0.596875 0.0125 0.015625
1 0.3375 0.6328125 0.0796875 0.159375
0 0.346875 0.5765625 0.0171875 0.0234375
1 0.36875 0.6296875 0.059375 0.1390625
0 0.378125 0.578125 0.0171875 0.025
1 0.4828125 0.6328125 0.078125 0.14375
0 0.4859375 0.5828125 0.0203125 0.0265625
1 0.4875 0.6375 0.078125 0.1453125
0 0.484375 0.5828125 0.0203125 0.0265625
1 0.484375 0.5671875 0.0296875 0.04375
0 0.4859375 0.55 0.0046875 0.0046875
1 0.5796875 0.6296875 0.08125 0.146875
0 0.559375 0.578125 0.0171875 0.0234375
1 0.578125 0.6328125 0.0796875 0.1546875
0 0.5796875 0.578125 0.0203125 0.0265625
1 0.6171875 0.6453125 0.0359375 0.10625
0 0.6171875 0.603125 0.009375 0.0109375
1 0.6375 0.6453125 0.034375 0.10625
0 0.6375 0.603125 0.0140625 0.0140625
1 0.6671875 0.646875 0.075 0.1546875
0 0.6625 0.5875 0.01875 0.0203125
1 0.7 0.6375 0.04375 0.1390625
0 0.703125 0.5828125 0.015625 0.01875
1 0.7140625 0.659375 0.0359375 0.0953125
0 0.7140625 0.6203125 0.009375 0.0109375
1 0.746875 0.659375 0.0375 0.109375
0 0.75 0.6140625 0.0125 0.0140625
1 0.7390625 0.6609375 0.0296875 0.0984375
0 0.7421875 0.6203125 0.009375 0.0125
1 0.7859375 0.66875 0.034375 0.1
0 0.784375 0.63125 0.015625 0.0140625
1 0.78125 0.66875 0.028125 0.0890625
0 0.7796875 0.6328125 0.009375 0.0125
1 0.803125 0.6671875 0.0328125 0.08125
0 0.8015625 0.6328125 0.009375 0.009375
1 0.83125 0.6640625 0.0296875 0.0859375
0 0.83125 0.628125 0.0125 0.0140625
1 0.846875 0.6671875 0.028125 0.1
0 0.846875 0.6234375 0.0125 0.0125
1 0.853125 0.65625 0.0171875 0.075
0 0.853125 0.625 0.009375 0.0109375
1 0.909375 0.6640625 0.0625 0.184375
0 0.9125 0.5875 0.025 0.0265625
1 0.8828125 0.665625 0.0546875 0.1421875
0 0.8953125 0.6125 0.0171875 0.0171875
1 0.95625 0.675 0.0671875 0.1578125
0 0.9546875 0.6109375 0.021875 0.0203125
1 0.965625 0.6578125 0.0328125 0.0984375
0 0.9640625 0.6140625 0.009375 0.009375
1 0.9578125 0.6625 0.0359375 0.1390625
0 0.9609375 0.609375 0.0125 0.0203125
1 0.2 0.571875 0.0234375 0.0484375
0 0.2015625 0.5515625 0.0046875 0.0046875