1 0.8203125 0.7625 0.03125 0.0828125
0 0.821875 0.73125 0.0109375 0.0125
1 0.8390625 0.7671875 0.021875 0.0640625
0 0.8390625 0.74375 0.0078125 0.009375
1 0.8453125 0.759375 0.021875 0.0640625
0 0.84375 0.7375 0.0078125 0.009375
1 0.8578125 0.7546875 0.015625 0.0421875
0 0.8578125 0.740625 0.00625 0.0078125
1 0.878125 0.7671875 0.0359375 0.0828125
0 0.878125 0.734375 0.009375 0.0125
1 0.89375 0.7484375 0.0140625 0.0390625
0 0.8921875 0.7375 0.0078125 0.009375
1 0.90625 0.771875 0.03125 0.075
0 0.90625 0.7421875 0.009375 0.0109375
1 0.9203125 0.7578125 0.021875 0.0640625
0 0.9203125 0.7328125 0.009375 0.009375
1 0.93125 0.7703125 0.0234375 0.075
0 0.9296875 0.740625 0.009375 0.009375
1 0.9515625 0.76875 0.0328125 0.0765625
0 0.9453125 0.7390625 0.009375 0.0109375
1 0.9734375 0.76875 0.0484375 0.1234375
0 0.9796875 0.71875 0.0140625 0.015625