1 0.7703125 0.3484375 0.0234375 0.04375
0 0.771875 0.33125 0.00625 0.0078125
1 0.7921875 0.346875 0.021875 0.0453125
0 0.7953125 0.328125 0.0078125 0.0078125
1 0.790625 0.3578125 0.0296875 0.0546875
0 0.7875 0.3359375 0.00625 0.0078125
1 0.7703125 0.3703125 0.01875 0.0484375
0 0.76875 0.35 0.00625 0.00625
1 0.771875 0.3859375 0.0203125 0.05
0 0.775 0.3640625 0.00625 0.0078125
1 0.790625 0.3828125 0.0234375 0.05625
0 0.7890625 0.3609375 0.009375 0.0109375
1 0.7890625 0.409375 0.0296875 0.0671875
0 0.7875 0.3828125 0.009375 0.0125
1 0.95625 0.4015625 0.0234375 0.053125
0 0.9578125 0.3796875 0.00625 0.00625
1 0.96875 0.40625 0.0203125 0.0640625
0 0.971875 0.38125 0.0078125 0.009375
1 0.9796875 0.43125 0.0359375 0.121875
0 0.990625 0.38125 0.0125 0.01875
1 0.9828125 0.4359375 0.03125 0.134375
0 0.98125 0.3828125 0.0234375 0.025
1 0.9109375 0.49375 0.0984375 0.26875
0 0.9109375 0.3828125 0.034375 0.0390625
1 0.7125 0.5796875 0.1984375 0.503125
0 0.7140625 0.375 0.0703125 0.0921875
1 0.85 0.61875 0.296875 0.4234375
0 0.846875 0.425 0.1328125 0.1296875
1 0.6703125 0.6484375 0.3890625 0.3640625
0 0.5890625 0.453125 0.10625 0.115625