1 0.0578125 0.5484375 0.1125 0.253125
0 0.046875 0.45 0.034375 0.046875
1 0.0375 0.5359375 0.071875 0.1984375
0 0.0296875 0.465625 0.0328125 0.0359375
1 0.1546875 0.5703125 0.109375 0.3296875
0 0.153125 0.4359375 0.0390625 0.0390625
1 0.2015625 0.5828125 0.1765625 0.353125
0 0.221875 0.4375 0.046875 0.05625
1 0.384375 0.5375 0.08125 0.215625
0 0.378125 0.4578125 0.0234375 0.034375
1 0.525 0.5453125 0.075 0.196875
0 0.5328125 0.46875 0.0296875 0.04375
1 0.60625 0.553125 0.078125 0.2421875
0 0.596875 0.453125 0.0296875 0.0375
1 0.7546875 0.578125 0.159375 0.36875
0 0.734375 0.4234375 0.0375 0.0421875
1 0.89375 0.65 0.16875 0.2203125
0 0.9 0.56875 0.03125 0.0359375
1 0.8375 0.5328125 0.046875 0.13125
0 0.8421875 0.4796875 0.0140625 0.0203125
1 0.890625 0.546875 0.071875 0.1671875
0 0.8921875 0.478125 0.01875 0.0203125
1 0.9296875 0.553125 0.0578125 0.1453125
0 0.9296875 0.4921875 0.0171875 0.0203125
1 0.95 0.5515625 0.0546875 0.2015625
0 0.953125 0.4734375 0.025 0.0265625