1 0.0078125 0.75625 0.0125 0.071875
0 0.0046875 0.728125 0.0046875 0.009375
1 0.021875 0.7546875 0.025 0.071875
0 0.0203125 0.728125 0.009375 0.0109375
1 0.0625 0.7546875 0.0296875 0.059375
0 0.071875 0.7328125 0.0078125 0.0078125
1 0.1171875 0.75 0.025 0.05625
0 0.1171875 0.728125 0.00625 0.0078125
1 0.134375 0.7515625 0.021875 0.059375
0 0.134375 0.73125 0.009375 0.009375
1 0.09375 0.76875 0.034375 0.0390625
0 0.096875 0.75625 0.009375 0.009375
1 0.1140625 0.7734375 0.0328125 0.0421875
0 0.11875 0.759375 0.009375 0.009375
1 0.128125 0.775 0.0359375 0.04375
0 0.128125 0.7609375 0.009375 0.009375
1 0.1640625 0.7578125 0.015625 0.0390625
0 0.1640625 0.7421875 0.0078125 0.0078125
1 0.1796875 0.753125 0.025 0.0625
0 0.1796875 0.7296875 0.009375 0.009375
1 0.2015625 0.746875 0.021875 0.0328125
0 0.1984375 0.734375 0.0046875 0.00625
1 0.21875 0.7546875 0.0328125 0.071875
0 0.21875 0.7265625 0.009375 0.009375
1 0.234375 0.74375 0.015625 0.0359375
0 0.2359375 0.7328125 0.0046875 0.0046875
1 0.265625 0.7578125 0.028125 0.0734375
0 0.2625 0.7265625 0.0125 0.009375
1 0.284375 0.775 0.0546875 0.1015625
0 0.2890625 0.7328125 0.0125 0.0140625
1 0.309375 0.7625 0.034375 0.0953125
0 0.3015625 0.7234375 0.0125 0.0125
1 0.3390625 0.73125 0.0171875 0.05
0 0.3390625 0.7109375 0.00625 0.0078125
1 0.340625 0.7375 0.01875 0.05
0 0.3421875 0.71875 0.0046875 0.0078125
1 0.3453125 0.7625 0.0375 0.0953125
0 0.3515625 0.721875 0.0125 0.0125
1 0.3609375 0.728125 0.0171875 0.05
0 0.359375 0.7078125 0.0046875 0.00625
1 0.3796875 0.7234375 0.0171875 0.05
0 0.38125 0.703125 0.0078125 0.00625
1 0.371875 0.7640625 0.0328125 0.0953125
0 0.36875 0.725 0.0125 0.009375
1 0.3984375 0.75 0.01875 0.078125
0 0.3984375 0.71875 0.009375 0.009375
1 0.4046875 0.75 0.021875 0.0703125
0 0.403125 0.7203125 0.00625 0.00625
1 0.434375 0.7484375 0.034375 0.0609375
0 0.4296875 0.7234375 0.0078125 0.0078125
1 0.4515625 0.746875 0.025 0.078125
0 0.4546875 0.7140625 0.009375 0.0109375
1 0.4578125 0.746875 0.025 0.0671875
0 0.459375 0.71875 0.00625 0.0078125
1 0.565625 0.75 0.0359375 0.1234375
0 0.5640625 0.7 0.0125 0.0171875
1 0.721875 0.6859375 0.5484375 0.371875
0 0.7640625 0.5109375 0.21875 0.271875