1 0.125 0.5765625 0.2421875 0.534375
0 0.1671875 0.35625 0.0671875 0.0796875
1 0.25 0.6140625 0.36875 0.5
0 0.35 0.4296875 0.0875 0.0984375
1 0.4359375 0.5828125 0.3828125 0.5640625
0 0.50625 0.38125 0.065625 0.0734375
1 0.65 0.4859375 0.2796875 0.5109375
0 0.6796875 0.3328125 0.0578125 0.0703125
1 0.7328125 0.440625 0.225 0.3515625
0 0.75625 0.296875 0.0375 0.04375
1 0.8046875 0.390625 0.15 0.3375
0 0.840625 0.2734375 0.0359375 0.0375
1 0.671875 0.3671875 0.165625 0.31875
0 0.6953125 0.2734375 0.0328125 0.034375
1 0.55625 0.321875 0.1578125 0.25
0 0.571875 0.2390625 0.021875 0.0296875
1 0.484375 0.403125 0.2546875 0.31875
0 0.490625 0.2625 0.03125 0.040625
1 0.3203125 0.3453125 0.128125 0.2171875
0 0.2796875 0.25625 0.028125 0.0265625
1 0.41875 0.221875 0.0328125 0.0625
0 0.415625 0.19375 0.0078125 0.00625
1 0.9140625 0.26875 0.05 0.140625
0 0.915625 0.2109375 0.0171875 0.015625
1 0.96875 0.2671875 0.05 0.153125
0 0.975 0.2015625 0.0171875 0.0234375
1 0.1359375 0.31875 0.059375 0.1234375
0 0.1234375 0.26875 0.0203125 0.0203125
1 0.9703125 0.3171875 0.0546875 0.215625
0 0.990625 0.23125 0.0125 0.028125