1 0.2796875 0.634375 0.0296875 0.05625
0 0.2796875 0.6109375 0.009375 0.0078125
1 0.2734375 0.634375 0.028125 0.0546875
0 0.278125 0.6125 0.0078125 0.0078125
1 0.3625 0.6203125 0.0296875 0.0625
0 0.35625 0.596875 0.009375 0.009375
1 0.3875 0.615625 0.03125 0.0640625
0 0.384375 0.590625 0.0078125 0.009375
1 0.403125 0.6046875 0.01875 0.0578125
0 0.4046875 0.5828125 0.0078125 0.0078125
1 0.4109375 0.603125 0.025 0.0625
0 0.4125 0.5765625 0.00625 0.0078125
1 0.45625 0.603125 0.021875 0.0625
0 0.4515625 0.578125 0.00625 0.0078125
1 0.5203125 0.6109375 0.025 0.065625
0 0.528125 0.5859375 0.0078125 0.0078125
1 0.559375 0.6265625 0.0203125 0.0609375
0 0.5609375 0.6015625 0.009375 0.0078125
1 0.6 0.6328125 0.03125 0.08125
0 0.6015625 0.596875 0.009375 0.0109375
1 0.628125 0.6328125 0.028125 0.0765625
0 0.628125 0.603125 0.009375 0.009375
1 0.63125 0.640625 0.025 0.078125
0 0.628125 0.60625 0.0109375 0.009375
1 0.6515625 0.621875 0.0234375 0.053125
0 0.6515625 0.6015625 0.009375 0.0078125
1 0.6671875 0.628125 0.0203125 0.05625
0 0.66875 0.6046875 0.00625 0.0078125
1 0.64375 0.6609375 0.0421875 0.109375
0 0.6390625 0.615625 0.0140625 0.0125
1 0.6890625 0.653125 0.04375 0.115625
0 0.6890625 0.60625 0.0125 0.0140625
1 0.840625 0.609375 0.0171875 0.0328125
0 0.8421875 0.5984375 0.0046875 0.0046875
1 0.8828125 0.66875 0.10625 0.2
0 0.8796875 0.584375 0.025 0.028125
1 0.890625 0.665625 0.0859375 0.1640625
0 0.8859375 0.5921875 0.015625 0.015625
1 0.9171875 0.66875 0.0578125 0.1421875
0 0.9140625 0.6078125 0.0171875 0.01875
1 0.9515625 0.6484375 0.0484375 0.1703125
0 0.95 0.578125 0.025 0.025
1 0.9859375 0.6078125 0.0171875 0.0484375
0 0.984375 0.5890625 0.0078125 0.0078125
1 0.96875 0.6078125 0.0171875 0.0453125
0 0.96875 0.590625 0.00625 0.0078125
1 0.9625 0.603125 0.0140625 0.04375
0 0.9640625 0.5859375 0.00625 0.00625