1 0.134375 0.7234375 0.125 0.2125
0 0.121875 0.65 0.046875 0.0578125
1 0.28125 0.7125 0.1421875 0.2359375
0 0.2578125 0.63125 0.0515625 0.0609375
1 0.3203125 0.7390625 0.1515625 0.1796875
0 0.325 0.775 0.0546875 0.08125
1 0.5375 0.73125 0.13125 0.196875
0 0.5125 0.665625 0.05 0.05625
1 0.6390625 0.7125 0.1890625 0.2359375
0 0.6390625 0.6859375 0.0515625 0.059375
1 0.6796875 0.709375 0.1609375 0.2421875
0 0.684375 0.7203125 0.05 0.0640625
1 0.13125 0.534375 0.1578125 0.28125
0 0.09375 0.4484375 0.03125 0.0296875
1 0.38125 0.475 0.15 0.271875
0 0.35 0.3640625 0.0390625 0.040625
1 0.3796875 0.396875 0.15625 0.3203125
0 0.328125 0.315625 0.040625 0.0421875
1 0.728125 0.4859375 0.240625 0.19375
0 0.63125 0.4125 0.0375 0.0359375
1 0.7984375 0.4515625 0.1953125 0.259375
0 0.7390625 0.34375 0.03125 0.0328125
1 0.6796875 0.375 0.1625 0.25
0 0.65 0.28125 0.0359375 0.05