1 0.14375 0.4234375 0.0359375 0.053125
0 0.14375 0.40625 0.0140625 0.0171875
1 0.1765625 0.4296875 0.034375 0.0578125
0 0.1734375 0.4125 0.0140625 0.0171875
1 0.2078125 0.4203125 0.028125 0.0484375
0 0.2125 0.4078125 0.0125 0.015625
1 0.215625 0.43125 0.034375 0.0578125
0 0.2171875 0.4125 0.0140625 0.0171875
1 0.228125 0.446875 0.03125 0.0578125
0 0.2296875 0.43125 0.0140625 0.01875
1 0.2453125 0.4515625 0.0375 0.059375
0 0.2453125 0.434375 0.0171875 0.01875
1 0.190625 0.4484375 0.034375 0.05625
0 0.1984375 0.43125 0.0125 0.015625
1 0.203125 0.45625 0.0453125 0.0671875
0 0.20625 0.434375 0.0171875 0.0203125
1 0.1515625 0.4578125 0.040625 0.0625
0 0.153125 0.4375 0.015625 0.01875
1 0.1625 0.465625 0.0453125 0.06875
0 0.1640625 0.4453125 0.021875 0.0234375
1 0.171875 0.4859375 0.0640625 0.0875
0 0.1703125 0.459375 0.028125 0.0296875
1 0.2078125 0.478125 0.0484375 0.0875
0 0.2 0.45 0.0203125 0.0265625
1 0.228125 0.490625 0.05625 0.0765625
0 0.228125 0.465625 0.0203125 0.025
1 0.296875 0.5046875 0.0765625 0.1015625
0 0.2796875 0.46875 0.025 0.025
1 0.2375 0.5078125 0.0703125 0.0921875
0 0.2328125 0.475 0.01875 0.03125
1 0.1703125 0.521875 0.0875 0.1125
0 0.1765625 0.484375 0.0296875 0.0328125
1 0.1078125 0.471875 0.0484375 0.053125
0 0.1046875 0.4609375 0.0265625 0.028125
1 0.1 0.5109375 0.0890625 0.109375
0 0.1078125 0.4765625 0.028125 0.0359375
1 0.0515625 0.4796875 0.059375 0.0640625
0 0.040625 0.46875 0.0203125 0.0203125
1 0.04375 0.4921875 0.0546875 0.0703125
0 0.053125 0.484375 0.028125 0.025
1 0.04375 0.50625 0.065625 0.075
0 0.0515625 0.4828125 0.028125 0.025
1 0.1109375 0.5640625 0.08125 0.14375
0 0.109375 0.515625 0.03125 0.040625
1 0.190625 0.5875 0.08125 0.096875
0 0.1859375 0.5578125 0.0234375 0.028125
1 0.2796875 0.5765625 0.0984375 0.2609375
0 0.253125 0.4734375 0.04375 0.0484375
1 0.321875 0.5265625 0.0578125 0.109375
0 0.31875 0.490625 0.025 0.034375
1 0.3390625 0.5578125 0.090625 0.1171875
0 0.3296875 0.5203125 0.028125 0.034375
1 0.2046875 0.6046875 0.0953125 0.1640625
0 0.2046875 0.54375 0.0375 0.0453125
1 0.109375 0.6171875 0.121875 0.16875
0 0.0984375 0.5578125 0.0546875 0.040625
1 0.025 0.634375 0.0453125 0.1765625
0 0.009375 0.5734375 0.0171875 0.0515625
1 0.0703125 0.6890625 0.1234375 0.175
0 0.053125 0.6359375 0.05625 0.0625
1 0.190625 0.68125 0.1296875 0.190625
0 0.1890625 0.6203125 0.053125 0.065625
1 0.3296875 0.6578125 0.09375 0.190625
0 0.325 0.5984375 0.0375 0.053125
1 0.434375 0.64375 0.10625 0.215625
0 0.4296875 0.5671875 0.0390625 0.059375
1 0.2828125 0.43125 0.0296875 0.0453125
0 0.284375 0.415625 0.009375 0.0125
1 0.29375 0.4296875 0.025 0.059375
0 0.29375 0.4109375 0.0109375 0.0140625
1 0.3015625 0.4375 0.028125 0.05625
0 0.3046875 0.4203125 0.0109375 0.0171875
1 0.3203125 0.446875 0.0328125 0.05625
0 0.325 0.4265625 0.0140625 0.0171875
1 0.334375 0.45625 0.0390625 0.059375
0 0.340625 0.4359375 0.0171875 0.0171875
1 0.3484375 0.4265625 0.0234375 0.040625
0 0.346875 0.41875 0.0140625 0.0140625
1 0.3671875 0.4296875 0.028125 0.04375
0 0.3703125 0.41875 0.009375 0.0140625
1 0.359375 0.4109375 0.03125 0.0734375
0 0.3609375 0.3796875 0.009375 0.009375
1 0.4046875 0.425 0.028125 0.0421875
0 0.403125 0.4125 0.009375 0.0171875
1 0.4328125 0.4171875 0.0296875 0.040625
0 0.43125 0.409375 0.009375 0.0140625
1 0.421875 0.4296875 0.025 0.0421875
0 0.4203125 0.4203125 0.0140625 0.0171875
1 0.4390625 0.4390625 0.03125 0.0421875
0 0.440625 0.428125 0.0109375 0.0140625
1 0.484375 0.4484375 0.03125 0.0515625
0 0.48125 0.4296875 0.0140625 0.0140625
1 0.4671875 0.446875 0.0296875 0.0484375
0 0.4640625 0.4328125 0.0140625 0.0171875
1 0.453125 0.4546875 0.03125 0.053125
0 0.4515625 0.4390625 0.015625 0.015625
1 0.5125 0.440625 0.03125 0.0421875
0 0.5078125 0.4296875 0.0109375 0.0140625
1 0.509375 0.4515625 0.03125 0.0453125
0 0.50625 0.440625 0.0140625 0.0140625
1 0.384375 0.446875 0.0328125 0.05625
0 0.3859375 0.4296875 0.0171875 0.0203125
1 0.3703125 0.45 0.0328125 0.05625
0 0.365625 0.43125 0.0109375 0.0125
1 0.35625 0.4734375 0.05 0.0953125
0 0.3625 0.4390625 0.0171875 0.0203125
1 0.3875 0.496875 0.053125 0.1015625
0 0.390625 0.459375 0.0171875 0.028125
1 0.415625 0.50625 0.0609375 0.09375
0 0.409375 0.4734375 0.01875 0.0234375
1 0.434375 0.490625 0.0390625 0.0765625
0 0.4359375 0.465625 0.0171875 0.0203125
1 0.4140625 0.465625 0.0375 0.06875
0 0.4140625 0.44375 0.0171875 0.0203125
1 0.471875 0.4859375 0.0453125 0.0484375
0 0.46875 0.4734375 0.015625 0.0171875
1 0.5453125 0.4625 0.0328125 0.0453125
0 0.5484375 0.45 0.0140625 0.0171875
1 0.571875 0.4578125 0.0375 0.0375
0 0.58125 0.446875 0.0171875 0.0203125
1 0.503125 0.5109375 0.05625 0.08125
0 0.5140625 0.4875 0.0234375 0.0296875
1 0.553125 0.5109375 0.065625 0.0921875
0 0.5515625 0.478125 0.0203125 0.0265625
1 0.6203125 0.4875 0.0453125 0.0625
0 0.6234375 0.4703125 0.0171875 0.0203125
1 0.6453125 0.4796875 0.0359375 0.05625
0 0.6375 0.4640625 0.0171875 0.0203125
1 0.6453125 0.4640625 0.034375 0.053125
0 0.6375 0.45 0.0171875 0.0203125
1 0.4890625 0.4140625 0.028125 0.065625
0 0.490625 0.390625 0.0109375 0.0140625
1 0.5125 0.425 0.028125 0.0453125
0 0.5140625 0.4109375 0.009375 0.0140625
1 0.5328125 0.4109375 0.0234375 0.059375
0 0.5296875 0.390625 0.009375 0.009375
1 0.6984375 0.4484375 0.0359375 0.0515625
0 0.70625 0.4328125 0.0140625 0.0171875
1 0.715625 0.45625 0.03125 0.05625
0 0.71875 0.4390625 0.0140625 0.015625
1 0.7375 0.475 0.0453125 0.1296875
0 0.7359375 0.41875 0.0171875 0.0203125
1 0.7578125 0.4828125 0.05 0.1296875
0 0.7703125 0.43125 0.0171875 0.0234375
1 0.7484375 0.50625 0.0515625 0.0546875
0 0.7609375 0.4921875 0.0203125 0.0171875
1 0.6875 0.4828125 0.0515625 0.0765625
0 0.684375 0.453125 0.0203125 0.0203125
1 0.6875 0.50625 0.046875 0.0875
0 0.6875 0.475 0.0234375 0.0234375
1 0.7203125 0.51875 0.059375 0.084375
0 0.721875 0.49375 0.0234375 0.03125
1 0.6796875 0.525 0.0578125 0.0921875
0 0.675 0.496875 0.021875 0.03125
1 0.6296875 0.528125 0.0609375 0.1046875
0 0.6296875 0.49375 0.0234375 0.03125
1 0.540625 0.559375 0.05 0.1234375
0 0.540625 0.5125 0.021875 0.028125
1 0.496875 0.565625 0.0640625 0.140625
0 0.5171875 0.5140625 0.025 0.03125
1 0.503125 0.5171875 0.05625 0.0921875
0 0.5140625 0.4875 0.0234375 0.0296875
1 0.6578125 0.590625 0.071875 0.090625
0 0.675 0.5609375 0.03125 0.0265625
1 0.7171875 0.559375 0.071875 0.10625
0 0.7328125 0.528125 0.0296875 0.034375
1 0.76875 0.55 0.065625 0.0921875
0 0.7796875 0.51875 0.03125 0.0296875
1 0.7640625 0.6578125 0.1203125 0.184375
0 0.8 0.590625 0.0515625 0.040625
1 0.81875 0.625 0.1078125 0.1875
0 0.83125 0.5578125 0.0375 0.0453125
1 0.9015625 0.6125 0.1078125 0.184375
0 0.915625 0.5484375 0.0328125 0.034375
1 0.95625 0.5859375 0.084375 0.159375
0 0.946875 0.5203125 0.028125 0.0234375
1 0.828125 0.5 0.059375 0.1375
0 0.8484375 0.4421875 0.0171875 0.0203125
1 0.8578125 0.509375 0.059375 0.159375
0 0.8578125 0.4421875 0.0234375 0.0234375
1 0.884375 0.5140625 0.05625 0.09375
0 0.8859375 0.484375 0.0234375 0.028125
1 0.9140625 0.5125 0.053125 0.1078125
0 0.915625 0.475 0.0234375 0.03125
1 0.94375 0.5125 0.0515625 0.084375
0 0.9578125 0.4859375 0.0234375 0.0234375
1 0.978125 0.5046875 0.0359375 0.0953125
0 0.9796875 0.471875 0.021875 0.0234375
1 0.9578125 0.5328125 0.0765625 0.0953125
0 0.9703125 0.5015625 0.025 0.03125
1 0.446875 0.4328125 0.025 0.053125
0 0.4515625 0.4125 0.009375 0.0125
1 0.4609375 0.4296875 0.0234375 0.0484375
0 0.4625 0.4109375 0.009375 0.0140625
1 0.50625 0.4203125 0.0234375 0.0484375
0 0.509375 0.403125 0.0109375 0.009375
1 0.0671875 0.440625 0.05 0.1015625
0 0.0640625 0.4046875 0.0171875 0.0203125
1 0.9859375 0.5265625 0.0203125 0.0921875
0 0.99375 0.4890625 0.00625 0.0171875
1 0.7984375 0.5515625 0.059375 0.1125
0 0.8109375 0.5140625 0.028125 0.03125
1 0.8234375 0.553125 0.065625 0.1203125
0 0.8296875 0.5125 0.025 0.03125
1 0.8046875 0.4828125 0.0515625 0.065625
0 0.815625 0.4640625 0.0109375 0.0140625
1 0.6390625 0.4734375 0.0375 0.0734375
0 0.6375 0.4484375 0.0171875 0.0203125
1 0.6359375 0.453125 0.0359375 0.05625
0 0.634375 0.4328125 0.009375 0.0140625
1 0.5828125 0.4796875 0.0375 0.0671875
0 0.5875 0.4609375 0.0171875 0.0203125
1 0.5453125 0.49375 0.0484375 0.0625
0 0.55 0.4796875 0.0171875 0.028125
1 0.5484375 0.4328125 0.028125 0.0453125
0 0.5546875 0.4171875 0.009375 0.0125
1 0.5515625 0.425 0.0234375 0.0484375
0 0.55 0.4078125 0.00625 0.00625
1 0.5671875 0.4359375 0.028125 0.04375
0 0.5703125 0.421875 0.009375 0.0140625
1 0.5734375 0.4484375 0.028125 0.0453125
0 0.5765625 0.4359375 0.0109375 0.0140625
1 0.5828125 0.43125 0.0234375 0.0421875
0 0.5859375 0.41875 0.009375 0.009375
1 0.2921875 0.5125 0.059375 0.1125
0 0.2796875 0.4703125 0.0234375 0.0296875
1 0.284375 0.484375 0.04375 0.084375
0 0.284375 0.4578125 0.0171875 0.0234375