1 0.2 0.64375 0.03125 0.084375
0 0.2015625 0.6078125 0.0109375 0.0125
1 0.1671875 0.6421875 0.04375 0.1
0 0.1734375 0.6 0.0125 0.0125
1 0.065625 0.66875 0.075 0.146875
0 0.05625 0.60625 0.021875 0.01875
1 0.08125 0.66875 0.0421875 0.11875
0 0.084375 0.621875 0.01875 0.0171875
1 0.265625 0.6203125 0.015625 0.0390625
0 0.2640625 0.603125 0.003125 0.0046875
1 0.271875 0.628125 0.021875 0.034375
0 0.275 0.6140625 0.00625 0.00625
1 0.275 0.6265625 0.0234375 0.0328125
0 0.2796875 0.6140625 0.0046875 0.00625
1 0.2765625 0.6265625 0.025 0.034375
0 0.2796875 0.6140625 0.0046875 0.00625
1 0.2859375 0.6171875 0.0078125 0.028125
0 0.2859375 0.6046875 0.003125 0.003125
1 0.3015625 0.61875 0.01875 0.0390625
0 0.303125 0.603125 0.0046875 0.00625
1 0.296875 0.615625 0.0125 0.0328125
0 0.296875 0.603125 0.003125 0.0046875
1 0.4046875 0.6046875 0.0046875 0.009375
0 0.4046875 0.6 0.0015625 0
1 0.4078125 0.603125 0.003125 0.009375
0 0.409375 0.6 0.0015625 0
1 0.4125 0.6046875 0.00625 0.0140625
0 0.4125 0.6 0.0015625 0.0015625
1 0.434375 0.6046875 0.0046875 0.015625
0 0.4328125 0.5984375 0.0015625 0.0015625
1 0.4671875 0.6046875 0.0078125 0.01875
0 0.465625 0.596875 0.0015625 0.0015625
1 0.5078125 0.6140625 0.009375 0.0140625
0 0.509375 0.6078125 0.0015625 0.0015625
1 0.484375 0.609375 0.00625 0.0109375
0 0.4859375 0.60625 0.0015625 0.0015625
1 0.478125 0.6046875 0.0078125 0.015625
0 0.4796875 0.6 0.0015625 0.0015625
1 0.1421875 0.6703125 0.009375 0.015625
0 0.1421875 0.6640625 0.003125 0.003125
1 0.7390625 0.5828125 0.0046875 0.015625
0 0.7375 0.5765625 0.0015625 0.0015625
1 0.6984375 0.59375 0.00625 0.0125
0 0.6984375 0.5890625 0.0015625 0.0015625
1 0.759375 0.5875 0.0046875 0.0140625
0 0.759375 0.58125 0.0015625 0.0015625
1 0.74375 0.5875 0.0078125 0.0125
0 0.74375 0.5828125 0.0015625 0.0015625
1 0.79375 0.5796875 0.0046875 0.009375
0 0.79375 0.5765625 0.0015625 0.0015625
1 0.65 0.60625 0.0078125 0.01875
0 0.65 0.5984375 0.003125 0.003125
1 0.428125 0.60625 0.0046875 0.0140625
0 0.428125 0.603125 0.0015625 0.0015625