1 0.4890625 0.5453125 0.2296875 0.6078125
0 0.4921875 0.2859375 0.065625 0.06875
1 0.0203125 0.44375 0.0390625 0.240625
0 0.0078125 0.346875 0.0140625 0.0328125
1 0.0765625 0.45 0.034375 0.0796875
0 0.0765625 0.4203125 0.0109375 0.0109375
1 0.1015625 0.4546875 0.04375 0.0890625
0 0.1015625 0.4171875 0.009375 0.009375
1 0.1390625 0.46875 0.03125 0.075
0 0.1390625 0.4390625 0.0109375 0.0125
1 0.115625 0.4640625 0.01875 0.0703125
0 0.1171875 0.4375 0.0078125 0.0109375
1 0.2453125 0.4515625 0.01875 0.0421875
0 0.2421875 0.4375 0.0046875 0.0046875
1 0.2578125 0.4515625 0.021875 0.0421875
0 0.25625 0.4359375 0.00625 0.0046875
1 0.2890625 0.4765625 0.0203125 0.0515625
0 0.2921875 0.4578125 0.00625 0.0078125
1 0.3 0.478125 0.01875 0.0515625
0 0.3 0.459375 0.00625 0.00625
1 0.3265625 0.4828125 0.03125 0.0515625
0 0.325 0.4625 0.0078125 0.00625
1 0.3078125 0.4609375 0.0171875 0.0421875
0 0.309375 0.4453125 0.00625 0.0046875
1 0.6375 0.49375 0.0234375 0.075
0 0.640625 0.4625 0.009375 0.0078125
1 0.6390625 0.5 0.0203125 0.06875
0 0.640625 0.4734375 0.0078125 0.0078125
1 0.6453125 0.503125 0.0265625 0.0625
0 0.64375 0.478125 0.00625 0.009375
1 0.6578125 0.5046875 0.021875 0.05625
0 0.659375 0.484375 0.0078125 0.00625
1 0.690625 0.503125 0.0234375 0.0609375
0 0.6921875 0.478125 0.00625 0.00625
1 0.715625 0.553125 0.0296875 0.08125
0 0.7109375 0.521875 0.0109375 0.0125
1 0.765625 0.5609375 0.040625 0.0921875
0 0.771875 0.525 0.0140625 0.015625
1 0.79375 0.5484375 0.0359375 0.1
0 0.7984375 0.5078125 0.0125 0.0125
1 0.8390625 0.553125 0.028125 0.096875
0 0.84375 0.515625 0.0140625 0.015625
1 0.84375 0.546875 0.025 0.0890625
0 0.85 0.50625 0.0125 0.0125
1 0.85625 0.55625 0.0296875 0.08125
0 0.85625 0.5296875 0.0125 0.0125
1 0.8890625 0.584375 0.059375 0.1078125
0 0.8953125 0.540625 0.0125 0.0140625
1 0.925 0.5734375 0.04375 0.1
0 0.925 0.534375 0.0140625 0.0140625
1 0.9015625 0.54375 0.0359375 0.0875
0 0.9078125 0.5078125 0.009375 0.0125
1 0.940625 0.5515625 0.0296875 0.0921875
0 0.946875 0.515625 0.0125 0.015625
1 0.9703125 0.565625 0.03125 0.09375
0 0.971875 0.5265625 0.0125 0.0125