1 0.13125 0.553125 0.09375 0.309375
0 0.128125 0.4234375 0.0421875 0.040625
1 0.090625 0.55 0.0875 0.15
0 0.0828125 0.4921875 0.028125 0.0296875
1 0.0328125 0.4875 0.0359375 0.1171875
0 0.0359375 0.4453125 0.009375 0.009375
1 0.090625 0.4859375 0.0359375 0.1265625
0 0.0875 0.4328125 0.015625 0.015625
1 0.0625 0.475 0.028125 0.0875
0 0.05625 0.440625 0.0109375 0.0125
1 0.06875 0.478125 0.0234375 0.0828125
0 0.06875 0.4484375 0.0078125 0.0078125
1 0.146875 0.4859375 0.04375 0.1453125
0 0.146875 0.4265625 0.0171875 0.0203125
1 0.16875 0.4890625 0.04375 0.09375
0 0.1703125 0.4546875 0.0140625 0.0171875
1 0.2125 0.478125 0.05 0.15
0 0.2109375 0.415625 0.01875 0.01875
1 0.378125 0.5625 0.0984375 0.2578125
0 0.390625 0.4546875 0.028125 0.034375
1 0.509375 0.5328125 0.0953125 0.240625
0 0.50625 0.43125 0.025 0.034375
1 0.58125 0.5015625 0.059375 0.1546875
0 0.584375 0.4359375 0.0171875 0.0203125
1 0.628125 0.53125 0.0875 0.2046875
0 0.6390625 0.44375 0.021875 0.025
1 0.6203125 0.4796875 0.0390625 0.1109375
0 0.621875 0.4328125 0.009375 0.0125
1 0.703125 0.49375 0.0484375 0.15625
0 0.709375 0.4265625 0.0171875 0.01875
1 0.7546875 0.5015625 0.0625 0.1484375
0 0.7609375 0.440625 0.015625 0.015625
1 0.7890625 0.5171875 0.059375 0.153125
0 0.790625 0.4546875 0.01875 0.01875
1 0.778125 0.4984375 0.0375 0.13125
0 0.7796875 0.4453125 0.0171875 0.0203125
1 0.8078125 0.5046875 0.04375 0.1421875
0 0.8125 0.44375 0.0203125 0.0171875
1 0.8515625 0.5171875 0.0671875 0.171875
0 0.8609375 0.4453125 0.0203125 0.025
1 0.84375 0.6078125 0.10625 0.10625
0 0.884375 0.5796875 0.0234375 0.025
1 0.9546875 0.596875 0.084375 0.4609375
0 0.971875 0.4125 0.0515625 0.103125
1 0.8984375 0.5890625 0.1953125 0.478125
0 0.9421875 0.390625 0.0671875 0.065625
1 0.421875 0.4875 0.0296875 0.0984375
0 0.4234375 0.4453125 0.009375 0.0109375
1 0.44375 0.4734375 0.0234375 0.0828125
0 0.4421875 0.4390625 0.009375 0.0078125
1 0.4484375 0.471875 0.021875 0.075
0 0.4515625 0.4390625 0.0078125 0.0078125
1 0.4203125 0.475 0.03125 0.0859375
0 0.41875 0.440625 0.00625 0.009375
1 0.33125 0.4875 0.0328125 0.11875
0 0.3359375 0.4375 0.0125 0.0140625
1 0.371875 0.4875 0.0328125 0.1171875
0 0.3734375 0.4390625 0.0140625 0.015625
1 0.346875 0.4796875 0.0328125 0.10625
0 0.3484375 0.4375 0.009375 0.009375
1 0.2765625 0.475 0.0296875 0.1
0 0.278125 0.4359375 0.0125 0.0125
1 0.2953125 0.48125 0.0296875 0.09375
0 0.3 0.440625 0.009375 0.0078125
1 0.5328125 0.478125 0.021875 0.05625
0 0.534375 0.4578125 0.009375 0.009375
1 0.5453125 0.4796875 0.0171875 0.05625
0 0.546875 0.459375 0.009375 0.0078125
1 0.740625 0.4828125 0.0546875 0.1203125
0 0.74375 0.440625 0.0125 0.015625
1 0.059375 0.5109375 0.05 0.078125
0 0.0609375 0.4875 0.0171875 0.0171875