1 0.9203125 0.6328125 0.1546875 0.3359375
0 0.971875 0.4890625 0.0375 0.046875
1 0.909375 0.65 0.109375 0.3234375
0 0.9 0.515625 0.0359375 0.0484375
1 0.8625 0.6265625 0.184375 0.34375
0 0.8421875 0.4859375 0.0375 0.046875
1 0.725 0.625 0.121875 0.35
0 0.7265625 0.4796875 0.0375 0.05
1 0.6703125 0.6265625 0.0890625 0.3484375
0 0.671875 0.484375 0.0328125 0.046875
1 0.5921875 0.61875 0.1078125 0.36875
0 0.6015625 0.478125 0.0375 0.0359375
1 0.4921875 0.640625 0.096875 0.2984375
0 0.4921875 0.5125 0.025 0.028125
1 0.4453125 0.6453125 0.0671875 0.2484375
0 0.4421875 0.540625 0.025 0.03125
1 0.4046875 0.6328125 0.1296875 0.325
0 0.3796875 0.49375 0.0375 0.04375
1 0.3390625 0.6265625 0.0984375 0.3265625
0 0.3390625 0.4921875 0.0359375 0.046875
1 0.2859375 0.63125 0.1015625 0.325
0 0.296875 0.4953125 0.0375 0.05
1 0.2296875 0.61875 0.1 0.3296875
0 0.234375 0.4796875 0.0359375 0.040625
1 0.1671875 0.6203125 0.1140625 0.353125
0 0.1671875 0.4734375 0.0390625 0.04375
1 0.1390625 0.6109375 0.084375 0.340625
0 0.140625 0.4703125 0.03125 0.0453125
1 0.084375 0.628125 0.109375 0.3703125
0 0.103125 0.471875 0.0390625 0.046875
1 0.034375 0.6109375 0.0640625 0.359375
0 0.0265625 0.4625 0.0375 0.053125