1 0.815625 0.628125 0.2625 0.390625
0 0.8703125 0.471875 0.0578125 0.059375
1 0.75 0.6203125 0.18125 0.5453125
0 0.74375 0.3984375 0.0734375 0.08125
1 0.5140625 0.628125 0.115625 0.359375
0 0.521875 0.48125 0.0421875 0.0515625
1 0.43125 0.6203125 0.11875 0.321875
0 0.4375 0.4890625 0.034375 0.046875
1 0.2125 0.6265625 0.1921875 0.45
0 0.2265625 0.45 0.0453125 0.0671875
1 0.1625 0.6109375 0.21875 0.425
0 0.1734375 0.434375 0.0484375 0.0625
1 0.1125 0.6109375 0.1125 0.3390625
0 0.121875 0.46875 0.0375 0.0484375