1 0.021875 0.6359375 0.0265625 0.071875
0 0.025 0.60625 0.0078125 0.009375
1 0.1140625 0.61875 0.021875 0.0671875
0 0.1140625 0.5921875 0.0078125 0.0078125
1 0.2140625 0.6296875 0.028125 0.071875
0 0.215625 0.6015625 0.009375 0.0109375
1 0.2453125 0.6234375 0.028125 0.0796875
0 0.25 0.5890625 0.0078125 0.009375
1 0.28125 0.6296875 0.025 0.0671875
0 0.2796875 0.6015625 0.0078125 0.0078125
1 0.3328125 0.61875 0.009375 0.03125
0 0.3328125 0.60625 0.0015625 0.003125
1 0.328125 0.6203125 0.009375 0.0265625
0 0.3296875 0.609375 0.003125 0.003125
1 0.365625 0.6203125 0.0109375 0.025
0 0.3671875 0.609375 0.003125 0.003125
1 0.3765625 0.6171875 0.009375 0.025
0 0.378125 0.6078125 0.003125 0.003125
1 0.384375 0.6203125 0.009375 0.0234375
0 0.3859375 0.6109375 0.003125 0.0015625
1 0.440625 0.6171875 0.0078125 0.0234375
0 0.440625 0.609375 0.003125 0.0046875
1 0.496875 0.615625 0.009375 0.025
0 0.496875 0.6078125 0.003125 0.003125
1 0.5109375 0.6109375 0.025 0.065625
0 0.5109375 0.5828125 0.00625 0.0078125
1 0.5359375 0.6125 0.021875 0.059375
0 0.5375 0.5875 0.0046875 0.00625
1 0.5703125 0.665625 0.05 0.1578125
0 0.5703125 0.5984375 0.0171875 0.0171875
1 0.6234375 0.659375 0.065625 0.16875
0 0.621875 0.5890625 0.0171875 0.01875
1 0.6578125 0.6140625 0.01875 0.053125
0 0.6546875 0.59375 0.00625 0.0078125
1 0.6609375 0.6125 0.0140625 0.0578125
0 0.6625 0.5890625 0.00625 0.00625
1 0.6703125 0.6171875 0.0171875 0.05
0 0.66875 0.5984375 0.00625 0.0078125
1 0.6859375 0.6171875 0.01875 0.046875
0 0.6890625 0.5984375 0.0046875 0.0046875
1 0.7 0.615625 0.025 0.05
0 0.6953125 0.596875 0.00625 0.0078125
1 0.7359375 0.6078125 0.0140625 0.04375
0 0.7375 0.590625 0.003125 0.0046875
1 0.7578125 0.6140625 0.021875 0.053125
0 0.7578125 0.59375 0.00625 0.0078125
1 0.7859375 0.615625 0.025 0.05
0 0.7890625 0.5984375 0.0078125 0.0078125
1 0.8 0.615625 0.0125 0.0484375
0 0.8015625 0.596875 0.0078125 0.0078125
1 0.815625 0.6140625 0.015625 0.0515625
0 0.815625 0.59375 0.0046875 0.00625
1 0.98125 0.6125 0.01875 0.0546875
0 0.98125 0.590625 0.0078125 0.0078125
1 0.846875 0.60625 0.0171875 0.0546875
0 0.8484375 0.584375 0.00625 0.0078125
1 0.5890625 0.615625 0.0109375 0.0234375
0 0.5890625 0.60625 0.003125 0.003125
1 0.0953125 0.603125 0.009375 0.0390625
0 0.096875 0.5890625 0.003125 0.0046875
1 0.9703125 0.609375 0.0125 0.0578125
0 0.96875 0.590625 0.0078125 0.0078125