1 0.9046875 0.553125 0.1796875 0.25
0 0.8953125 0.475 0.0640625 0.0765625
1 0.4828125 0.496875 0.2953125 0.346875
0 0.478125 0.375 0.0640625 0.09375
1 0.090625 0.55625 0.1765625 0.2265625
0 0.0859375 0.4890625 0.05625 0.0796875
1 0.9625 0.3921875 0.0671875 0.45
0 0.9640625 0.19375 0.0671875 0.053125
1 0.9296875 0.403125 0.134375 0.45625
0 0.9171875 0.21875 0.05625 0.0796875
1 0.8453125 0.4203125 0.15 0.45625
0 0.846875 0.240625 0.06875 0.0796875
1 0.7515625 0.409375 0.140625 0.45625
0 0.753125 0.228125 0.0578125 0.0828125
1 0.6296875 0.4078125 0.1421875 0.4609375
0 0.6265625 0.228125 0.059375 0.0796875
1 0.509375 0.4203125 0.1328125 0.4296875
0 0.5109375 0.2515625 0.0578125 0.0734375
1 0.3734375 0.43125 0.1109375 0.403125
0 0.3796875 0.2734375 0.059375 0.0671875
1 0.2484375 0.4015625 0.1796875 0.4671875
0 0.259375 0.2140625 0.0625 0.0875
1 0.1140625 0.440625 0.121875 0.409375
0 0.10625 0.275 0.059375 0.06875
1 0.0578125 0.4171875 0.1125 0.446875
0 0.0375 0.2296875 0.065625 0.071875
1 0.034375 0.421875 0.065625 0.44375
0 0.01875 0.2453125 0.034375 0.0765625
1 0.0796875 0.378125 0.1296875 0.421875
0 0.084375 0.2015625 0.05625 0.06875
1 0.1546875 0.4078125 0.125 0.48125
0 0.14375 0.1796875 0.0421875 0.025
1 0.20625 0.3703125 0.1015625 0.4046875
0 0.2046875 0.1875 0.05 0.0390625
1 0.2921875 0.3765625 0.13125 0.41875
0 0.2984375 0.1890625 0.0484375 0.0421875
1 0.44375 0.39375 0.16875 0.4515625
0 0.4140625 0.18125 0.046875 0.028125
1 0.409375 0.4078125 0.1265625 0.446875
0 0.41875 0.228125 0.05625 0.0734375
1 0.475 0.4046875 0.1296875 0.45625
0 0.46875 0.2171875 0.05 0.0703125
1 0.4890625 0.3765625 0.1375 0.41875
0 0.4828125 0.1859375 0.05625 0.0359375
1 0.5765625 0.4015625 0.1328125 0.421875
0 0.5796875 0.2359375 0.053125 0.071875
1 0.7171875 0.4 0.2546875 0.4640625
0 0.71875 0.18125 0.0515625 0.028125
1 0.85 0.4046875 0.15625 0.4765625
0 0.84375 0.196875 0.0640625 0.0609375