1 0.0359375 0.4578125 0.071875 0.203125
0 0.0375 0.3734375 0.021875 0.028125
1 0.0625 0.440625 0.053125 0.165625
0 0.0640625 0.3734375 0.015625 0.021875
1 0.140625 0.525 0.2 0.5859375
0 0.1609375 0.2734375 0.0640625 0.0765625
1 0.278125 0.5390625 0.1890625 0.5625
0 0.2890625 0.296875 0.065625 0.0765625
1 0.375 0.559375 0.19375 0.54375
0 0.396875 0.3359375 0.065625 0.0828125
1 0.525 0.5453125 0.2046875 0.571875
0 0.5390625 0.3078125 0.0640625 0.0828125
1 0.653125 0.5515625 0.1875 0.5578125
0 0.671875 0.3203125 0.075 0.078125
1 0.8015625 0.521875 0.240625 0.6171875
0 0.81875 0.265625 0.0703125 0.0859375
1 0.9328125 0.45 0.04375 0.15625
0 0.93125 0.390625 0.01875 0.025
1 0.965625 0.44375 0.046875 0.1671875
0 0.9734375 0.375 0.0171875 0.025
1 0.9734375 0.4484375 0.0515625 0.1765625
0 0.9734375 0.375 0.01875 0.0234375