1 0.0453125 0.5828125 0.025 0.03125
0 0.0453125 0.571875 0.00625 0.00625
1 0.0671875 0.5703125 0.0171875 0.0421875
0 0.06875 0.553125 0.0046875 0.0046875
1 0.725 0.603125 0.028125 0.078125
0 0.721875 0.5734375 0.009375 0.0125
1 0.79375 0.59375 0.0390625 0.0875
0 0.7953125 0.559375 0.009375 0.0109375
1 0.8078125 0.6015625 0.0359375 0.090625
0 0.8140625 0.5640625 0.0109375 0.0125
1 0.828125 0.596875 0.0390625 0.084375
0 0.83125 0.5625 0.0078125 0.009375
1 0.8390625 0.596875 0.0265625 0.090625
0 0.8328125 0.559375 0.0125 0.0125