1 0.04375 0.634375 0.0203125 0.0375
0 0.0484375 0.6203125 0.0046875 0.00625
1 0.159375 0.6765625 0.0546875 0.153125
0 0.153125 0.609375 0.015625 0.01875
1 0.2546875 0.6734375 0.0515625 0.1484375
0 0.246875 0.6109375 0.015625 0.0203125
1 0.3140625 0.66875 0.05 0.15
0 0.3109375 0.60625 0.015625 0.0171875
1 0.4453125 0.63125 0.0203125 0.040625
0 0.4484375 0.6140625 0.0046875 0.0046875
1 0.4515625 0.628125 0.0125 0.03125
0 0.453125 0.6171875 0.003125 0.0046875
1 0.4671875 0.6890625 0.053125 0.171875
0 0.465625 0.6140625 0.01875 0.0203125
1 0.48125 0.6375 0.0203125 0.05625
0 0.48125 0.6140625 0.00625 0.0078125
1 0.496875 0.646875 0.025 0.075
0 0.496875 0.615625 0.00625 0.0078125
1 0.4921875 0.6265625 0.0140625 0.0390625
0 0.4921875 0.6140625 0.00625 0.0078125
1 0.5109375 0.6359375 0.0203125 0.053125
0 0.5125 0.6140625 0.00625 0.00625
1 0.50625 0.6296875 0.0140625 0.03125
0 0.50625 0.6171875 0.0046875 0.0046875
1 0.5078125 0.65625 0.028125 0.071875
0 0.5078125 0.6234375 0.0078125 0.0078125
1 0.5234375 0.63125 0.0140625 0.0375
0 0.521875 0.615625 0.0046875 0.0046875
1 0.5328125 0.628125 0.0140625 0.0359375
0 0.53125 0.6140625 0.0046875 0.0046875
1 0.5625 0.6484375 0.0265625 0.06875
0 0.5609375 0.6203125 0.0078125 0.0078125
1 0.5828125 0.63125 0.0109375 0.03125
0 0.5828125 0.6171875 0.003125 0.0046875
1 0.55 0.6953125 0.0609375 0.1609375
0 0.54375 0.6265625 0.01875 0.01875
1 0.5046875 0.6109375 0.00625 0.0203125
0 0.5046875 0.6046875 0.003125 0.003125
1 0.7265625 0.6375 0.021875 0.040625
0 0.728125 0.621875 0.00625 0.00625
1 0.50625 0.63125 0.0125 0.0421875
0 0.50625 0.6125 0.0046875 0.003125