1 0.8875 0.5125 0.2234375 0.70625
0 0.96875 0.196875 0.0578125 0.0703125
1 0.7234375 0.490625 0.15 0.4578125
0 0.7140625 0.30625 0.046875 0.065625
1 0.684375 0.5703125 0.303125 0.5484375
0 0.646875 0.3578125 0.0875 0.0859375
1 0.484375 0.4515625 0.2125 0.5515625
0 0.515625 0.2125 0.059375 0.0703125
1 0.296875 0.5109375 0.2578125 0.6140625
0 0.26875 0.2453125 0.0859375 0.0703125
1 0.86875 0.384375 0.1265625 0.3375
0 0.8703125 0.246875 0.034375 0.0453125
1 0.8125 0.3421875 0.0890625 0.265625
0 0.8109375 0.23125 0.0265625 0.03125
1 0.75625 0.4015625 0.109375 0.365625
0 0.7484375 0.246875 0.03125 0.0375
1 0.6609375 0.4015625 0.128125 0.4171875
0 0.659375 0.225 0.04375 0.0453125
1 0.5859375 0.3640625 0.11875 0.325
0 0.5828125 0.2328125 0.0359375 0.0421875
1 0.325 0.3296875 0.0640625 0.20625
0 0.3265625 0.25 0.021875 0.028125
1 0.2046875 0.303125 0.0515625 0.1390625
0 0.2078125 0.25 0.015625 0.01875
1 0.159375 0.3484375 0.0796875 0.2375
0 0.15625 0.246875 0.0265625 0.0296875
1 0.090625 0.4125 0.1796875 0.5078125
0 0.1078125 0.203125 0.0515625 0.0671875
1 0.409375 0.415625 0.171875 0.453125
0 0.4203125 0.234375 0.0625 0.0671875
1 0.859375 0.425 0.1296875 0.2609375
0 0.8625 0.315625 0.0265625 0.028125