1 0.2859375 0.4265625 0.1640625 0.415625
0 0.3 0.25 0.0453125 0.059375
1 0.3390625 0.45 0.134375 0.3984375
0 0.35625 0.2859375 0.046875 0.0640625
1 0.409375 0.4875 0.1859375 0.484375
0 0.4265625 0.2921875 0.053125 0.0796875
1 0.4296875 0.4390625 0.103125 0.41875
0 0.44375 0.2578125 0.040625 0.0515625
1 0.459375 0.484375 0.1625 0.43125
0 0.465625 0.3015625 0.040625 0.0640625
1 0.515625 0.4625 0.1484375 0.409375
0 0.509375 0.29375 0.046875 0.06875
1 0.59375 0.496875 0.1546875 0.4546875
0 0.6125 0.3140625 0.0625 0.0796875
1 0 0.21875 0 0
0 0.65 0.3140625 0.053125 0.0640625
1 0.8875 0.528125 0.196875 0.5
0 0.9140625 0.3296875 0.059375 0.078125