1 0.134375 0.6859375 0.084375 0.1828125
0 0.1296875 0.625 0.0265625 0.028125
1 0.3203125 0.6953125 0.0640625 0.1625
0 0.3140625 0.6359375 0.0265625 0.025
1 0.29375 0.6734375 0.0421875 0.0625
0 0.2953125 0.65 0.009375 0.0140625
1 0.4546875 0.7171875 0.075 0.08125
0 0.4375 0.6890625 0.0203125 0.0234375
1 0.4875 0.7203125 0.0984375 0.1125
0 0.4734375 0.68125 0.0234375 0.0234375
1 0.5015625 0.7265625 0.0328125 0.0796875
0 0.5046875 0.703125 0.0140625 0.015625
1 0.746875 0.6921875 0.06875 0.15625
0 0.7375 0.63125 0.015625 0.0234375
1 0.6265625 0.6484375 0.01875 0.0515625
0 0.625 0.6265625 0.0046875 0.0078125
1 0.6359375 0.64375 0.01875 0.0515625
0 0.634375 0.621875 0.0046875 0.0046875
1 0.5390625 0.6546875 0.0234375 0.05625
0 0.5421875 0.6328125 0.009375 0.009375
1 0.55 0.65 0.01875 0.0578125
0 0.55 0.6265625 0.00625 0.0078125
1 0.5734375 0.64375 0.028125 0.0515625
0 0.58125 0.625 0.0046875 0.0046875
1 0.459375 0.678125 0.028125 0.0875
0 0.45625 0.6421875 0.0140625 0.0140625
1 0.4296875 0.6625 0.040625 0.0453125
0 0.4234375 0.65 0.009375 0.0109375
1 0.4953125 0.646875 0.01875 0.0515625
0 0.496875 0.6265625 0.0046875 0.0078125
1 0.321875 0.665625 0.03125 0.0515625
0 0.3234375 0.6453125 0.009375 0.0109375
1 0.34375 0.6546875 0.0234375 0.034375
0 0.346875 0.6421875 0.0046875 0.00625
1 0.35625 0.6546875 0.0234375 0.034375
0 0.3546875 0.640625 0.0046875 0.0046875
1 0.5109375 0.64375 0.0140625 0.0453125
0 0.509375 0.625 0.0046875 0.003125