1 0.08125 0.746875 0.1234375 0.1640625
0 0.1171875 0.6890625 0.025 0.0296875
1 0.246875 0.7640625 0.0640625 0.13125
0 0.2546875 0.7109375 0.01875 0.021875
1 0.3296875 0.7328125 0.0984375 0.1921875
0 0.3390625 0.653125 0.0234375 0.0265625
1 0.603125 0.734375 0.1015625 0.190625
0 0.6046875 0.6578125 0.025 0.0296875
1 0.74375 0.7671875 0.075 0.1265625
0 0.74375 0.7171875 0.01875 0.0265625
1 0.8890625 0.75625 0.071875 0.1453125
0 0.878125 0.7 0.021875 0.0203125
1 0.9109375 0.7359375 0.11875 0.1875
0 0.89375 0.6609375 0.0234375 0.021875