1 0.5859375 0.778125 0.128125 0.1
0 0.6015625 0.746875 0.03125 0.03125
1 0.6984375 0.7625 0.14375 0.13125
0 0.659375 0.7234375 0.0296875 0.03125
1 0.659375 0.7328125 0.090625 0.165625
0 0.64375 0.6703125 0.0265625 0.0265625
1 0.5578125 0.74375 0.10625 0.1703125
0 0.5625 0.6734375 0.021875 0.0234375
1 0.621875 0.703125 0.090625 0.1640625
0 0.6046875 0.6390625 0.025 0.0265625
1 0.6140625 0.6734375 0.06875 0.14375
0 0.60625 0.6125 0.0234375 0.0171875
1 0.5328125 0.690625 0.090625 0.1609375
0 0.5265625 0.621875 0.021875 0.015625
1 0.58125 0.625 0.059375 0.1140625
0 0.5703125 0.5765625 0.015625 0.0140625
1 0.525 0.6390625 0.06875 0.1140625
0 0.53125 0.590625 0.0171875 0.0140625
1 0.50625 0.6 0.0640625 0.1015625
0 0.5109375 0.5578125 0.0140625 0.0109375
1 0.5765625 0.5953125 0.0484375 0.090625
0 0.5703125 0.55625 0.0140625 0.0109375
1 0.503125 0.56875 0.059375 0.0828125
0 0.5109375 0.5359375 0.0078125 0.0109375
1 0.54375 0.5484375 0.0484375 0.0859375
0 0.540625 0.515625 0.0109375 0.0109375
1 0.503125 0.5515625 0.0625 0.0828125
0 0.509375 0.5171875 0.0078125 0.0109375
1 0.490625 0.528125 0.0421875 0.0671875
0 0.4953125 0.5015625 0.0140625 0.0078125
1 0.528125 0.5265625 0.040625 0.0734375
0 0.5234375 0.496875 0.0125 0.0109375
1 0.4859375 0.509375 0.040625 0.059375
0 0.4859375 0.4890625 0.00625 0.0078125
1 0.46875 0.5125 0.0234375 0.0578125
0 0.4625 0.490625 0.00625 0.0078125
1 0.4265625 0.525 0.0234375 0.05
0 0.425 0.5078125 0.0078125 0.0109375
1 0.2203125 0.7640625 0.1125 0.13125
0 0.2171875 0.7234375 0.03125 0.0390625
1 0.3296875 0.734375 0.09375 0.190625
0 0.3375 0.6609375 0.0265625 0.03125
1 0.259375 0.7203125 0.06875 0.171875
0 0.2515625 0.653125 0.021875 0.0265625
1 0.34375 0.68125 0.09375 0.1640625
0 0.3484375 0.615625 0.021875 0.0265625
1 0.3625 0.6234375 0.0703125 0.13125
0 0.359375 0.575 0.01875 0.0265625
1 0.31875 0.6 0.0640625 0.1015625
0 0.315625 0.5625 0.015625 0.015625
1 0.3828125 0.565625 0.0546875 0.1
0 0.375 0.5265625 0.0125 0.0171875
1 0.3359375 0.559375 0.0421875 0.0765625
0 0.3328125 0.53125 0.0125 0.015625
1 0.3421875 0.5484375 0.04375 0.0734375
0 0.34375 0.5203125 0.015625 0.015625
1 0.35 0.5359375 0.0375 0.0625
0 0.3453125 0.5109375 0.0078125 0.0109375
1 0.3921875 0.5421875 0.046875 0.0875
0 0.3859375 0.509375 0.0109375 0.0140625
1 0.3953125 0.5234375 0.04375 0.0734375
0 0.390625 0.496875 0.0125 0.015625
1 0.3984375 0.5109375 0.040625 0.078125
0 0.396875 0.48125 0.0109375 0.0125
1 0.4015625 0.5109375 0.028125 0.0625
0 0.4015625 0.484375 0.00625 0.0078125