1 0.034375 0.634375 0.06875 0.25625
0 0.00625 0.525 0.0125 0.028125
1 0.171875 0.546875 0.0609375 0.1765625
0 0.1703125 0.4734375 0.0234375 0.0234375
1 0.18125 0.6609375 0.3390625 0.325
0 0.109375 0.7453125 0.175 0.15625
1 0.4015625 0.65 0.1203125 0.2421875
0 0.4 0.5515625 0.0265625 0.0390625
1 0.3734375 0.540625 0.065625 0.1734375
0 0.3671875 0.471875 0.0203125 0.0296875
1 0.384375 0.4046875 0.0140625 0.034375
0 0.3828125 0.39375 0.00625 0.0046875
1 0.4015625 0.403125 0.015625 0.040625
0 0.4015625 0.390625 0.00625 0.00625
1 0.4078125 0.403125 0.015625 0.040625
0 0.4078125 0.3875 0.00625 0.00625
1 0.43125 0.4359375 0.0296875 0.0765625
0 0.4296875 0.40625 0.009375 0.0125
1 0.484375 0.4328125 0.028125 0.06875
0 0.4828125 0.403125 0.0078125 0.009375
1 0.5125 0.434375 0.025 0.0671875
0 0.509375 0.4078125 0.00625 0.009375
1 0.634375 0.3921875 0.0109375 0.034375
0 0.634375 0.378125 0.003125 0.003125
1 0.68125 0.3625 0.00625 0.01875
0 0.6828125 0.3578125 0.0015625 0.003125
1 0.8421875 0.4578125 0.0375 0.0890625
0 0.846875 0.4234375 0.0125 0.0140625
1 0.9453125 0.4453125 0.0515625 0.0703125
0 0.9453125 0.41875 0.0078125 0.009375
1 0.9484375 0.45 0.0328125 0.0828125
0 0.95625 0.415625 0.0109375 0.0109375
1 0.5390625 0.5625 0.0671875 0.1859375
0 0.54375 0.4859375 0.021875 0.0296875
1 0.565625 0.5796875 0.075 0.203125
0 0.559375 0.4953125 0.0296875 0.03125