1 0.3421875 0.640625 0.075 0.21875
0 0.3453125 0.553125 0.025 0.021875
1 0.4484375 0.6375 0.0765625 0.228125
0 0.4484375 0.54375 0.01875 0.0234375
1 0.7734375 0.6421875 0.0796875 0.225
0 0.775 0.5515625 0.021875 0.025
1 0.9125 0.646875 0.075 0.2296875
0 0.915625 0.553125 0.025 0.021875
1 0.0984375 0.5234375 0.0734375 0.2015625
0 0.096875 0.4421875 0.0203125 0.021875
1 0.2125 0.53125 0.0671875 0.1875
0 0.2125 0.45625 0.0234375 0.0265625
1 0.3109375 0.528125 0.06875 0.1859375
0 0.3125 0.4546875 0.01875 0.01875
1 0.4078125 0.5390625 0.065625 0.2015625
0 0.4109375 0.4578125 0.01875 0.025
1 0.50625 0.553125 0.0625 0.1828125
0 0.5125 0.4796875 0.0203125 0.021875
1 0.5359375 0.55625 0.0734375 0.1875
0 0.5390625 0.4828125 0.021875 0.021875
1 0.6140625 0.5515625 0.0640625 0.171875
0 0.6203125 0.4859375 0.015625 0.0171875
1 0.7328125 0.53125 0.071875 0.19375
0 0.73125 0.45625 0.021875 0.025
1 0.853125 0.5421875 0.0640625 0.184375
0 0.85 0.4703125 0.01875 0.01875
1 0.95625 0.5484375 0.0625 0.1828125
0 0.95 0.4796875 0.01875 0.025
1 0.146875 0.4640625 0.0609375 0.175
0 0.146875 0.3953125 0.0171875 0.0203125
1 0.490625 0.5171875 0.0578125 0.1875
0 0.4953125 0.44375 0.01875 0.0203125
1 0.4671875 0.5015625 0.065625 0.18125
0 0.4734375 0.4296875 0.021875 0.0234375
1 0.609375 0.534375 0.0515625 0.1765625
0 0.60625 0.465625 0.0203125 0.025
1 0.5890625 0.515625 0.053125 0.1859375
0 0.596875 0.44375 0.0234375 0.021875
1 0.56875 0.509375 0.0546875 0.1765625
0 0.571875 0.4390625 0.021875 0.021875
1 0.96875 0.4296875 0.05 0.153125
0 0.96875 0.3671875 0.01875 0.021875
1 0.8921875 0.403125 0.0515625 0.1265625
0 0.8890625 0.3484375 0.015625 0.015625
1 0.821875 0.3828125 0.0390625 0.1234375
0 0.8265625 0.33125 0.0203125 0.0203125
1 0.625 0.365625 0.0375 0.1046875
0 0.625 0.3234375 0.0109375 0.0125
1 0.728125 0.365625 0.0421875 0.1046875
0 0.7328125 0.325 0.0125 0.0125
1 0.8375 0.29375 0.0375 0.1078125
0 0.8390625 0.2515625 0.0125 0.015625
1 0.0921875 0.321875 0.075 0.13125
0 0.0984375 0.2671875 0.015625 0.01875
1 0.2515625 0.3375 0.03125 0.0875
0 0.2484375 0.303125 0.0140625 0.015625
1 0.3015625 0.3328125 0.0328125 0.06875
0 0.3 0.3046875 0.0109375 0.0125
1 0.325 0.3296875 0.0234375 0.06875
0 0.3203125 0.303125 0.0078125 0.0125
1 0.3484375 0.325 0.0328125 0.0703125
0 0.35 0.296875 0.009375 0.0109375
1 0.3703125 0.3296875 0.021875 0.0625
0 0.3671875 0.3046875 0.0078125 0.009375
1 0.390625 0.328125 0.025 0.071875
0 0.390625 0.3 0.0078125 0.009375
1 0.4375 0.3265625 0.021875 0.075
0 0.4390625 0.3 0.0078125 0.009375
1 0.425 0.3734375 0.0484375 0.11875
0 0.425 0.3265625 0.015625 0.01875
1 0.4640625 0.3265625 0.0375 0.075
0 0.4671875 0.2984375 0.0109375 0.0140625
1 0.5234375 0.346875 0.021875 0.0796875
0 0.525 0.315625 0.0109375 0.0125
1 0.490625 0.396875 0.0375 0.0953125
0 0.4875 0.3578125 0.0125 0.0125
1 0.553125 0.3484375 0.028125 0.075
0 0.5515625 0.31875 0.0125 0.0109375
1 0.6484375 0.4015625 0.0546875 0.140625
0 0.65 0.346875 0.01875 0.01875
1 0.6359375 0.3140625 0.0265625 0.0765625
0 0.6328125 0.284375 0.0140625 0.0125
1 0.7703125 0.303125 0.0375 0.090625
0 0.7796875 0.2671875 0.0125 0.0125
1 0.8109375 0.3859375 0.0375 0.1125
0 0.8109375 0.3421875 0.0140625 0.01875
1 0.85 0.3875 0.0484375 0.1265625
0 0.853125 0.3375 0.015625 0.0203125
1 0.8953125 0.3140625 0.034375 0.1078125
0 0.8890625 0.271875 0.015625 0.0171875
1 0.9390625 0.421875 0.0359375 0.11875
0 0.9390625 0.375 0.015625 0.01875
1 0.9546875 0.41875 0.040625 0.1234375
0 0.9578125 0.3671875 0.015625 0.015625
1 0.984375 0.4328125 0.0265625 0.1390625
0 0.9890625 0.3734375 0.01875 0.01875