1 0.0515625 0.625 0.0109375 0.0203125
0 0.0515625 0.6203125 0.003125 0.003125
1 0.1859375 0.634375 0.0109375 0.0140625
0 0.1859375 0.63125 0.003125 0.003125
1 0.1140625 0.6671875 0.0109375 0.028125
0 0.115625 0.6609375 0.003125 0.003125
1 0.1421875 0.684375 0.0109375 0.025
0 0.1421875 0.675 0.003125 0.0046875
1 0.175 0.678125 0.0109375 0.021875
0 0.1765625 0.6703125 0.003125 0.003125
1 0.196875 0.68125 0.009375 0.025
0 0.1984375 0.671875 0.003125 0.003125
1 0.0890625 0.6546875 0.009375 0.0203125
0 0.0890625 0.6546875 0.009375 0.0203125
1 0.0765625 0.6453125 0.0109375 0.01875
0 0.075 0.6390625 0.003125 0.003125
1 0.3578125 0.6703125 0.0109375 0.021875
0 0.3578125 0.6625 0.003125 0.003125
1 0.4828125 0.7265625 0.009375 0.028125
0 0.4859375 0.715625 0.003125 0.003125
1 0.509375 0.659375 0.009375 0.021875
0 0.5109375 0.653125 0.003125 0.003125
1 0.6453125 0.68125 0.0109375 0.028125
0 0.646875 0.671875 0.003125 0.0046875
1 0.715625 0.7046875 0.0109375 0.028125
0 0.715625 0.69375 0.003125 0.0046875
1 0.6890625 0.7015625 0.0109375 0.0265625
0 0.690625 0.6921875 0.003125 0.003125
1 0.6578125 0.709375 0.0109375 0.028125
0 0.659375 0.6984375 0.003125 0.003125
1 0.6609375 0.703125 0.0109375 0.0265625
0 0.6609375 0.703125 0.0109375 0.0265625
1 0.6640625 0.6984375 0.0109375 0.0328125
0 0.665625 0.6859375 0.003125 0.0046875
1 0.6875 0.684375 0.0109375 0.0234375
0 0.6890625 0.675 0.003125 0.0046875
1 0.746875 0.740625 0.0125 0.028125
0 0.7484375 0.73125 0.0046875 0.0046875
1 0.7734375 0.7203125 0.0109375 0.0265625
0 0.7734375 0.7109375 0.003125 0.003125
1 0.7921875 0.703125 0.0109375 0.0265625
0 0.79375 0.69375 0.003125 0.003125
1 0.80625 0.7 0.0109375 0.028125
0 0.80625 0.690625 0.0046875 0.0046875
1 0.83125 0.6828125 0.0109375 0.025
0 0.83125 0.6734375 0.003125 0.003125
1 0.81875 0.7265625 0.0125 0.028125
0 0.81875 0.715625 0.0046875 0.0046875
1 0.8203125 0.7203125 0.0109375 0.0265625
0 0.821875 0.7109375 0.003125 0.003125
1 0.8296875 0.728125 0.0109375 0.0265625
0 0.8296875 0.7171875 0.003125 0.003125
1 0.8546875 0.7390625 0.0109375 0.028125
0 0.85625 0.728125 0.0046875 0.003125
1 0.86875 0.7421875 0.0109375 0.021875
0 0.86875 0.7359375 0.0046875 0.0046875
1 0.8859375 0.7328125 0.0109375 0.0296875
0 0.8890625 0.721875 0.00625 0.0046875
1 0.8609375 0.715625 0.015625 0.028125
0 0.865625 0.70625 0.0046875 0.0046875
1 0.86875 0.7140625 0.0109375 0.0296875
0 0.871875 0.7046875 0.0046875 0.0046875
1 0.88125 0.684375 0.009375 0.021875
0 0.884375 0.6765625 0.003125 0.003125
1 0.8921875 0.684375 0.009375 0.0234375
0 0.8921875 0.6734375 0.003125 0.003125
1 0.909375 0.69375 0.0109375 0.0171875
0 0.9078125 0.6875 0.003125 0.003125
1 0.9140625 0.690625 0.0109375 0.0234375
0 0.915625 0.6828125 0.003125 0.003125
1 0.9203125 0.715625 0.0140625 0.0265625
0 0.921875 0.7046875 0.003125 0.003125
1 0.94375 0.73125 0.0109375 0.021875
0 0.946875 0.725 0.003125 0.003125
1 0.9421875 0.7484375 0.015625 0.0140625
0 0.94375 0.7453125 0.00625 0.0046875
1 0.98125 0.7484375 0.0140625 0.0140625
0 0.9828125 0.7453125 0.003125 0.003125
1 0.9921875 0.6921875 0.009375 0.021875
0 0.9921875 0.6875 0.00625 0.00625
1 0.9515625 0.6828125 0.0125 0.028125
0 0.9484375 0.6703125 0.003125 0.003125
1 0.9828125 0.6546875 0.009375 0.0203125
0 0.9828125 0.6484375 0.003125 0.003125
1 0.8390625 0.6234375 0.009375 0.0203125
0 0.8421875 0.61875 0.003125 0.003125
1 0.746875 0.640625 0.009375 0.0171875
0 0.746875 0.6359375 0.003125 0.003125
1 0.75625 0.6234375 0.0109375 0.0109375
0 0.7546875 0.6203125 0.0015625 0.003125