1 0.7359375 0.5828125 0.259375 0.4875
0 0.7578125 0.459375 0.0546875 0.0625
1 0.54375 0.5375 0.109375 0.325
0 0.5390625 0.4015625 0.040625 0.04375
1 0.3453125 0.5734375 0.096875 0.334375
0 0.3484375 0.4328125 0.0390625 0.046875
1 0.3234375 0.609375 0.1625 0.39375
0 0.325 0.4453125 0.05 0.05625
1 0.1734375 0.5140625 0.0859375 0.18125
0 0.1640625 0.4390625 0.025 0.0265625
1 0.125 0.590625 0.2296875 0.434375
0 0.090625 0.4109375 0.0640625 0.0640625
1 0.028125 0.5140625 0.0546875 0.1765625
0 0.015625 0.4390625 0.0265625 0.0234375