1 0.0484375 0.6109375 0.0890625 0.2234375
0 0.01875 0.528125 0.0375 0.04375
1 0.05 0.678125 0.09375 0.3140625
0 0.0390625 0.5640625 0.0546875 0.0625
1 0.17421875 0.6125 0.3484375 0.765625
0 0.2328125 0.284375 0.0828125 0.109375
1 0.3171875 0.5515625 0.19375 0.6484375
0 0.34375 0.271875 0.06875 0.0828125
1 0.3703125 0.653125 0.06875 0.2171875
0 0.378125 0.56875 0.0203125 0.0234375
1 0.4171875 0.64375 0.0515625 0.203125
0 0.4203125 0.5578125 0.0234375 0.028125
1 0.5046875 0.5890625 0.1828125 0.6640625
0 0.515625 0.303125 0.06875 0.096875
1 0.659375 0.61875 0.16875 0.5890625
0 0.653125 0.3625 0.0625 0.0765625
1 0.7328125 0.5828125 0.1234375 0.4234375
0 0.7203125 0.409375 0.04375 0.0515625
1 0.796875 0.6078125 0.19375 0.5828125
0 0.753125 0.359375 0.0625 0.078125
1 0.8734375 0.6234375 0.0734375 0.196875
0 0.88125 0.5484375 0.0234375 0.0234375
1 0.9078125 0.63125 0.078125 0.2203125
0 0.9140625 0.546875 0.034375 0.028125
1 0.9390625 0.603125 0.1109375 0.4890625
0 0.9640625 0.39375 0.0609375 0.0625