1 0.346875 0.534375 0.19375 0.4375
0 0.353125 0.3765625 0.05625 0.0734375
1 0.7734375 0.5265625 0.1703125 0.3125
0 0.7296875 0.409375 0.0484375 0.053125
1 0.934375 0.4546875 0.109375 0.2578125
0 0.91875 0.3703125 0.0375 0.05
1 0.84375 0.421875 0.1203125 0.225
0 0.825 0.346875 0.0359375 0.0453125
1 0.8796875 0.2796875 0.08125 0.146875
0 0.8828125 0.225 0.0234375 0.028125
1 0.1015625 0.3078125 0.0671875 0.1484375
0 0.1015625 0.253125 0.0328125 0.0359375
1 0.0734375 0.2671875 0.0734375 0.159375
0 0.0703125 0.2 0.03125 0.0234375
1 0.2375 0.265625 0.0703125 0.15625
0 0.2515625 0.1984375 0.0296875 0.021875
1 0.2859375 0.2625 0.0578125 0.14375
0 0.2875 0.209375 0.021875 0.0296875
1 0.325 0.25625 0.0453125 0.1375
0 0.3265625 0.1953125 0.0234375 0.015625
1 0.39375 0.25625 0.0640625 0.1359375
0 0.3953125 0.2046875 0.025 0.0328125
1 0.41875 0.2546875 0.0640625 0.125
0 0.421875 0.209375 0.0234375 0.025
1 0.4640625 0.2578125 0.059375 0.1296875
0 0.46875 0.2109375 0.021875 0.0234375
1 0.428125 0.253125 0.0515625 0.1203125
0 0.421875 0.2109375 0.0234375 0.025