1 0.1375 0.696875 0.1578125 0.446875
0 0.1265625 0.5 0.0515625 0.05
1 0.2375 0.6921875 0.128125 0.3640625
0 0.2296875 0.540625 0.040625 0.0515625
1 0.36875 0.6625 0.290625 0.5765625
0 0.3828125 0.434375 0.0890625 0.1125
1 0.46875 0.696875 0.1515625 0.4625
0 0.48125 0.5234375 0.0796875 0.1
1 0.5703125 0.7046875 0.3015625 0.490625
0 0.559375 0.515625 0.075 0.096875
1 0.6515625 0.746875 0.1765625 0.40625
0 0.634375 0.6015625 0.0859375 0.1046875
1 0.35625 0.7328125 0.21875 0.4375
0 0.353125 0.5765625 0.0921875 0.1109375