1 0.8453125 0.78125 0.053125 0.140625
0 0.8453125 0.721875 0.0171875 0.01875
1 0.85625 0.771875 0.0328125 0.128125
0 0.8609375 0.7171875 0.015625 0.0171875
1 0.7984375 0.78125 0.053125 0.14375
0 0.7953125 0.71875 0.015625 0.0171875
1 0.8015625 0.765625 0.053125 0.128125
0 0.7984375 0.715625 0.0171875 0.01875
1 0.7796875 0.7171875 0.028125 0.059375
0 0.7828125 0.6921875 0.0109375 0.009375
1 0.7421875 0.73125 0.028125 0.0828125
0 0.740625 0.696875 0.009375 0.0109375
1 0.7296875 0.721875 0.0203125 0.0625
0 0.728125 0.6953125 0.0046875 0.00625
1 0.55 0.746875 0.028125 0.0953125
0 0.553125 0.7046875 0.009375 0.0109375
1 0.53125 0.7453125 0.0546875 0.1046875
0 0.5296875 0.7015625 0.0125 0.0140625
1 0.5140625 0.7515625 0.028125 0.08125
0 0.515625 0.71875 0.0109375 0.0125
1 0.4953125 0.7640625 0.040625 0.146875
0 0.49375 0.703125 0.015625 0.021875
1 0.4671875 0.81875 0.0796875 0.21875
0 0.471875 0.725 0.01875 0.021875
1 0.453125 0.7625 0.040625 0.13125
0 0.453125 0.709375 0.0140625 0.01875
1 0.4296875 0.80625 0.0609375 0.20625
0 0.43125 0.7203125 0.025 0.028125
1 0.446875 0.8578125 0.11875 0.2796875
0 0.4421875 0.7390625 0.03125 0.0390625
1 0.3640625 0.80625 0.065625 0.1921875
0 0.3640625 0.7296875 0.0234375 0.021875
1 0.2125 0.7796875 0.0453125 0.134375
0 0.215625 0.7234375 0.0203125 0.01875
1 0.2453125 0.7859375 0.0515625 0.1515625
0 0.253125 0.725 0.0203125 0.0203125
1 0.2609375 0.8546875 0.203125 0.2859375
0 0.284375 0.76875 0.06875 0.0890625
1 0.321875 0.8203125 0.0796875 0.228125
0 0.3265625 0.728125 0.0328125 0.0390625