1 0.45 0.9078125 0.0375 0.11875
0 0.446875 0.8609375 0.0203125 0.01875
1 0.3984375 0.9109375 0.0328125 0.06875
0 0.4015625 0.8859375 0.009375 0.0125
1 0.446875 0.8953125 0.0421875 0.0875
0 0.4421875 0.8609375 0.009375 0.0125
1 0.4296875 0.8609375 0.0296875 0.075
0 0.428125 0.8328125 0.009375 0.009375
1 0.4578125 0.878125 0.025 0.090625
0 0.45625 0.8421875 0.0125 0.0140625
1 0.4609375 0.859375 0.025 0.0734375
0 0.4625 0.8296875 0.0078125 0.009375
1 0.484375 0.8578125 0.025 0.0765625
0 0.4875 0.8265625 0.0078125 0.009375
1 0.496875 0.8609375 0.0171875 0.071875
0 0.4984375 0.8328125 0.0078125 0.0078125
1 0.5140625 0.8515625 0.0265625 0.065625
0 0.51875 0.8265625 0.0078125 0.009375
1 0.5359375 0.853125 0.0234375 0.0640625
0 0.5375 0.828125 0.0078125 0.0078125
1 0.5625 0.85 0.0265625 0.0640625
0 0.5640625 0.8265625 0.0078125 0.0078125
1 0.578125 0.8859375 0.05 0.121875
0 0.58125 0.834375 0.0140625 0.015625
1 0.578125 0.8484375 0.015625 0.065625
0 0.58125 0.8234375 0.009375 0.009375
1 0.5921875 0.853125 0.01875 0.0609375
0 0.5890625 0.8296875 0.00625 0.0078125
1 0.61875 0.8515625 0.025 0.0625
0 0.6234375 0.828125 0.0109375 0.009375
1 0.653125 0.90625 0.05 0.1328125
0 0.6546875 0.8515625 0.015625 0.0171875
1 0.6859375 0.859375 0.034375 0.084375
0 0.6875 0.8265625 0.0125 0.0125
1 0.728125 0.85 0.025 0.0703125
0 0.728125 0.8234375 0.0078125 0.009375
1 0.7484375 0.8609375 0.028125 0.08125
0 0.74375 0.8296875 0.0109375 0.0125
1 0.7890625 0.85 0.025 0.0734375
0 0.7875 0.821875 0.0125 0.0125
1 0.8109375 0.8484375 0.025 0.075
0 0.8078125 0.8171875 0.0078125 0.009375
1 0.8203125 0.8453125 0.015625 0.0546875
0 0.8203125 0.8265625 0.009375 0.009375