1 0.8765625 0.703125 0.2421875 0.2546875
0 0.9515625 0.6890625 0.09375 0.125
1 0.7953125 0.7046875 0.2265625 0.2515625
0 0.79375 0.621875 0.0671875 0.0828125
1 0.959375 0.6328125 0.075 0.1296875
0 0.9671875 0.584375 0.0328125 0.03125
1 0.9 0.628125 0.0984375 0.1265625
0 0.9296875 0.5796875 0.0203125 0.025
1 0.8640625 0.6453125 0.08125 0.13125
0 0.8515625 0.596875 0.028125 0.028125
1 0.8515625 0.628125 0.1203125 0.1515625
0 0.8296875 0.571875 0.03125 0.03125
1 0.7453125 0.615625 0.0484375 0.1984375
0 0.753125 0.534375 0.025 0.0328125
1 0.95 0.5796875 0.0625 0.0796875
0 0.946875 0.5484375 0.0140625 0.015625
1 0.96875 0.55625 0.0578125 0.078125
0 0.9625 0.5265625 0.0125 0.015625
1 0.8125 0.5640625 0.0296875 0.059375
0 0.8125 0.5390625 0.009375 0.009375
1 0.803125 0.5484375 0.03125 0.0640625
0 0.8015625 0.5234375 0.009375 0.009375