1 0.6546875 0.7109375 0.2484375 0.265625
0 0.621875 0.60625 0.040625 0.05
1 0.3515625 0.6859375 0.3421875 0.240625
0 0.4875 0.65 0.040625 0.0515625
1 0.665625 0.6234375 0.20625 0.290625
0 0.6578125 0.50625 0.040625 0.046875
1 0.5375 0.6109375 0.134375 0.265625
0 0.5296875 0.5109375 0.040625 0.053125
1 0.4375 0.6265625 0.1515625 0.23125
0 0.4546875 0.5421875 0.0375 0.0515625
1 0.33125 0.63125 0.1546875 0.2203125
0 0.3453125 0.5484375 0.0375 0.0453125
1 0.1609375 0.565625 0.1234375 0.3640625
0 0.1640625 0.4125 0.0390625 0.053125
1 0.253125 0.571875 0.175 0.340625
0 0.265625 0.4296875 0.0375 0.046875
1 0.3125 0.5625 0.1875 0.3578125
0 0.3375 0.4171875 0.034375 0.0484375
1 0.4359375 0.5625 0.125 0.3640625
0 0.421875 0.4109375 0.0375 0.0484375
1 0.546875 0.58125 0.121875 0.3234375
0 0.5578125 0.4484375 0.034375 0.0484375
1 0.5984375 0.559375 0.2015625 0.35
0 0.634375 0.4140625 0.0375 0.046875
1 0.8125 0.5765625 0.10625 0.3546875
0 0.8234375 0.428125 0.0390625 0.0515625
1 0.7296875 0.5515625 0.1609375 0.346875
0 0.7484375 0.4140625 0.040625 0.053125
1 0.621875 0.5234375 0.1828125 0.340625
0 0.665625 0.3859375 0.0375 0.04375
1 0.5625 0.5328125 0.134375 0.3296875
0 0.5765625 0.4 0.034375 0.04375
1 0.4609375 0.5484375 0.16875 0.39375
0 0.4765625 0.3828125 0.0390625 0.0484375
1 0.3609375 0.5453125 0.14375 0.3921875
0 0.38125 0.38125 0.040625 0.046875
1 0.303125 0.5546875 0.2265625 0.38125
0 0.2671875 0.390625 0.034375 0.046875
1 0.05 0.3171875 0.040625 0.084375
0 0.04375 0.2859375 0.0125 0.0125
1 0.353125 0.334375 0.05 0.0890625
0 0.3703125 0.3015625 0.015625 0.015625