1 0.10625 0.5296875 0.01875 0.05
0 0.1078125 0.5125 0.00625 0.009375
1 0.025 0.5984375 0.028125 0.0734375
0 0.0234375 0.5703125 0.0109375 0.009375
1 0.021875 0.734375 0.0421875 0.0859375
0 0.025 0.7015625 0.0140625 0.015625
1 0.0875 0.7359375 0.046875 0.0828125
0 0.0953125 0.7078125 0.015625 0.0203125
1 0.0390625 0.7015625 0.046875 0.109375
0 0.0421875 0.65625 0.015625 0.015625
1 0.0640625 0.6875 0.0359375 0.109375
0 0.065625 0.64375 0.0140625 0.01875
1 0.13125 0.678125 0.0359375 0.1109375
0 0.125 0.63125 0.0140625 0.0125
1 0.1421875 0.6640625 0.028125 0.084375
0 0.1375 0.6296875 0.0109375 0.0109375
1 0.1640625 0.653125 0.0328125 0.09375
0 0.165625 0.6140625 0.0109375 0.009375
1 0.196875 0.6453125 0.0359375 0.09375
0 0.196875 0.6046875 0.0109375 0.009375
1 0.2125 0.6390625 0.0203125 0.0765625
0 0.2109375 0.60625 0.009375 0.009375
1 0.234375 0.6140625 0.0234375 0.0703125
0 0.2328125 0.584375 0.00625 0.009375
1 0.2375 0.596875 0.025 0.06875
0 0.2359375 0.56875 0.00625 0.00625
1 0.1375 0.61875 0.025 0.08125
0 0.140625 0.584375 0.0109375 0.0109375
1 0.1703125 0.7203125 0.05 0.1046875
0 0.1796875 0.678125 0.015625 0.0171875
1 0.2546875 0.725 0.0515625 0.1046875
0 0.246875 0.68125 0.015625 0.0125
1 0.2 0.740625 0.0421875 0.075
0 0.196875 0.7515625 0.021875 0.0203125
1 0.1765625 0.740625 0.0421875 0.0734375
0 0.1859375 0.7390625 0.0171875 0.0203125
1 0.1953125 0.7421875 0.0359375 0.0703125
0 0.1921875 0.7265625 0.0140625 0.01875
1 0.30625 0.728125 0.0390625 0.1
0 0.3 0.6875 0.015625 0.015625
1 0.39375 0.7390625 0.0421875 0.0765625
0 0.3984375 0.759375 0.021875 0.025
1 0.45 0.740625 0.0390625 0.0734375
0 0.4421875 0.76875 0.021875 0.021875
1 0.4375 0.678125 0.0625 0.1015625
0 0.4265625 0.6421875 0.0125 0.015625
1 0.3625 0.678125 0.0328125 0.1046875
0 0.3609375 0.6328125 0.0140625 0.009375
1 0.30625 0.66875 0.040625 0.09375
0 0.3125 0.6296875 0.0125 0.009375
1 0.29375 0.6578125 0.034375 0.0921875
0 0.296875 0.6203125 0.0125 0.009375
1 0.6453125 0.70625 0.0546875 0.14375
0 0.646875 0.6703125 0.015625 0.01875
1 0.690625 0.703125 0.046875 0.146875
0 0.6953125 0.6625 0.015625 0.0171875
1 0.071875 0.6359375 0.021875 0.075
0 0.0734375 0.6078125 0.0078125 0.009375
1 0.0921875 0.6359375 0.021875 0.06875
0 0.0953125 0.609375 0.009375 0.009375
1 0.1140625 0.628125 0.021875 0.075
0 0.115625 0.5984375 0.009375 0.0109375
1 0.165625 0.603125 0.021875 0.0703125
0 0.1703125 0.575 0.0109375 0.009375
1 0.1765625 0.6265625 0.021875 0.0765625
0 0.1796875 0.596875 0.0109375 0.0109375
1 0.190625 0.603125 0.021875 0.075
0 0.1921875 0.5734375 0.0078125 0.009375
1 0.2046875 0.6078125 0.0265625 0.0828125
0 0.2046875 0.575 0.0109375 0.009375
1 0.215625 0.5875 0.021875 0.0796875
0 0.215625 0.55625 0.0078125 0.009375
1 0.2 0.5421875 0.01875 0.05625
0 0.2015625 0.5234375 0.00625 0.00625
1 0.24375 0.5453125 0.0171875 0.0546875
0 0.246875 0.528125 0.00625 0.00625
1 0.2703125 0.5484375 0.021875 0.05
0 0.2703125 0.53125 0.00625 0.00625
1 0.271875 0.6078125 0.0296875 0.0765625
0 0.2703125 0.5765625 0.0109375 0.009375
1 0.2796875 0.6 0.0171875 0.0734375
0 0.278125 0.56875 0.0078125 0.0078125
1 0.2953125 0.59375 0.0203125 0.0703125
0 0.2921875 0.56875 0.0078125 0.009375
1 0.3203125 0.6046875 0.021875 0.0703125
0 0.321875 0.575 0.009375 0.009375
1 0.35 0.6015625 0.025 0.06875
0 0.3484375 0.5734375 0.0109375 0.009375
1 0.3703125 0.60625 0.0234375 0.078125
0 0.3703125 0.575 0.0078125 0.009375
1 0.3109375 0.578125 0.015625 0.0625
0 0.3109375 0.553125 0.0078125 0.00625
1 0.3171875 0.5453125 0.0109375 0.034375
0 0.315625 0.5328125 0.0046875 0.00625
1 0.3421875 0.5578125 0.01875 0.05625
0 0.3421875 0.5359375 0.0078125 0.00625
1 0.35625 0.56875 0.015625 0.0546875
0 0.359375 0.546875 0.00625 0.00625
1 0.375 0.559375 0.01875 0.0546875
0 0.375 0.5375 0.00625 0.00625
1 0.3921875 0.5609375 0.015625 0.0515625
0 0.39375 0.540625 0.00625 0.00625
1 0.4109375 0.5609375 0.0265625 0.0515625
0 0.4109375 0.540625 0.00625 0.00625
1 0.4015625 0.5234375 0.0140625 0.0421875
0 0.4046875 0.5078125 0.0046875 0.00625
1 0.4015625 0.63125 0.03125 0.0765625
0 0.396875 0.6015625 0.0109375 0.0109375
1 0.4171875 0.621875 0.025 0.0703125
0 0.4171875 0.59375 0.0109375 0.009375
1 0.7625 0.640625 0.040625 0.09375
0 0.765625 0.603125 0.009375 0.0125
1 0.790625 0.6015625 0.03125 0.075
0 0.7875 0.571875 0.009375 0.0109375
1 0.790625 0.6296875 0.0296875 0.0796875
0 0.7921875 0.6 0.0078125 0.009375
1 0.7953125 0.6828125 0.0328125 0.096875
0 0.8015625 0.6453125 0.0109375 0.0140625
1 0.9046875 0.6984375 0.0390625 0.1046875
0 0.90625 0.6546875 0.0140625 0.015625
1 0.965625 0.6984375 0.0421875 0.109375
0 0.965625 0.6546875 0.0140625 0.0171875
1 0.984375 0.68125 0.0234375 0.0984375
0 0.98125 0.6390625 0.0125 0.0140625
1 0.9671875 0.678125 0.034375 0.1078125
0 0.971875 0.6328125 0.0140625 0.0140625
1 0.9296875 0.6390625 0.0265625 0.09375
0 0.93125 0.5984375 0.009375 0.0109375
1 0.88125 0.6421875 0.0328125 0.0796875
0 0.8859375 0.6109375 0.009375 0.0125
1 0.3234375 0.55625 0.015625 0.046875
0 0.325 0.5375 0.00625 0.0078125
1 0.428125 0.596875 0.0265625 0.06875
0 0.4265625 0.5703125 0.0078125 0.009375
1 0.85625 0.703125 0.0296875 0.1078125
0 0.859375 0.6625 0.0125 0.0171875
1 0.846875 0.6828125 0.0328125 0.109375
0 0.846875 0.634375 0.0109375 0.0109375
1 0.8296875 0.66875 0.0453125 0.1046875
0 0.8359375 0.621875 0.0109375 0.009375
1 0.8203125 0.659375 0.0296875 0.1
0 0.828125 0.61875 0.0125 0.0125
1 0.85625 0.6390625 0.0234375 0.0765625
0 0.859375 0.609375 0.00625 0.009375
1 0.871875 0.63125 0.0203125 0.078125
0 0.875 0.6 0.009375 0.0125
1 0.8453125 0.6140625 0.0234375 0.078125
0 0.85 0.584375 0.00625 0.009375
1 0.90625 0.6421875 0.0265625 0.0796875
0 0.9109375 0.6125 0.0109375 0.0125
1 0.90625 0.61875 0.0234375 0.075
0 0.9125 0.5875 0.009375 0.009375
1 0.9265625 0.6625 0.01875 0.084375
0 0.9296875 0.628125 0.0109375 0.0109375
1 0.93125 0.6578125 0.015625 0.09375
0 0.9328125 0.61875 0.0109375 0.0109375
1 0.94375 0.6625 0.0265625 0.096875
0 0.94375 0.6234375 0.0125 0.015625
1 0.9859375 0.6734375 0.021875 0.1140625
0 0.9875 0.6265625 0.009375 0.0109375