1 0.9140625 0.603125 0.096875 0.1859375
0 0.9 0.521875 0.0296875 0.025
1 0.8859375 0.5390625 0.009375 0.03125
0 0.8875 0.5265625 0.0046875 0.0046875
1 0.8765625 0.5359375 0.0078125 0.03125
0 0.8765625 0.5234375 0.003125 0.003125
1 0.878125 0.546875 0.0140625 0.046875
0 0.8765625 0.5296875 0.0078125 0.0078125
1 0.871875 0.540625 0.009375 0.03125
0 0.8703125 0.528125 0.0046875 0.0046875
1 0.859375 0.55 0.0265625 0.0640625
0 0.8578125 0.525 0.0078125 0.009375
1 0.8328125 0.5515625 0.021875 0.0609375
0 0.8359375 0.5265625 0.00625 0.00625
1 0.840625 0.5546875 0.015625 0.059375
0 0.840625 0.5296875 0.0078125 0.0078125
1 0.81875 0.5546875 0.0296875 0.0796875
0 0.821875 0.5203125 0.0109375 0.009375
1 0.8359375 0.55625 0.0421875 0.075
0 0.8234375 0.521875 0.0078125 0.0078125
1 0.80625 0.55 0.01875 0.065625
0 0.8078125 0.521875 0.00625 0.0078125
1 0.8015625 0.5453125 0.0140625 0.0484375
0 0.8015625 0.5265625 0.00625 0.00625
1 0.784375 0.5453125 0.015625 0.05
0 0.7828125 0.525 0.00625 0.0078125
1 0.7703125 0.5390625 0.0109375 0.03125
0 0.7703125 0.5265625 0.003125 0.003125
1 0.759375 0.5578125 0.028125 0.0859375
0 0.7625 0.5203125 0.009375 0.0109375
1 0.7421875 0.5453125 0.01875 0.0421875
0 0.74375 0.528125 0.0046875 0.0046875
1 0.734375 0.546875 0.015625 0.04375
0 0.7359375 0.528125 0.00625 0.00625
1 0.7296875 0.54375 0.0109375 0.0390625
0 0.73125 0.528125 0.0046875 0.00625
1 0.7125 0.55625 0.0421875 0.078125
0 0.7171875 0.5234375 0.009375 0.009375
1 0.684375 0.578125 0.05 0.1359375
0 0.6859375 0.5234375 0.015625 0.0203125
1 0.6609375 0.5546875 0.0359375 0.071875
0 0.665625 0.5234375 0.0078125 0.009375
1 0.6609375 0.546875 0.0125 0.0453125
0 0.6609375 0.528125 0.003125 0.003125
1 0.6515625 0.55625 0.01875 0.0640625
0 0.65625 0.53125 0.00625 0.00625
1 0.6421875 0.5421875 0.0109375 0.0375
0 0.6421875 0.5265625 0.003125 0.0046875
1 0.634375 0.5421875 0.0109375 0.0375
0 0.6328125 0.528125 0.003125 0.0046875
1 0.628125 0.54375 0.0140625 0.0390625
0 0.6265625 0.528125 0.003125 0.0046875
1 0.61875 0.540625 0.0078125 0.034375
0 0.6171875 0.5265625 0.003125 0.0046875
1 0.6296875 0.565625 0.0234375 0.065625
0 0.6296875 0.5390625 0.0078125 0.0109375
1 0.6046875 0.5609375 0.03125 0.0765625
0 0.6046875 0.5296875 0.0078125 0.009375
1 0.584375 0.5421875 0.009375 0.03125
0 0.5828125 0.5296875 0.003125 0.003125
1 0.5796875 0.5453125 0.0140625 0.0375
0 0.5765625 0.5296875 0.0046875 0.0046875
1 0.56875 0.5421875 0.0078125 0.03125
0 0.5703125 0.5296875 0.0015625 0.003125
1 0.5640625 0.553125 0.0140625 0.0453125
0 0.5625 0.5359375 0.00625 0.00625
1 0.5484375 0.5515625 0.0171875 0.053125
0 0.5515625 0.53125 0.00625 0.00625
1 0.54375 0.546875 0.0125 0.0421875
0 0.5453125 0.5296875 0.003125 0.0046875
1 0.5390625 0.54375 0.009375 0.0359375
0 0.5390625 0.53125 0.003125 0.003125
1 0.528125 0.5515625 0.0171875 0.053125
0 0.528125 0.5296875 0.00625 0.0078125
1 0.515625 0.54375 0.00625 0.025
0 0.5171875 0.5328125 0.0015625 0.0015625
1 0.5109375 0.5421875 0.009375 0.0328125
0 0.5109375 0.53125 0.003125 0.003125
1 0.5 0.5515625 0.015625 0.0484375
0 0.5 0.53125 0.0046875 0.0046875
1 0.4953125 0.5515625 0.0125 0.04375
0 0.496875 0.534375 0.00625 0.0046875
1 0.490625 0.553125 0.0265625 0.053125
0 0.4875 0.53125 0.00625 0.00625
1 0.4828125 0.55625 0.0140625 0.0640625
0 0.4828125 0.53125 0.00625 0.00625
1 0.4671875 0.5671875 0.0375 0.13125
0 0.4703125 0.5140625 0.0125 0.015625
1 0.45 0.55 0.0125 0.0453125
0 0.45 0.53125 0.00625 0.00625
1 0.4453125 0.55 0.015625 0.04375
0 0.44375 0.5390625 0.003125 0.003125
1 0.4359375 0.5515625 0.0125 0.0421875
0 0.4328125 0.5328125 0.0046875 0.0046875
1 0.434375 0.5484375 0.009375 0.0359375
0 0.4328125 0.5328125 0.0046875 0.0046875
1 0.425 0.5546875 0.01875 0.053125
0 0.428125 0.53125 0.00625 0.00625
1 0.425 0.5546875 0.009375 0.040625
0 0.4265625 0.5390625 0.00625 0.0046875
1 0.421875 0.5453125 0.009375 0.0296875
0 0.4203125 0.5328125 0.003125 0.0046875
1 0.415625 0.5453125 0.00625 0.0359375
0 0.4171875 0.53125 0.003125 0.003125
1 0.409375 0.5484375 0.0109375 0.040625
0 0.4109375 0.53125 0.0046875 0.003125
1 0.403125 0.5609375 0.0234375 0.0671875
0 0.4015625 0.53125 0.0078125 0.00625
1 0.4 0.55625 0.009375 0.0515625
0 0.4 0.5359375 0.0046875 0.00625
1 0.3859375 0.5609375 0.021875 0.0671875
0 0.3890625 0.5328125 0.0078125 0.009375
1 0.3640625 0.559375 0.0265625 0.071875
0 0.365625 0.528125 0.0109375 0.0078125
1 0.35 0.546875 0.0078125 0.034375
0 0.3515625 0.5328125 0.003125 0.0046875
1 0.3484375 0.5453125 0.009375 0.0328125
0 0.3515625 0.5328125 0.003125 0.0046875
1 0.3453125 0.55 0.0125 0.0375
0 0.3453125 0.534375 0.0046875 0.0046875
1 0.3375 0.559375 0.0203125 0.0515625
0 0.3359375 0.5375 0.00625 0.0078125
1 0.3296875 0.5546875 0.021875 0.0578125
0 0.3296875 0.53125 0.00625 0.0078125
1 0.3203125 0.553125 0.015625 0.0453125
0 0.3203125 0.5359375 0.003125 0.003125
1 0.3125 0.5453125 0.009375 0.03125
0 0.3140625 0.5328125 0.003125 0.0046875
1 0.2921875 0.55625 0.021875 0.053125
0 0.290625 0.534375 0.0078125 0.0078125
1 0.2765625 0.559375 0.0171875 0.0515625
0 0.278125 0.5390625 0.00625 0.0078125
1 0.2671875 0.5546875 0.0109375 0.04375
0 0.2671875 0.5375 0.00625 0.0078125
1 0.2625 0.559375 0.0171875 0.053125
0 0.265625 0.5375 0.0078125 0.00625
1 0.25 0.5609375 0.015625 0.05
0 0.2515625 0.540625 0.0046875 0.00625
1 0.25 0.5546875 0.01875 0.046875
0 0.25 0.5359375 0.00625 0.00625
1 0.2359375 0.5546875 0.01875 0.0453125
0 0.2390625 0.5375 0.00625 0.0078125
1 0.23125 0.5484375 0.0109375 0.0296875
0 0.2296875 0.5359375 0.003125 0.003125
1 0.2203125 0.546875 0.0140625 0.0359375
0 0.21875 0.5328125 0.003125 0.003125
1 0.2125 0.5484375 0.01875 0.0375
0 0.2140625 0.534375 0.0046875 0.00625
1 0.203125 0.5765625 0.0484375 0.0859375
0 0.2078125 0.5421875 0.0109375 0.0125
1 0.190625 0.578125 0.028125 0.0875
0 0.1984375 0.5421875 0.009375 0.0125
1 0.1859375 0.55625 0.0171875 0.0484375
0 0.190625 0.5359375 0.0078125 0.0078125
1 0.1703125 0.5578125 0.0234375 0.0515625
0 0.1765625 0.5375 0.00625 0.0078125
1 0.159375 0.5546875 0.0171875 0.046875
0 0.159375 0.5375 0.00625 0.00625
1 0.14375 0.5546875 0.028125 0.046875
0 0.1484375 0.534375 0.00625 0.00625
1 0.1421875 0.5515625 0.0109375 0.0359375
0 0.1421875 0.5359375 0.0046875 0.003125
1 0.1296875 0.5515625 0.0171875 0.0421875
0 0.1296875 0.534375 0.0046875 0.0046875
1 0.128125 0.5484375 0.0109375 0.0328125
0 0.1296875 0.534375 0.0046875 0.0046875
1 0.1171875 0.5546875 0.0171875 0.0421875
0 0.1125 0.5375 0.0046875 0.0046875
1 0.1171875 0.5546875 0.0203125 0.034375
0 0.11875 0.540625 0.003125 0.003125
1 0.103125 0.5515625 0.0140625 0.034375
0 0.1015625 0.5390625 0.003125 0.0046875
1 0.0890625 0.5578125 0.0140625 0.040625
0 0.0890625 0.5421875 0.0078125 0.0046875
1 0.0875 0.5484375 0.0109375 0.0359375
0 0.0875 0.534375 0.0046875 0.0046875
1 0.075 0.5734375 0.04375 0.084375
0 0.078125 0.5390625 0.0109375 0.0140625
1 0.03125 0.5859375 0.0609375 0.10625
0 0.0328125 0.5421875 0.0171875 0.015625
1 0.0078125 0.565625 0.0140625 0.059375
0 0.0078125 0.540625 0.0078125 0.0078125
1 0.9671875 0.534375 0.0140625 0.03125
0 0.9671875 0.521875 0.0046875 0.003125
1 0.9765625 0.534375 0.0109375 0.0296875
0 0.9765625 0.521875 0.0015625 0.003125