1 0.2125 0.5375 0.0078125 0.0171875
0 0.2125 0.53125 0.0015625 0.0015625
1 0.1765625 0.540625 0.009375 0.01875
0 0.175 0.534375 0.003125 0.003125
1 0.5203125 0.5203125 0.00625 0.015625
0 0.521875 0.515625 0.0015625 0.0015625
1 0.5453125 0.525 0.00625 0.021875
0 0.5453125 0.515625 0.003125 0.003125
1 0.56875 0.5265625 0.0078125 0.0234375
0 0.5671875 0.51875 0.003125 0.003125
1 0.5609375 0.525 0.00625 0.021875
0 0.559375 0.5171875 0.0015625 0.003125
1 0.55625 0.5234375 0.00625 0.021875
0 0.55625 0.515625 0.003125 0.003125
1 0.584375 0.5234375 0.0078125 0.0234375
0 0.584375 0.515625 0.003125 0.003125
1 0.578125 0.5203125 0.009375 0.025
0 0.578125 0.5125 0.003125 0.003125
1 0.59375 0.5234375 0.0140625 0.0265625
0 0.590625 0.5125 0.003125 0.0046875
1 0.6015625 0.521875 0.0078125 0.0203125
0 0.6015625 0.5140625 0.003125 0.003125
1 0.634375 0.5203125 0.015625 0.0375
0 0.634375 0.50625 0.0046875 0.0046875
1 0.6453125 0.51875 0.021875 0.0390625
0 0.6484375 0.5046875 0.00625 0.00625
1 0.6515625 0.5328125 0.0203125 0.0453125
0 0.646875 0.515625 0.00625 0.00625
1 0.6703125 0.53125 0.015625 0.040625
0 0.6703125 0.515625 0.00625 0.0078125
1 0.6765625 0.5234375 0.0125 0.034375
0 0.6765625 0.509375 0.003125 0.0046875
1 0.7515625 0.5234375 0.0125 0.0359375
0 0.753125 0.509375 0.0046875 0.0046875
1 0.7609375 0.53125 0.0171875 0.0578125
0 0.7578125 0.509375 0.009375 0.009375
1 0.775 0.5375 0.0203125 0.046875
0 0.771875 0.5203125 0.0078125 0.009375
1 0.971875 0.528125 0.05 0.1015625
0 0.975 0.49375 0.025 0.028125
1 0.959375 0.6 0.0765625 0.2421875
0 0.94375 0.496875 0.0328125 0.0359375
1 0.734375 0.6203125 0.0640625 0.1609375
0 0.7375 0.5515625 0.015625 0.0171875
1 0.6875 0.6484375 0.0890625 0.225
0 0.6703125 0.553125 0.025 0.0296875
1 0.653125 0.5796875 0.0359375 0.0734375
0 0.65 0.5546875 0.0203125 0.0234375
1 0.6140625 0.584375 0.078125 0.1625
0 0.615625 0.5203125 0.0265625 0.0328125
1 0.65 0.6609375 0.1234375 0.2359375
0 0.6203125 0.5640625 0.028125 0.0359375
1 0.7125 0.69375 0.1375 0.2
0 0.678125 0.6109375 0.0328125 0.03125
1 0.596875 0.6703125 0.1328125 0.24375
0 0.5765625 0.56875 0.0328125 0.0375
1 0.55 0.6875 0.1875 0.2640625
0 0.521875 0.5765625 0.0328125 0.0390625
1 0.3953125 0.6375 0.1578125 0.25625
0 0.365625 0.5359375 0.0375 0.04375
1 0.2734375 0.6703125 0.1703125 0.2875
0 0.2671875 0.55625 0.0453125 0.0578125
1 0.1625 0.6140625 0.015625 0.0171875
0 0.159375 0.609375 0 0.0015625
1 0.453125 0.6046875 0.0125 0.0265625
0 0.4515625 0.596875 0.003125 0.003125
1 0.4671875 0.5890625 0.0203125 0.0296875
0 0.4671875 0.578125 0.003125 0.003125
1 0.4859375 0.58125 0.0125 0.03125
0 0.484375 0.5703125 0.0015625 0.0015625
1 0.4921875 0.5875 0.0078125 0.025
0 0.49375 0.578125 0.0015625 0.0015625
1 0.453125 0.565625 0.0109375 0.025
0 0.4546875 0.5546875 0.0015625 0.0015625
1 0.4453125 0.5578125 0.009375 0.025
0 0.4453125 0.5484375 0.0015625 0.0015625
1 0.45 0.5578125 0.00625 0.025
0 0.45 0.546875 0.0015625 0.0015625
1 0.8078125 0.671875 0.378125 0.384375
0 0.8375 0.4875 0.1296875 0.15