1 0.575 0.609375 0.3140625 0.340625
0 0.659375 0.3734375 0.1140625 0.1171875
1 0.453125 0.59375 0.2171875 0.371875
0 0.4875 0.3671875 0.0828125 0.0890625
1 0.2046875 0.5484375 0.1421875 0.4609375
0 0.234375 0.3703125 0.065625 0.0640625
1 0.1421875 0.553125 0.1390625 0.446875
0 0.171875 0.36875 0.05625 0.053125
1 0.075 0.55625 0.1109375 0.3765625
0 0.09375 0.4078125 0.0515625 0.0515625
1 0.95 0.5515625 0.096875 0.340625
0 0.9796875 0.40625 0.0359375 0.046875
1 0.909375 0.48125 0.0546875 0.1453125
0 0.90625 0.421875 0.015625 0.0171875
1 0.825 0.51875 0.0421875 0.0640625
0 0.825 0.4953125 0.0140625 0.0171875
1 0.7765625 0.515625 0.0453125 0.065625
0 0.7703125 0.49375 0.0140625 0.0171875
1 0.75 0.5109375 0.04375 0.0703125
0 0.740625 0.4890625 0.0171875 0.01875
1 0.728125 0.4921875 0.034375 0.1125
0 0.7296875 0.45625 0.015625 0.0171875
1 0.753125 0.4875 0.046875 0.1171875
0 0.75 0.4390625 0.0140625 0.01875
1 0.775 0.4859375 0.05 0.1203125
0 0.7671875 0.4375 0.0171875 0.01875
1 0.790625 0.484375 0.0296875 0.1
0 0.79375 0.4453125 0.015625 0.0171875
1 0.8046875 0.4890625 0.03125 0.090625
0 0.803125 0.4546875 0.0125 0.0171875
1 0.8265625 0.478125 0.0390625 0.1125
0 0.825 0.43125 0.0140625 0.01875
1 0.8046875 0.5109375 0.0375 0.0734375
0 0.8015625 0.484375 0.015625 0.0171875
1 0.834375 0.5109375 0.05 0.075
0 0.828125 0.484375 0.015625 0.01875
1 0.8640625 0.509375 0.053125 0.08125
0 0.8671875 0.48125 0.0171875 0.021875
1 0.93125 0.4671875 0.046875 0.125
0 0.9296875 0.415625 0.015625 0.0203125
1 0.8546875 0.4765625 0.040625 0.1125
0 0.8546875 0.4296875 0.0125 0.0140625
1 0.871875 0.48125 0.0328125 0.1359375
0 0.8734375 0.425 0.0140625 0.0171875
1 0.7328125 0.4671875 0.040625 0.134375
0 0.7328125 0.409375 0.0171875 0.0203125
1 0.703125 0.4703125 0.0390625 0.1296875
0 0.7 0.4203125 0.0171875 0.021875
1 0.609375 0.475 0.04375 0.15
0 0.6046875 0.4125 0.021875 0.0234375
1 0.571875 0.4796875 0.0484375 0.146875
0 0.565625 0.4203125 0.015625 0.0171875
1 0.725 0.4765625 0.03125 0.1125
0 0.71875 0.4328125 0.015625 0.0203125
1 0.3140625 0.559375 0.1046875 0.3625
0 0.3359375 0.40625 0.034375 0.0328125
1 0.4296875 0.5515625 0.2125 0.45625
0 0.46875 0.3921875 0.06875 0.065625