1 0.0984375 0.7296875 0.025 0.08125
0 0.0953125 0.6953125 0.0078125 0.009375
1 0.13125 0.6609375 0.01875 0.0515625
0 0.1328125 0.640625 0.00625 0.00625
1 0.2921875 0.690625 0.0265625 0.0671875
0 0.2921875 0.6625 0.00625 0.0078125
1 0.3984375 0.7078125 0.028125 0.0640625
0 0.39375 0.6828125 0.009375 0.0109375
1 0.2453125 0.7875 0.034375 0.0875
0 0.246875 0.753125 0.009375 0.0109375
1 0.271875 0.803125 0.0296875 0.075
0 0.2734375 0.7734375 0.0109375 0.0140625
1 0.425 0.815625 0.025 0.0734375
0 0.425 0.7859375 0.0109375 0.0109375
1 0.41875 0.8046875 0.0296875 0.071875
0 0.41875 0.7765625 0.009375 0.0109375
1 0.44375 0.7875 0.0359375 0.0796875
0 0.4390625 0.759375 0.0078125 0.0140625
1 0.46875 0.803125 0.0296875 0.075
0 0.4734375 0.7734375 0.0125 0.0125
1 0.5890625 0.753125 0.0328125 0.078125
0 0.5875 0.7234375 0.0078125 0.009375
1 0.6125 0.728125 0.0359375 0.078125
0 0.6125 0.696875 0.009375 0.0125
1 0.64375 0.728125 0.034375 0.0703125
0 0.646875 0.7 0.009375 0.0109375
1 0.7578125 0.71875 0.021875 0.065625
0 0.759375 0.6921875 0.009375 0.009375
1 0.78125 0.71875 0.028125 0.071875
0 0.7828125 0.6890625 0.0078125 0.0109375
1 0.8046875 0.7140625 0.0265625 0.0734375
0 0.8 0.6859375 0.0078125 0.0109375
1 0.85 0.7796875 0.0328125 0.0765625
0 0.846875 0.7484375 0.0109375 0.009375
1 0.9640625 0.68125 0.0203125 0.05
0 0.965625 0.665625 0.00625 0.009375
1 0.9421875 0.6796875 0.0234375 0.0515625
0 0.9453125 0.659375 0.0078125 0.009375
1 0.896875 0.66875 0.0265625 0.05
0 0.896875 0.6515625 0.0078125 0.009375
1 0.865625 0.665625 0.0234375 0.0484375
0 0.8671875 0.6484375 0.0078125 0.009375
1 0.85 0.6671875 0.0203125 0.059375
0 0.85 0.64375 0.00625 0.009375
1 0.83125 0.6625 0.0234375 0.05
0 0.8328125 0.64375 0.0078125 0.009375
1 0.7734375 0.653125 0.0234375 0.046875
0 0.7734375 0.6359375 0.0078125 0.009375
1 0.7484375 0.6515625 0.0203125 0.046875
0 0.7515625 0.6359375 0.00625 0.009375
1 0.7375 0.6484375 0.0203125 0.046875
0 0.7421875 0.6328125 0.00625 0.009375
1 0.7265625 0.65 0.0171875 0.053125
0 0.728125 0.628125 0.0046875 0.00625
1 0.6734375 0.640625 0.0203125 0.046875
0 0.671875 0.6234375 0.00625 0.0078125
1 0.940625 0.6171875 0.0234375 0.0453125
0 0.9390625 0.6 0.00625 0.0078125
1 0.8703125 0.609375 0.015625 0.0421875
0 0.871875 0.5921875 0.00625 0.0046875
1 0.7953125 0.634375 0.015625 0.0453125
0 0.7921875 0.6171875 0.0046875 0.0046875
1 0.790625 0.6015625 0.01875 0.03125
0 0.790625 0.590625 0.0046875 0.0046875
1 0.7078125 0.5609375 0.0140625 0.0421875
0 0.7109375 0.5453125 0.0046875 0.0046875
1 0.6265625 0.5828125 0.0171875 0.0375
0 0.63125 0.571875 0.0046875 0.00625
1 0.5453125 0.56875 0.009375 0.034375
0 0.5453125 0.5546875 0.003125 0.003125
1 0.5296875 0.578125 0.0125 0.0359375
0 0.53125 0.5625 0.003125 0.0046875
1 0.6 0.6765625 0.0203125 0.0546875
0 0.6015625 0.6546875 0.0078125 0.0109375
1 0.578125 0.6953125 0.0265625 0.0703125
0 0.578125 0.6671875 0.0078125 0.0109375
1 0.528125 0.646875 0.0171875 0.05625
0 0.5328125 0.6265625 0.0078125 0.009375
1 0.509375 0.6484375 0.01875 0.0546875
0 0.5109375 0.6234375 0.00625 0.00625
1 0.5109375 0.6375 0.025 0.0578125
0 0.5140625 0.615625 0.00625 0.009375
1 0.484375 0.6640625 0.0203125 0.0515625
0 0.484375 0.6453125 0.00625 0.009375
1 0.440625 0.6703125 0.0265625 0.0625
0 0.440625 0.640625 0.009375 0.009375
1 0.4375 0.659375 0.0234375 0.0578125
0 0.4375 0.634375 0.009375 0.009375
1 0.475 0.6328125 0.0171875 0.05
0 0.471875 0.6109375 0.00625 0.00625
1 0.4828125 0.6265625 0.0234375 0.053125
0 0.4765625 0.60625 0.00625 0.009375
1 0.4875 0.6171875 0.015625 0.03125
0 0.4875 0.603125 0.003125 0.003125
1 0.44375 0.60625 0.0140625 0.046875
0 0.44375 0.5859375 0.0046875 0.0046875
1 0.4296875 0.60625 0.0171875 0.0375
0 0.4296875 0.59375 0.00625 0.00625
1 0.4171875 0.6046875 0.015625 0.03125
0 0.415625 0.5921875 0.0046875 0.00625
1 0.39375 0.609375 0.015625 0.046875
0 0.39375 0.590625 0.0046875 0.00625
1 0.3953125 0.6015625 0.0140625 0.040625
0 0.3953125 0.5859375 0.0046875 0.00625
1 0.384375 0.6015625 0.015625 0.0359375
0 0.3859375 0.5875 0.0046875 0.0046875
1 0.2296875 0.6796875 0.025 0.0625
0 0.2328125 0.65625 0.009375 0.009375
1 0.2015625 0.653125 0.01875 0.053125
0 0.2 0.6328125 0.00625 0.0078125
1 0.2109375 0.65625 0.0171875 0.0515625
0 0.2125 0.6359375 0.00625 0.00625
1 0.228125 0.65625 0.021875 0.0625
0 0.228125 0.6296875 0.0078125 0.0078125
1 0.2375 0.6484375 0.01875 0.0546875
0 0.234375 0.6265625 0.0078125 0.0078125
1 0.2140625 0.65 0.0140625 0.0484375
0 0.2140625 0.63125 0.0046875 0.00625
1 0.2234375 0.6515625 0.015625 0.0484375
0 0.2234375 0.63125 0.0046875 0.0046875
1 0.0453125 0.684375 0.03125 0.0484375
0 0.0484375 0.665625 0.0078125 0.009375
1 0.025 0.678125 0.0234375 0.0375
0 0.025 0.665625 0.0078125 0.009375
1 0.046875 0.64375 0.0203125 0.05
0 0.0453125 0.625 0.00625 0.0078125
1 0.03125 0.6453125 0.0203125 0.0484375
0 0.03125 0.628125 0.0078125 0.0078125
1 0.03125 0.6296875 0.0171875 0.04375
0 0.028125 0.6109375 0.00625 0.0046875
1 0.0140625 0.6390625 0.021875 0.046875
0 0.01875 0.6203125 0.00625 0.00625
1 0.0796875 0.6421875 0.0140625 0.0421875
0 0.0796875 0.6265625 0.00625 0.00625
1 0.0953125 0.640625 0.0203125 0.05
0 0.0953125 0.621875 0.0046875 0.00625
1 0.115625 0.6125 0.021875 0.0515625
0 0.1171875 0.5921875 0.0046875 0.00625
1 0.121875 0.609375 0.015625 0.04375
0 0.11875 0.5921875 0.0046875 0.0046875
1 0.1359375 0.6125 0.0234375 0.05
0 0.1328125 0.5921875 0.00625 0.00625
1 0.1453125 0.609375 0.0140625 0.05
0 0.1453125 0.590625 0.0078125 0.0078125
1 0.18125 0.59375 0.0203125 0.028125
0 0.175 0.5828125 0.0046875 0.0046875
1 0.2 0.5859375 0.0109375 0.0265625
0 0.2015625 0.5765625 0.0046875 0.0046875
1 0.2109375 0.5890625 0.0125 0.0390625
0 0.2109375 0.5734375 0.00625 0.00625
1 0.3375 0.4046875 0.0125 0.0421875
0 0.3359375 0.3875 0.0046875 0.0046875
1 0.3171875 0.409375 0.0125 0.040625
0 0.31875 0.3921875 0.0046875 0.0046875
1 0.2484375 0.40625 0.0140625 0.04375
0 0.246875 0.3890625 0.0046875 0.00625
1 0.190625 0.4140625 0.015625 0.04375
0 0.1890625 0.396875 0.0046875 0.00625