1 0.084375 0.6109375 0.165625 0.5203125
0 0.034375 0.396875 0.065625 0.075
1 0.134375 0.6171875 0.18125 0.4046875
0 0.090625 0.446875 0.0515625 0.059375
1 0.1671875 0.5875 0.19375 0.3609375
0 0.1046875 0.4390625 0.0515625 0.0609375
1 0.178125 0.5703125 0.1 0.33125
0 0.1640625 0.4328125 0.0375 0.0515625
1 0.2328125 0.546875 0.115625 0.3296875
0 0.21875 0.4078125 0.040625 0.046875
1 0.21875 0.54375 0.0875 0.2765625
0 0.2 0.428125 0.0265625 0.0296875
1 0.2890625 0.53125 0.090625 0.2421875
0 0.275 0.4265625 0.028125 0.0296875
1 0.321875 0.534375 0.0875 0.28125
0 0.3125 0.415625 0.0328125 0.0375
1 0.3578125 0.546875 0.103125 0.2828125
0 0.359375 0.428125 0.034375 0.046875
1 0.38125 0.53125 0.078125 0.2671875
0 0.3859375 0.4140625 0.021875 0.0328125
1 0.3859375 0.509375 0.059375 0.225
0 0.384375 0.4125 0.025 0.03125
1 0.440625 0.575 0.1390625 0.334375
0 0.4609375 0.4375 0.04375 0.0546875
1 0.625 0.6203125 0.1671875 0.5046875
0 0.609375 0.40625 0.059375 0.0671875
1 0.9515625 0.528125 0.09375 0.3296875
0 0.9546875 0.3921875 0.04375 0.0484375
1 0.9 0.5140625 0.1171875 0.3328125
0 0.921875 0.378125 0.0390625 0.04375
1 0.846875 0.5046875 0.1390625 0.303125
0 0.8265625 0.3796875 0.0328125 0.04375
1 0.7484375 0.540625 0.11875 0.35
0 0.7140625 0.4078125 0.046875 0.053125
1 0.790625 0.4953125 0.0671875 0.2578125
0 0.784375 0.390625 0.0296875 0.0390625
1 0.759375 0.490625 0.0609375 0.234375
0 0.7609375 0.3921875 0.028125 0.034375
1 0.7296875 0.5203125 0.08125 0.2796875
0 0.7234375 0.396875 0.03125 0.0390625
1 0.6734375 0.50625 0.078125 0.2671875
0 0.6734375 0.3953125 0.025 0.0375
1 0.6421875 0.4765625 0.0703125 0.253125
0 0.6390625 0.3765625 0.0265625 0.034375
1 0.58125 0.478125 0.08125 0.1734375
0 0.5546875 0.409375 0.0234375 0.03125
1 0.55 0.478125 0.0796875 0.1484375
0 0.53125 0.421875 0.0171875 0.0234375