1 0.2125 0.721875 0.06875 0.0984375
0 0.2015625 0.6859375 0.0203125 0.0234375
1 0.18125 0.7234375 0.0984375 0.1109375
0 0.1546875 0.6828125 0.0203125 0.0234375
1 0.1140625 0.6703125 0.0546875 0.0625
0 0.0984375 0.65 0.0203125 0.0171875
1 0.0890625 0.6640625 0.0796875 0.1078125
0 0.0765625 0.628125 0.0203125 0.0203125
1 0.496875 0.7234375 0.1046875 0.10625
0 0.459375 0.6921875 0.0203125 0.0265625
1 0.478125 0.7328125 0.1234375 0.1078125
0 0.4453125 0.69375 0.0234375 0.0234375
1 0.8015625 0.6328125 0.0828125 0.0875
0 0.7890625 0.6046875 0.025 0.0234375
1 0.7625 0.40625 0.0296875 0.040625
0 0.7703125 0.39375 0.0078125 0.0078125
1 0.75625 0.4046875 0.03125 0.0390625
0 0.7640625 0.3921875 0.00625 0.0078125
1 0.803125 0.40625 0.025 0.040625
0 0.7953125 0.3921875 0.00625 0.0078125