1 0.228125 0.646875 0.1640625 0.4515625
0 0.2578125 0.465625 0.0609375 0.0734375
1 0.3625 0.6515625 0.1546875 0.440625
0 0.3640625 0.4703125 0.0546875 0.071875
1 0.4953125 0.6515625 0.159375 0.440625
0 0.4984375 0.475 0.0546875 0.075
1 0.634375 0.6515625 0.1625 0.4421875
0 0.6296875 0.48125 0.0609375 0.075
1 0.1109375 0.4796875 0.0203125 0.0546875
0 0.1109375 0.45625 0.00625 0.0078125
1 0.1640625 0.478125 0.01875 0.053125
0 0.165625 0.45625 0.00625 0.0078125
1 0.20625 0.471875 0.015625 0.046875
0 0.209375 0.453125 0.00625 0.00625
1 0.20625 0.46875 0.0140625 0.0421875
0 0.20625 0.45 0.0046875 0.00625
1 0.1984375 0.46875 0.0109375 0.04375
0 0.2 0.45 0.0046875 0.00625
1 0.1953125 0.465625 0.0140625 0.040625
0 0.196875 0.4484375 0.0046875 0.0046875
1 0.215625 0.4671875 0.0109375 0.0359375
0 0.215625 0.453125 0.0046875 0.0046875
1 0.228125 0.471875 0.0140625 0.040625
0 0.2265625 0.45625 0.0046875 0.00625
1 0.1421875 0.459375 0.00625 0.01875
0 0.14375 0.4515625 0.0015625 0.0015625
1 0.06875 0.4640625 0.0078125 0.0203125
0 0.06875 0.45625 0.0015625 0.0015625
1 0.0765625 0.4625 0.0078125 0.021875
0 0.0765625 0.453125 0.0015625 0.003125
1 0.1046875 0.45625 0.003125 0.0078125
0 0.1046875 0.45625 0.003125 0.0078125
1 0.175 0.45625 0.003125 0.0109375
0 0.178125 0.453125 0.0015625 0.0015625
1 0.2875 0.465625 0.0109375 0.0296875
0 0.2859375 0.4546875 0.003125 0.003125
1 0.2890625 0.4625 0.0125 0.0328125
0 0.2890625 0.4484375 0.003125 0.003125
1 0.328125 0.4625 0.0078125 0.0234375
0 0.3296875 0.453125 0.0015625 0.0015625
1 0.69375 0.4078125 0.003125 0.009375
0 0.69375 0.4046875 0.0015625 0
1 0.534375 0.4625 0.0078125 0.0265625
0 0.534375 0.4515625 0.0015625 0.003125
1 0.5390625 0.459375 0.0078125 0.0265625
0 0.5390625 0.446875 0.0015625 0.003125
1 0.5484375 0.4609375 0.0125 0.03125
0 0.55 0.4484375 0.003125 0.003125
1 0.5640625 0.4625 0.0078125 0.0265625
0 0.565625 0.4515625 0.003125 0.003125
1 0.5796875 0.4625 0.009375 0.025
0 0.58125 0.4515625 0.003125 0.003125
1 0.4234375 0.4625 0.0078125 0.028125
0 0.425 0.4515625 0.003125 0.003125
1 0.440625 0.4578125 0.00625 0.01875
0 0.4421875 0.4515625 0.0015625 0.003125
1 0.4484375 0.4578125 0.00625 0.01875
0 0.4484375 0.45 0.0015625 0.0015625
1 0.459375 0.4578125 0.0046875 0.01875
0 0.459375 0.45 0.0015625 0.003125
1 0.5671875 0.4625 0.009375 0.028125
0 0.565625 0.4515625 0.003125 0.003125
1 0.759375 0.4625 0.0125 0.0265625
0 0.759375 0.4515625 0.0015625 0.003125