1 0.00625 0.475 0.0125 0.05625
0 0.0046875 0.45 0.00625 0.00625
1 0.01875 0.484375 0.025 0.06875
0 0.01875 0.45625 0.0078125 0.0109375
1 0.0625 0.5171875 0.05 0.140625
0 0.0640625 0.4625 0.015625 0.01875
1 0.1046875 0.496875 0.0390625 0.09375
0 0.10625 0.4578125 0.0140625 0.0140625
1 0.121875 0.515625 0.040625 0.13125
0 0.125 0.4609375 0.0171875 0.0203125
1 0.146875 0.6265625 0.14375 0.125
0 0.16875 0.5890625 0.0265625 0.0265625
1 0.3421875 0.6390625 0.0890625 0.11875
0 0.34375 0.603125 0.028125 0.0375
1 0.5953125 0.6890625 0.1953125 0.0796875
0 0.6265625 0.7 0.0359375 0.034375
1 0.775 0.6796875 0.2125 0.06875
0 0.8171875 0.6796875 0.028125 0.0265625
1 0.771875 0.6125 0.0828125 0.1265625
0 0.7734375 0.571875 0.0265625 0.0328125
1 0.78125 0.528125 0.05 0.16875
0 0.7828125 0.4578125 0.0203125 0.021875
1 0.79375 0.528125 0.0484375 0.15
0 0.7953125 0.46875 0.0140625 0.0171875
1 0.8328125 0.53125 0.0609375 0.1390625
0 0.85 0.4765625 0.015625 0.0171875
1 0.8625 0.528125 0.071875 0.1453125
0 0.878125 0.4671875 0.0203125 0.0234375
1 0.8703125 0.5140625 0.046875 0.1265625
0 0.875 0.4640625 0.015625 0.0171875
1 0.890625 0.515625 0.05 0.1359375
0 0.9046875 0.4609375 0.0140625 0.0203125
1 0.90625 0.528125 0.0484375 0.1265625
0 0.9140625 0.4765625 0.0140625 0.0203125
1 0.9375 0.509375 0.03125 0.109375
0 0.9375 0.465625 0.0109375 0.0140625
1 0.940625 0.5171875 0.0375 0.1140625
0 0.946875 0.4734375 0.0125 0.01875
1 0.959375 0.521875 0.05625 0.1265625
0 0.9625 0.4703125 0.0125 0.0140625
1 0.9609375 0.5203125 0.0453125 0.1359375
0 0.9703125 0.4671875 0.015625 0.021875