1 0.9546875 0.665625 0.0875 0.115625
0 0.953125 0.6265625 0.021875 0.025
1 0.9328125 0.5828125 0.0140625 0.0390625
0 0.934375 0.565625 0.0046875 0.0046875
1 0.9828125 0.590625 0.0140625 0.04375
0 0.98125 0.5734375 0.003125 0.0046875
1 0.978125 0.584375 0.009375 0.0328125
0 0.9796875 0.5703125 0.003125 0.003125
1 0.7765625 0.6 0.0421875 0.103125
0 0.76875 0.559375 0.0140625 0.015625
1 0.75625 0.61875 0.03125 0.0578125
0 0.7578125 0.596875 0.009375 0.0109375
1 0.496875 0.5875 0.021875 0.0515625
0 0.4953125 0.565625 0.00625 0.00625
1 0.4921875 0.61875 0.03125 0.075
0 0.4921875 0.5890625 0.0125 0.0140625
1 0.4640625 0.5984375 0.0484375 0.109375
0 0.46875 0.55 0.0109375 0.0125
1 0.40625 0.60625 0.0421875 0.103125
0 0.4078125 0.5625 0.009375 0.0125
1 0.4203125 0.5859375 0.015625 0.05
0 0.41875 0.5640625 0.0046875 0.0046875
1 0.3265625 0.5890625 0.01875 0.05
0 0.3265625 0.56875 0.0046875 0.0046875
1 0.3140625 0.5890625 0.0109375 0.034375
0 0.315625 0.575 0.003125 0.0046875
1 0.321875 0.590625 0.009375 0.0296875
0 0.321875 0.578125 0.003125 0.003125
1 0.3078125 0.590625 0.0171875 0.0515625
0 0.3078125 0.56875 0.0046875 0.0046875
1 0.296875 0.590625 0.0125 0.0328125
0 0.296875 0.578125 0.003125 0.003125
1 0.2875 0.5921875 0.0125 0.03125
0 0.2859375 0.58125 0.003125 0.0046875
1 0.2828125 0.5984375 0.0078125 0.021875
0 0.2828125 0.5890625 0.0015625 0.003125
1 0.275 0.5921875 0.0125 0.034375
0 0.275 0.578125 0.003125 0.003125
1 0.1796875 0.5984375 0.009375 0.021875
0 0.18125 0.5890625 0.0015625 0.0015625
1 0.1515625 0.603125 0.0125 0.015625
0 0.1515625 0.596875 0.003125 0.0015625
1 0.1484375 0.6015625 0.0140625 0.01875
0 0.1515625 0.5953125 0.003125 0.0046875
1 0.1359375 0.5984375 0.009375 0.0296875
0 0.1359375 0.5859375 0.003125 0.003125
1 0.128125 0.5984375 0.0078125 0.0265625
0 0.1296875 0.5875 0.003125 0.003125
1 0.1234375 0.5984375 0.0078125 0.025
0 0.125 0.5890625 0.003125 0.003125
1 0.11875 0.6 0.009375 0.028125
0 0.11875 0.5875 0.003125 0.003125
1 0.115625 0.5953125 0.0125 0.034375
0 0.1125 0.584375 0.003125 0.0015625
1 0.0953125 0.596875 0.009375 0.025
0 0.0953125 0.5859375 0.0015625 0.0015625
1 0.090625 0.6 0.0125 0.03125
0 0.090625 0.5875 0.003125 0.003125
1 0.0765625 0.6 0.0140625 0.034375
0 0.078125 0.584375 0.003125 0.003125
1 0.0703125 0.6015625 0.0125 0.0296875
0 0.0703125 0.590625 0.003125 0.003125
1 0.0734375 0.5984375 0.009375 0.0328125
0 0.075 0.584375 0.003125 0.003125
1 0.0609375 0.6015625 0.01875 0.0515625
0 0.0625 0.58125 0.00625 0.00625
1 0.0546875 0.6 0.0140625 0.034375
0 0.05625 0.5859375 0.003125 0.003125
1 0.0390625 0.6 0.009375 0.034375
0 0.040625 0.5859375 0.003125 0.0046875
1 0.03125 0.6 0.0109375 0.0359375
0 0.034375 0.584375 0.003125 0.003125
1 0.01875 0.6015625 0.0140625 0.034375
0 0.01875 0.5859375 0.003125 0.003125
1 0.00625 0.6015625 0.0125 0.03125
0 0.0078125 0.5890625 0.003125 0.003125
1 0.00546875 0.59921875 0.0109375 0.0296875
0 0.0046875 0.5875 0.003125 0.0046875
1 0.028125 0.50625 0.00625 0.0140625
0 0.028125 0.5 0.0015625 0.003125