1 0.7375 0.4859375 0.2015625 0.2875
0 0.6875 0.3828125 0.0421875 0.046875
1 0.3921875 0.4875 0.1875 0.271875
0 0.3546875 0.3875 0.0375 0.04375
1 0.159375 0.48125 0.1953125 0.2734375
0 0.128125 0.384375 0.0328125 0.0421875
1 0.0421875 0.4875 0.0828125 0.2296875
0 0.0078125 0.415625 0.0109375 0.025
1 0.50625 0.1703125 0.0875 0.090625
0 0.521875 0.128125 0.01875 0.00625
1 0.5421875 0.1953125 0.090625 0.140625
0 0.5515625 0.1390625 0.0234375 0.0328125
1 0.4609375 0.18125 0.075 0.1125
0 0.4671875 0.128125 0.01875 0.0078125
1 0.425 0.2015625 0.08125 0.146875
0 0.41875 0.146875 0.0296875 0.03125
1 0.3640625 0.171875 0.090625 0.09375
0 0.371875 0.1296875 0.0234375 0.009375
1 0.3203125 0.2078125 0.1140625 0.1375
0 0.346875 0.1578125 0.0234375 0.025
1 0.328125 0.24375 0.1234375 0.1453125
0 0.35625 0.1953125 0.03125 0.0390625
1 0.2203125 0.2109375 0.0875 0.134375
0 0.2265625 0.1625 0.025 0.0296875