1 0.309375 0.6625 0.6125 0.3328125
0 0.3390625 0.334375 0.1515625 0.1890625
1 0.3984375 0.646875 0.4203125 0.3640625
0 0.4703125 0.2734375 0.1296875 0.16875
1 0.4390625 0.6625 0.3609375 0.33125
0 0.534375 0.4796875 0.128125 0.128125
1 0.490625 0.6625 0.43125 0.33125
0 0.61875 0.53125 0.1109375 0.1234375
1 0.478125 0.609375 0.33125 0.4375
0 0.5859375 0.4453125 0.084375 0.09375
1 0.4734375 0.5984375 0.353125 0.459375
0 0.5875 0.4515625 0.0765625 0.1
1 0.971875 0.603125 0.0484375 0.184375
0 0.99375 0.53125 0.00625 0.0203125