1 0.00625 0.3921875 0.0109375 0.0484375
0 0.003125 0.375 0.00625 0.0125
1 0.0203125 0.296875 0.0171875 0.0609375
0 0.0203125 0.271875 0.0078125 0.0078125
1 0.040625 0.2859375 0.0234375 0.046875
0 0.04375 0.26875 0.00625 0.0078125
1 0.0125 0.26875 0.0125 0.03125
0 0.0109375 0.2578125 0.0046875 0.00625
1 0.0359375 0.2765625 0.0203125 0.0546875
0 0.0359375 0.2546875 0.00625 0.00625
1 0.05 0.26875 0.0171875 0.0578125
0 0.0484375 0.2453125 0.00625 0.0078125
1 0.0609375 0.275 0.0171875 0.0484375
0 0.0625 0.25625 0.00625 0.00625
1 0.0765625 0.2734375 0.015625 0.04375
0 0.0765625 0.25625 0.00625 0.00625
1 0.096875 0.26875 0.025 0.05
0 0.0953125 0.2484375 0.00625 0.0078125
1 0.021875 0.275 0.009375 0.0375
0 0.0234375 0.259375 0.0046875 0.0046875
1 0.121875 0.265625 0.01875 0.0546875
0 0.1203125 0.2421875 0.00625 0.00625
1 0.1375 0.2671875 0.0125 0.0453125
0 0.1375 0.25 0.00625 0.00625
1 0.1484375 0.265625 0.015625 0.0484375
0 0.15 0.2453125 0.00625 0.0078125
1 0.159375 0.2640625 0.021875 0.05625
0 0.1578125 0.240625 0.0046875 0.0078125
1 0.16875 0.26875 0.015625 0.046875
0 0.16875 0.25 0.0046875 0.00625
1 0.1828125 0.26875 0.021875 0.046875
0 0.1859375 0.25 0.0046875 0.00625
1 0.1453125 0.328125 0.0265625 0.071875
0 0.1421875 0.3 0.0078125 0.009375
1 0.171875 0.334375 0.0203125 0.05625
0 0.171875 0.3140625 0.0078125 0.0078125
1 0.1953125 0.3296875 0.028125 0.0671875
0 0.19375 0.30625 0.0078125 0.009375
1 0.2046875 0.3359375 0.021875 0.053125
0 0.20625 0.315625 0.00625 0.0078125
1 0.2234375 0.3375 0.01875 0.0515625
0 0.2234375 0.3171875 0.00625 0.009375
1 0.2359375 0.3390625 0.0203125 0.05
0 0.2359375 0.31875 0.00625 0.0078125
1 0.225 0.3171875 0.0203125 0.0625
0 0.23125 0.2921875 0.009375 0.0109375
1 0.2453125 0.3203125 0.0203125 0.0578125
0 0.2453125 0.2984375 0.00625 0.0078125
1 0.2640625 0.35 0.025 0.04375
0 0.26875 0.3359375 0.0078125 0.0078125
1 0.265625 0.3203125 0.025 0.059375
0 0.2640625 0.2953125 0.0078125 0.0078125
1 0.2875 0.3296875 0.0265625 0.0515625
0 0.2875 0.3109375 0.0078125 0.0109375
1 0.30625 0.3328125 0.025 0.046875
0 0.30625 0.315625 0.0078125 0.0078125
1 0.3203125 0.284375 0.0203125 0.05
0 0.321875 0.265625 0.00625 0.009375
1 0.3265625 0.33125 0.0265625 0.0625
0 0.328125 0.3125 0.0078125 0.0078125
1 0.3390625 0.3265625 0.0203125 0.0546875
0 0.3390625 0.3046875 0.0078125 0.0078125
1 0.3203125 0.309375 0.015625 0.04375
0 0.3234375 0.296875 0.0046875 0.0078125
1 0.3375 0.3 0.0171875 0.03125
0 0.3421875 0.290625 0.00625 0.0078125
1 0.35 0.3 0.0171875 0.03125
0 0.35 0.2890625 0.0046875 0.00625
1 0.3546875 0.33125 0.0234375 0.040625
0 0.35625 0.31875 0.009375 0.0125
1 0.3390625 0.278125 0.015625 0.0515625
0 0.340625 0.2546875 0.003125 0.003125
1 0.3484375 0.284375 0.025 0.046875
0 0.35 0.265625 0.00625 0.0078125
1 0.3625 0.2828125 0.015625 0.046875
0 0.3640625 0.2640625 0.00625 0.0078125
1 0.371875 0.290625 0.0171875 0.0484375
0 0.3703125 0.2703125 0.0046875 0.00625
1 0.3984375 0.28125 0.0171875 0.0484375
0 0.4 0.2609375 0.0046875 0.00625
1 0.4078125 0.30625 0.0234375 0.0421875
0 0.40625 0.290625 0.00625 0.009375
1 0.428125 0.290625 0.0203125 0.0328125
0 0.4296875 0.2796875 0.0046875 0.0078125
1 0.4234375 0.321875 0.01875 0.040625
0 0.4234375 0.3078125 0.00625 0.0078125
1 0.4421875 0.3296875 0.015625 0.03125
0 0.44375 0.31875 0.0046875 0.00625
1 0.5125 0.31875 0.0234375 0.04375
0 0.5140625 0.303125 0.00625 0.009375
1 0.5140625 0.3078125 0.025 0.0375
0 0.515625 0.2953125 0.0078125 0.0078125
1 0.5375 0.309375 0.0296875 0.040625
0 0.5375 0.2953125 0.0046875 0.0078125
1 0.4953125 0.2625 0.01875 0.05625
0 0.496875 0.240625 0.00625 0.0078125
1 0.5109375 0.2640625 0.0203125 0.0609375
0 0.515625 0.2390625 0.0046875 0.0078125
1 0.5375 0.28125 0.0203125 0.0375
0 0.540625 0.2671875 0.0078125 0.0078125
1 0.559375 0.2859375 0.01875 0.0359375
0 0.559375 0.271875 0.00625 0.0078125
1 0.584375 0.3125 0.01875 0.04375
0 0.5859375 0.2984375 0.0078125 0.009375
1 0.5984375 0.30625 0.0203125 0.0421875
0 0.6 0.29375 0.00625 0.0078125
1 0.6109375 0.2953125 0.015625 0.0359375
0 0.6125 0.28125 0.0046875 0.0078125
1 0.6203125 0.2984375 0.0203125 0.0328125
0 0.6203125 0.2859375 0.00625 0.0078125
1 0.61875 0.28125 0.0171875 0.03125
0 0.61875 0.271875 0.00625 0.0078125
1 0.6453125 0.2546875 0.015625 0.0390625
0 0.6453125 0.2421875 0.00625 0.0078125
1 0.6515625 0.2640625 0.025 0.04375
0 0.6546875 0.2484375 0.00625 0.0078125
1 0.6421875 0.3078125 0.0203125 0.05625
0 0.64375 0.2859375 0.0078125 0.0078125
1 0.6203125 0.3203125 0.0234375 0.0453125
0 0.621875 0.303125 0.0078125 0.009375
1 0.6109375 0.3171875 0.0171875 0.040625
0 0.6140625 0.3 0.00625 0.0078125
1 0.65 0.325 0.0203125 0.053125
0 0.6484375 0.30625 0.0078125 0.0078125
1 0.64375 0.3359375 0.0203125 0.0453125
0 0.646875 0.31875 0.0046875 0.0078125
1 0.6640625 0.3046875 0.0203125 0.0390625
0 0.6625 0.290625 0.00625 0.0078125
1 0.659375 0.3171875 0.015625 0.0390625
0 0.6609375 0.3046875 0.009375 0.009375
1 0.6734375 0.325 0.01875 0.0453125
0 0.6734375 0.3078125 0.00625 0.0078125
1 0.684375 0.33125 0.0265625 0.0421875
0 0.6859375 0.3171875 0.0078125 0.009375
1 0.690625 0.325 0.021875 0.0484375
0 0.690625 0.3078125 0.0078125 0.0078125
1 0.7171875 0.3328125 0.021875 0.0453125
0 0.7171875 0.315625 0.00625 0.0078125
1 0.7078125 0.3453125 0.0203125 0.0375
0 0.709375 0.334375 0.00625 0.0078125
1 0.734375 0.3453125 0.025 0.05
0 0.7359375 0.3265625 0.00625 0.0078125
1 0.696875 0.2828125 0.0203125 0.0375
0 0.696875 0.2703125 0.00625 0.0078125
1 0.7171875 0.2828125 0.0171875 0.0359375
0 0.715625 0.2703125 0.00625 0.0078125
1 0.75 0.28125 0.015625 0.040625
0 0.7546875 0.265625 0.0046875 0.0078125
1 0.7875 0.278125 0.0234375 0.05
0 0.7875 0.2609375 0.00625 0.0078125
1 0.753125 0.30625 0.0265625 0.046875
0 0.7546875 0.2890625 0.0078125 0.009375
1 0.7859375 0.30625 0.021875 0.0453125
0 0.7875 0.2890625 0.0078125 0.0078125
1 0.8109375 0.3109375 0.0234375 0.0515625
0 0.8140625 0.2921875 0.0078125 0.009375
1 0.828125 0.3078125 0.0234375 0.05
0 0.828125 0.2890625 0.00625 0.0078125
1 0.7984375 0.3328125 0.0265625 0.053125
0 0.803125 0.3140625 0.0078125 0.0078125
1 0.8296875 0.3359375 0.0234375 0.0453125
0 0.83125 0.3203125 0.00625 0.0078125
1 0.8046875 0.3828125 0.025 0.0703125
0 0.809375 0.35625 0.0078125 0.0109375
1 0.871875 0.33125 0.021875 0.0515625
0 0.8734375 0.3109375 0.0078125 0.0078125
1 0.8046875 0.265625 0.0203125 0.0578125
0 0.8078125 0.2421875 0.0046875 0.0078125
1 0.8328125 0.2796875 0.015625 0.0515625
0 0.8359375 0.2578125 0.0046875 0.0046875
1 0.846875 0.2859375 0.01875 0.0578125
0 0.8484375 0.2640625 0.00625 0.0078125
1 0.8796875 0.2671875 0.01875 0.0484375
0 0.878125 0.2484375 0.00625 0.0078125
1 0.896875 0.2671875 0.0234375 0.0515625
0 0.9 0.246875 0.00625 0.0078125
1 0.965625 0.2703125 0.025 0.0375
0 0.9609375 0.25625 0.00625 0.0078125
1 0.9859375 0.2671875 0.0234375 0.04375
0 0.984375 0.2546875 0.00625 0.0078125
1 0.871875 0.3234375 0.0265625 0.059375
0 0.8734375 0.3 0.00625 0.0078125
1 0.9015625 0.353125 0.01875 0.06875
0 0.9015625 0.3234375 0.0078125 0.009375
1 0.9171875 0.340625 0.021875 0.0578125
0 0.915625 0.315625 0.00625 0.0078125
1 0.91875 0.35 0.021875 0.05625
0 0.9234375 0.328125 0.0078125 0.0078125
1 0.9328125 0.3515625 0.0203125 0.046875
0 0.934375 0.3328125 0.0078125 0.009375
1 0.9625 0.2796875 0.0140625 0.0328125
0 0.9625 0.2671875 0.0078125 0.00625
1 0.45625 0.4546875 0.1234375 0.30625
0 0.4625 0.3234375 0.0265625 0.0328125
1 0.5375 0.46875 0.165625 0.303125
0 0.5375 0.34375 0.0359375 0.0359375
1 0.6140625 0.446875 0.1015625 0.2546875
0 0.6171875 0.3375 0.0296875 0.028125
1 0.58125 0.45 0.109375 0.28125
0 0.5703125 0.3296875 0.03125 0.0359375
1 0.38125 0.465625 0.090625 0.2703125
0 0.365625 0.35625 0.0390625 0.03125
1 0.346875 0.4625 0.1078125 0.2703125
0 0.340625 0.353125 0.0265625 0.0296875
1 0.3078125 0.2625 0.0171875 0.0546875
0 0.3078125 0.240625 0.0046875 0.0078125