1 0.0046875 0.703125 0.0078125 0.0390625
0 0.0046875 0.703125 0.009375 0.0390625
1 0.0984375 0.709375 0.01875 0.0390625
0 0.1 0.69375 0.0046875 0.0046875
1 0.115625 0.703125 0.0171875 0.0421875
0 0.11875 0.6875 0.0046875 0.0046875
1 0.128125 0.7078125 0.0125 0.034375
0 0.1296875 0.696875 0.0046875 0.0046875
1 0.771875 0.7703125 0.0078125 0.015625
0 0.771875 0.7640625 0.003125 0.0015625
1 0.7875 0.76875 0.0078125 0.015625
0 0.7875 0.7640625 0.0015625 0.0015625
1 0.796875 0.7734375 0.0078125 0.015625
0 0.7984375 0.765625 0.0015625 0.0015625
1 0.8171875 0.771875 0.0109375 0.0171875
0 0.815625 0.765625 0.0015625 0.0015625
1 0.8203125 0.771875 0.009375 0.0171875
0 0.8203125 0.765625 0.003125 0.0015625
1 0.8296875 0.7734375 0.009375 0.0171875
0 0.8296875 0.7671875 0.0015625 0.0015625