1 0.0359375 0.634375 0.0703125 0.2296875
0 0.0328125 0.5390625 0.0296875 0.028125
1 0.1 0.6859375 0.090625 0.2859375
0 0.1125 0.5640625 0.0421875 0.0375
1 0.1109375 0.65625 0.121875 0.3046875
0 0.1375 0.525 0.05 0.0359375
1 0.1953125 0.6296875 0.075 0.171875
0 0.2078125 0.5609375 0.0203125 0.0234375
1 0.2359375 0.6796875 0.0984375 0.2984375
0 0.2421875 0.5625 0.040625 0.046875
1 0.3078125 0.5984375 0.040625 0.1140625
0 0.3109375 0.5515625 0.0171875 0.0125
1 0.35 0.6234375 0.0875 0.19375
0 0.3515625 0.54375 0.025 0.025
1 0.459375 0.590625 0.0375 0.096875
0 0.4609375 0.55 0.009375 0.009375
1 0.5015625 0.584375 0.0234375 0.0625
0 0.5015625 0.5609375 0.0078125 0.0078125
1 0.509375 0.584375 0.025 0.065625
0 0.5109375 0.5546875 0.009375 0.0078125
1 0.515625 0.5828125 0.021875 0.0703125
0 0.51875 0.5546875 0.009375 0.0109375
1 0.5234375 0.6109375 0.040625 0.090625
0 0.528125 0.575 0.0140625 0.0140625
1 0.5765625 0.6484375 0.1 0.23125
0 0.571875 0.55 0.0296875 0.0328125
1 0.5953125 0.6078125 0.0328125 0.1140625
0 0.59375 0.5609375 0.0171875 0.015625
1 0.621875 0.590625 0.0359375 0.1046875
0 0.615625 0.5484375 0.0125 0.015625
1 0.6703125 0.6078125 0.0546875 0.128125
0 0.6703125 0.553125 0.0171875 0.01875
1 0.6875 0.59375 0.034375 0.109375
0 0.684375 0.5484375 0.0125 0.0140625
1 0.7125 0.6359375 0.0671875 0.1234375
0 0.7140625 0.5875 0.0203125 0.021875
1 0.721875 0.609375 0.0671875 0.1484375
0 0.721875 0.546875 0.01875 0.01875
1 0.75 0.5875 0.040625 0.115625
0 0.7453125 0.540625 0.0125 0.0140625
1 0.74375 0.5984375 0.065625 0.13125
0 0.7328125 0.54375 0.0171875 0.01875
1 0.7828125 0.5953125 0.0421875 0.1140625
0 0.78125 0.5484375 0.015625 0.0171875
1 0.8046875 0.5859375 0.028125 0.0984375
0 0.80625 0.54375 0.009375 0.0125
1 0.8453125 0.6078125 0.0875 0.184375
0 0.8453125 0.53125 0.028125 0.0265625
1 0.878125 0.5890625 0.046875 0.128125
0 0.875 0.534375 0.015625 0.0171875
1 0.5296875 0.5765625 0.015625 0.05
0 0.5296875 0.5578125 0.00625 0.00625
1 0.55 0.5703125 0.015625 0.0453125
0 0.5515625 0.553125 0.00625 0.00625
1 0.6453125 0.56875 0.0234375 0.05
0 0.646875 0.5484375 0.0078125 0.00625
1 0.6375 0.590625 0.0359375 0.0515625
0 0.646875 0.56875 0.0078125 0.0078125
1 0.628125 0.5703125 0.0125 0.0515625
0 0.628125 0.5484375 0.0046875 0.0078125
1 0.6375 0.571875 0.0109375 0.046875
0 0.6375 0.55625 0.0046875 0.00625
1 0.7140625 0.5921875 0.040625 0.1046875
0 0.715625 0.5484375 0.009375 0.0125
1 0.7609375 0.5796875 0.0296875 0.0890625
0 0.7578125 0.54375 0.009375 0.009375
1 0.8578125 0.565625 0.0171875 0.0734375
0 0.859375 0.5375 0.00625 0.00625
1 0.790625 0.5890625 0.025 0.0953125
0 0.790625 0.55 0.0109375 0.0125