1 0.790625 0.68125 0.2765625 0.365625
0 0.76875 0.346875 0.1140625 0.1421875
1 0.8078125 0.5828125 0.2578125 0.5625
0 0.7890625 0.2421875 0.09375 0.0828125
1 0.396875 0.6453125 0.2796875 0.4375
0 0.4125 0.2765625 0.121875 0.128125
1 0.171875 0.615625 0.275 0.496875
0 0.228125 0.24375 0.1421875 0.171875
1 0.11875 0.5359375 0.1953125 0.65625
0 0.11875 0.278125 0.071875 0.103125
1 0.3671875 0.596875 0.25625 0.534375
0 0.375 0.2 0.1265625 0.1328125
1 0.5140625 0.525 0.1953125 0.678125
0 0.5078125 0.25625 0.0796875 0.0828125
1 0.5671875 0.5203125 0.1609375 0.6875
0 0.5796875 0.2375 0.075 0.1015625
1 0.69375 0.525 0.1578125 0.6328125
0 0.6859375 0.2828125 0.075 0.0890625
1 0.91875 0.540625 0.1578125 0.48125
0 0.98125 0.359375 0.0328125 0.075
1 0.940625 0.6 0.1125 0.3953125
0 0.984375 0.4515625 0.0234375 0.0703125
1 0.0390625 0.559375 0.075 0.609375
0 0.0234375 0.3078125 0.04375 0.075