1 0.078125 0.4625 0.025 0.059375
0 0.0734375 0.4390625 0.009375 0.009375
1 0.475 0.4625 0.01875 0.040625
0 0.4765625 0.4453125 0.0046875 0.0046875
1 0.490625 0.4578125 0.0171875 0.0375
0 0.4890625 0.44375 0.0046875 0.00625
1 0.5390625 0.4609375 0.0171875 0.04375
0 0.5375 0.44375 0.00625 0.00625
1 0.975 0.459375 0.025 0.0546875
0 0.975 0.4359375 0.0078125 0.00625
1 0.1265625 0.665625 0.1484375 0.4140625
0 0.1484375 0.490625 0.05 0.059375
1 0.2359375 0.6734375 0.1390625 0.3828125
0 0.2390625 0.5125 0.046875 0.053125
1 0.3875 0.6765625 0.1265625 0.371875
0 0.39375 0.5203125 0.034375 0.0484375
1 0.51875 0.6515625 0.121875 0.35
0 0.5125 0.503125 0.0390625 0.0484375
1 0.6515625 0.6546875 0.1 0.33125
0 0.6453125 0.515625 0.040625 0.04375
1 0.584375 0.6609375 0.090625 0.31875
0 0.5875 0.5296875 0.0390625 0.0484375
1 0.7296875 0.646875 0.121875 0.334375
0 0.7265625 0.5125 0.046875 0.05
1 0.784375 0.6265625 0.115625 0.3515625
0 0.778125 0.48125 0.0390625 0.05
1 0.8609375 0.6625 0.153125 0.3515625
0 0.865625 0.515625 0.0421875 0.053125
1 0.7609375 0.7 0.15 0.3296875
0 0.7390625 0.565625 0.0421875 0.053125
1 0.665625 0.69375 0.1515625 0.35625
0 0.6578125 0.553125 0.0484375 0.059375
1 0.5734375 0.6953125 0.1046875 0.334375
0 0.5890625 0.559375 0.04375 0.0578125
1 0.559375 0.6953125 0.1375 0.3546875
0 0.55 0.5515625 0.05 0.059375
1 0.4734375 0.7109375 0.13125 0.3234375
0 0.4734375 0.5921875 0.0421875 0.053125
1 0.4109375 0.7078125 0.121875 0.328125
0 0.4109375 0.578125 0.046875 0.059375
1 0.3140625 0.6953125 0.15625 0.353125
0 0.3203125 0.5546875 0.046875 0.0625
1 0.16875 0.7046875 0.253125 0.334375
0 0.2546875 0.5796875 0.05625 0.0765625
1 0.44375 0.6484375 0.1 0.303125
0 0.45 0.528125 0.040625 0.0515625