1 0.3765625 0.565625 0.0046875 0.0171875
0 0.3765625 0.559375 0.0015625 0.0015625
1 0.384375 0.5671875 0.0046875 0.0125
0 0.384375 0.5625 0.0015625 0.0015625
1 0.384375 0.5625 0.0046875 0.0109375
0 0.3828125 0.5578125 0.0015625 0.0015625
1 0.390625 0.565625 0.00625 0.015625
0 0.390625 0.559375 0.0015625 0.0015625
1 0.30625 0.6375 0.03125 0.0703125
0 0.30625 0.6078125 0.0078125 0.0109375
1 0.3265625 0.6484375 0.0265625 0.06875
0 0.328125 0.6203125 0.0078125 0.009375
1 0.3390625 0.634375 0.01875 0.06875
0 0.3390625 0.6046875 0.0078125 0.0078125
1 0.421875 0.6484375 0.0375 0.0796875
0 0.4265625 0.6140625 0.009375 0.0109375
1 0.44375 0.64375 0.0296875 0.0703125
0 0.44375 0.615625 0.009375 0.0109375
1 0.453125 0.621875 0.01875 0.0625
0 0.453125 0.5953125 0.0078125 0.009375
1 0.471875 0.63125 0.0234375 0.06875
0 0.46875 0.6015625 0.0078125 0.009375
1 0.4765625 0.6015625 0.0203125 0.0546875
0 0.478125 0.578125 0.0078125 0.0078125
1 0.5046875 0.640625 0.0328125 0.06875
0 0.5015625 0.6125 0.009375 0.0109375
1 0.5109375 0.6 0.01875 0.0578125
0 0.509375 0.5765625 0.0078125 0.0078125
1 0.8390625 0.6296875 0.0390625 0.046875
0 0.8453125 0.6140625 0.0078125 0.009375
1 0.8484375 0.603125 0.0125 0.046875
0 0.8484375 0.5859375 0.0046875 0.00625
1 0.85625 0.60625 0.015625 0.05625
0 0.85625 0.5765625 0.0078125 0.0078125
1 0.8828125 0.6015625 0.03125 0.0703125
0 0.8828125 0.5734375 0.0109375 0.009375
1 0.8734375 0.58125 0.009375 0.034375
0 0.875 0.5671875 0.003125 0.0046875
1 0.9 0.6046875 0.0265625 0.065625
0 0.9 0.5765625 0.0078125 0.0078125
1 0.9140625 0.64375 0.0296875 0.071875
0 0.9140625 0.615625 0.0109375 0.009375
1 0.9578125 0.6515625 0.0296875 0.0859375
0 0.9625 0.6125 0.009375 0.009375
1 0.9265625 0.6140625 0.028125 0.0609375
0 0.9328125 0.5890625 0.0078125 0.009375
1 0.93125 0.6046875 0.01875 0.0671875
0 0.93125 0.578125 0.0078125 0.009375
1 0.9453125 0.6046875 0.0203125 0.0671875
0 0.9484375 0.5765625 0.0078125 0.0078125
1 0.95 0.596875 0.0234375 0.0671875
0 0.9515625 0.5703125 0.009375 0.009375
1 0.9125 0.60625 0.0203125 0.065625
0 0.9140625 0.578125 0.0078125 0.0078125
1 0.9875 0.65 0.01875 0.0875
0 0.9921875 0.6109375 0.0125 0.0109375
1 0.965625 0.61875 0.034375 0.05
0 0.971875 0.5984375 0.009375 0.0109375
1 0.971875 0.5921875 0.0171875 0.046875
0 0.975 0.575 0.00625 0.0078125
1 0.9796875 0.590625 0.01875 0.0453125
0 0.9859375 0.575 0.0078125 0.0109375
1 0.9921875 0.5859375 0.0109375 0.046875
0 0.99375 0.5671875 0.00625 0.0078125
1 0.9890625 0.5921875 0.015625 0.0421875
0 0.9890625 0.575 0.0078125 0.009375