1 0.053125 0.5359375 0.01875 0.0546875
0 0.053125 0.5125 0.00625 0.00625
1 0.071875 0.5328125 0.021875 0.0609375
0 0.0703125 0.50625 0.00625 0.0078125
1 0.1359375 0.5328125 0.0203125 0.04375
0 0.1375 0.51875 0.00625 0.0046875
1 0.1484375 0.53125 0.0265625 0.0578125
0 0.1546875 0.5078125 0.00625 0.0078125
1 0.153125 0.53125 0.01875 0.0546875
0 0.1546875 0.5078125 0.00625 0.0078125
1 0.165625 0.534375 0.0125 0.0375
0 0.1640625 0.51875 0.0046875 0.0046875
1 0.175 0.5328125 0.0140625 0.04375
0 0.175 0.5125 0.0046875 0.0046875
1 0.190625 0.5328125 0.0140625 0.0421875
0 0.190625 0.5140625 0.0046875 0.003125
1 0.225 0.5296875 0.015625 0.046875
0 0.2234375 0.509375 0.0046875 0.003125
1 0.2671875 0.5296875 0.0140625 0.0390625
0 0.26875 0.5171875 0.003125 0.003125
1 0.275 0.53125 0.009375 0.034375
0 0.2734375 0.515625 0.003125 0.003125
1 0.2828125 0.53125 0.0125 0.0390625
0 0.28125 0.5140625 0.003125 0.0046875
1 0.3109375 0.5328125 0.0109375 0.0296875
0 0.3109375 0.521875 0.003125 0.003125
1 0.315625 0.5375 0.0078125 0.01875
0 0.315625 0.5296875 0.0015625 0.0015625
1 0.3171875 0.5328125 0.0078125 0.021875
0 0.31875 0.5234375 0.0015625 0.0015625
1 0.3484375 0.5328125 0.0078125 0.021875
0 0.3484375 0.5234375 0.003125 0.003125
1 0.3515625 0.5328125 0.003125 0.0171875
0 0.353125 0.525 0.0015625 0.0015625
1 0.35625 0.5328125 0.0046875 0.0171875
0 0.35625 0.525 0.0015625 0.0015625
1 0.3515625 0.5328125 0.0046875 0.01875
0 0.353125 0.525 0.0015625 0.0015625
1 0.3734375 0.5328125 0.00625 0.0203125
0 0.375 0.5234375 0.003125 0.003125
1 0.38125 0.5328125 0.00625 0.0203125
0 0.3828125 0.5234375 0.003125 0.003125
1 0.5 0.53125 0.0046875 0.0125
0 0.5015625 0.5265625 0.0015625 0.0015625
1 0.50625 0.53125 0.003125 0.0125
0 0.50625 0.5265625 0.0015625 0
1 0.5296875 0.53125 0.0046875 0.0125
0 0.5296875 0.5265625 0.0015625 0.0015625
1 0.5390625 0.53125 0.0046875 0.0125
0 0.5390625 0.5265625 0 0
1 0.546875 0.521875 0.0046875 0.0125
0 0.546875 0.5171875 0.0015625 0
1 0.7421875 0.534375 0.0078125 0.028125
0 0.7421875 0.5234375 0.003125 0.003125
1 0.75 0.5328125 0.0140625 0.040625
0 0.746875 0.5171875 0.00625 0.00625
1 0.75625 0.5296875 0.015625 0.0421875
0 0.7546875 0.5125 0.0046875 0.0046875
1 0.7734375 0.534375 0.0125 0.0390625
0 0.771875 0.51875 0.0046875 0.0046875
1 0.78125 0.5296875 0.0234375 0.053125
0 0.7796875 0.50625 0.0046875 0.0046875
1 0.7875 0.53125 0.0140625 0.04375
0 0.7890625 0.5125 0.003125 0.00625
1 0.7953125 0.5328125 0.0125 0.0484375
0 0.796875 0.5109375 0.0046875 0.0046875
1 0.803125 0.5328125 0.0296875 0.0484375
0 0.803125 0.5109375 0.0046875 0.003125
1 0.8109375 0.53125 0.0125 0.046875
0 0.8109375 0.5109375 0.00625 0.0046875
1 0.8625 0.5328125 0.0203125 0.05
0 0.8640625 0.5125 0.0046875 0.00625
1 0.8734375 0.5359375 0.01875 0.046875
0 0.8765625 0.515625 0.00625 0.00625
1 0.884375 0.5328125 0.021875 0.05625
0 0.88125 0.509375 0.0078125 0.0078125
1 0.903125 0.54375 0.0109375 0.0328125
0 0.9046875 0.5328125 0.0046875 0.0046875
1 0.9140625 0.5359375 0.0203125 0.0515625
0 0.915625 0.5140625 0.00625 0.0078125
1 0.95625 0.534375 0.0203125 0.059375
0 0.95625 0.509375 0.00625 0.0078125