1 0.15 0.4984375 0.2625 0.5625
0 0.215625 0.259375 0.053125 0.0671875
1 0.2515625 0.4671875 0.325 0.5765625
0 0.2953125 0.271875 0.065625 0.0796875
1 0.453125 0.4890625 0.165625 0.5328125
0 0.434375 0.2671875 0.05625 0.0765625
1 0.528125 0.4796875 0.1203125 0.5046875
0 0.534375 0.2703125 0.0671875 0.0765625
1 0.6484375 0.44375 0.4046875 0.525
0 0.6328125 0.234375 0.053125 0.071875
1 0.328125 0.5765625 0.14375 0.4375
0 0.31875 0.403125 0.0640625 0.075
1 0.465625 0.5890625 0.2453125 0.453125
0 0.46875 0.4109375 0.0578125 0.0796875
1 0.621875 0.578125 0.2125 0.4171875
0 0.6125 0.41875 0.065625 0.0796875
1 0.640625 0.5140625 0.1625 0.5140625
0 0.6140625 0.2984375 0.053125 0.06875
1 0.7578125 0.4828125 0.2296875 0.50625
0 0.7578125 0.2734375 0.0484375 0.071875
1 0.7984375 0.5421875 0.3671875 0.4125
0 0.721875 0.384375 0.05625 0.075
1 0.209375 0.6421875 0.3140625 0.3625
0 0.2125 0.5109375 0.053125 0.08125
1 0 0.1515625 0 0
0 0.559375 0.5390625 0.06875 0.0859375
1 0.740625 0.665625 0.3359375 0.3484375
0 0.65625 0.5421875 0.078125 0.0921875