1 0.0484375 0.590625 0.0265625 0.0875
0 0.0484375 0.55625 0.0078125 0.0109375
1 0.0796875 0.5921875 0.028125 0.0828125
0 0.078125 0.559375 0.009375 0.0125
1 0.1078125 0.5921875 0.0328125 0.084375
0 0.10625 0.55625 0.009375 0.0078125
1 0.096875 0.5875 0.021875 0.078125
0 0.0953125 0.559375 0.0078125 0.009375
1 0.1265625 0.5890625 0.0296875 0.075
0 0.1265625 0.559375 0.00625 0.0109375
1 0.1421875 0.5921875 0.025 0.0671875
0 0.14375 0.565625 0.00625 0.00625
1 0.171875 0.5921875 0.021875 0.065625
0 0.1734375 0.565625 0.009375 0.0109375
1 0.1703125 0.5921875 0.025 0.0640625
0 0.16875 0.5671875 0.00625 0.009375
1 0.19375 0.5890625 0.021875 0.0578125
0 0.19375 0.565625 0.00625 0.00625
1 0.20625 0.5921875 0.0125 0.0546875
0 0.20625 0.56875 0.0046875 0.00625
1 0.2109375 0.5890625 0.0171875 0.059375
0 0.2125 0.5671875 0.00625 0.0078125
1 0.23125 0.5890625 0.021875 0.0609375
0 0.23125 0.5640625 0.00625 0.00625
1 0.2359375 0.5890625 0.0171875 0.0578125
0 0.2390625 0.5640625 0.0078125 0.00625
1 0.25 0.590625 0.01875 0.0625
0 0.253125 0.5640625 0.00625 0.00625
1 0.2625 0.590625 0.0234375 0.0625
0 0.2625 0.5640625 0.00625 0.0078125
1 0.275 0.590625 0.0171875 0.0515625
0 0.275 0.5703125 0.00625 0.00625
1 0.2875 0.5921875 0.025 0.059375
0 0.2875 0.5671875 0.00625 0.00625
1 0.2953125 0.590625 0.0171875 0.05625
0 0.2953125 0.5671875 0.00625 0.0046875
1 0.315625 0.5921875 0.0171875 0.0484375
0 0.315625 0.575 0.00625 0.0078125
1 0.3296875 0.59375 0.0171875 0.046875
0 0.3296875 0.5734375 0.0046875 0.0046875
1 0.35 0.5921875 0.015625 0.0484375
0 0.3515625 0.571875 0.0046875 0.0046875
1 0.34375 0.590625 0.0125 0.05
0 0.3453125 0.56875 0.0078125 0.00625
1 0.3234375 0.590625 0.0125 0.0484375
0 0.325 0.5734375 0.00625 0.00625
1 0.3640625 0.590625 0.0109375 0.028125
0 0.365625 0.58125 0.003125 0.003125
1 0.371875 0.5890625 0.0125 0.0296875
0 0.371875 0.578125 0.003125 0.003125
1 0.38125 0.5921875 0.0140625 0.0390625
0 0.3828125 0.575 0.00625 0.00625
1 0.39375 0.5921875 0.0125 0.0390625
0 0.3953125 0.5765625 0.0046875 0.00625
1 0.409375 0.5890625 0.0109375 0.0265625
0 0.409375 0.578125 0.003125 0.0046875
1 0.428125 0.5875 0.0109375 0.03125
0 0.428125 0.5765625 0.003125 0.003125
1 0.490625 0.565625 0.0078125 0.0171875
0 0.490625 0.5609375 0.0015625 0.0015625