1 0.159375 0.48125 0.0109375 0.028125
0 0.159375 0.4703125 0.003125 0.0046875
1 0.325 0.4875 0.0125 0.03125
0 0.325 0.4765625 0.0046875 0.0046875
1 0.3328125 0.4921875 0.015625 0.03125
0 0.3328125 0.4796875 0.00625 0.00625
1 0.253125 0.5078125 0.015625 0.0390625
0 0.2546875 0.490625 0.0046875 0.0046875
1 0.221875 0.528125 0.0171875 0.0484375
0 0.221875 0.5078125 0.00625 0.00625
1 0.234375 0.54375 0.0234375 0.0546875
0 0.2296875 0.5203125 0.00625 0.00625
1 0.2484375 0.5421875 0.021875 0.059375
0 0.2453125 0.5171875 0.00625 0.00625
1 0.2765625 0.53125 0.01875 0.04375
0 0.278125 0.5125 0.00625 0.00625
1 0.2796875 0.5015625 0.0125 0.028125
0 0.28125 0.4921875 0.0046875 0.003125
1 0.209375 0.54375 0.01875 0.05
0 0.2109375 0.5234375 0.00625 0.00625
1 0.2 0.5484375 0.0171875 0.04375
0 0.196875 0.5328125 0.00625 0.00625
1 0.1890625 0.534375 0.0140625 0.0421875
0 0.190625 0.51875 0.00625 0.00625
1 0.175 0.5515625 0.021875 0.0546875
0 0.175 0.5296875 0.0078125 0.0078125
1 0.1625 0.5453125 0.0171875 0.0484375
0 0.1640625 0.5265625 0.0078125 0.009375
1 0.140625 0.5359375 0.0125 0.0453125
0 0.1421875 0.5203125 0.00625 0.00625
1 0.0625 0.565625 0.021875 0.06875
0 0.0640625 0.5375 0.00625 0.009375
1 0.08125 0.5703125 0.01875 0.0625
0 0.08125 0.54375 0.00625 0.00625
1 0.084375 0.5546875 0.01875 0.0609375
0 0.0875 0.5296875 0.00625 0.00625
1 0.0984375 0.55 0.0171875 0.059375
0 0.1 0.525 0.00625 0.00625
1 0.1125 0.5421875 0.0140625 0.0546875
0 0.1140625 0.5203125 0.00625 0.00625
1 0.1109375 0.5421875 0.0140625 0.0484375
0 0.1125 0.528125 0.0046875 0.00625
1 0.1234375 0.5421875 0.01875 0.05
0 0.1203125 0.525 0.0078125 0.0078125
1 0.1546875 0.5609375 0.021875 0.0546875
0 0.15625 0.5421875 0.00625 0.0078125
1 0.140625 0.5640625 0.0203125 0.065625
0 0.1390625 0.5359375 0.00625 0.0078125
1 0.2265625 0.5125 0.0140625 0.040625
0 0.228125 0.496875 0.00625 0.00625
1 0.084375 0.584375 0.0203125 0.04375
0 0.0828125 0.571875 0.00625 0.0078125
1 0.15625 0.6171875 0.0375 0.10625
0 0.159375 0.575 0.0140625 0.01875
1 0.184375 0.6125 0.03125 0.10625
0 0.184375 0.5703125 0.0125 0.0171875
1 0.0359375 0.60625 0.025 0.071875
0 0.0375 0.5765625 0.009375 0.0109375
1 0.26875 0.6234375 0.0359375 0.1125
0 0.2703125 0.5765625 0.0109375 0.015625
1 0.240625 0.6359375 0.05 0.11875
0 0.234375 0.5859375 0.0171875 0.01875
1 0.21875 0.6015625 0.0265625 0.06875
0 0.2203125 0.578125 0.0140625 0.015625
1 0.20625 0.6125 0.03125 0.0859375
0 0.203125 0.5828125 0.015625 0.01875
1 0.1625 0.671875 0.0390625 0.1015625
0 0.159375 0.6359375 0.01875 0.021875
1 0.2984375 0.6546875 0.0375 0.1296875
0 0.3 0.603125 0.021875 0.0203125
1 0.315625 0.6265625 0.034375 0.1140625
0 0.315625 0.58125 0.0171875 0.0171875
1 0.3203125 0.6375 0.040625 0.1234375
0 0.328125 0.5875 0.0171875 0.01875
1 0.3515625 0.6234375 0.0421875 0.1109375
0 0.34375 0.5765625 0.0171875 0.015625
1 0.128125 0.628125 0.0328125 0.096875
0 0.1234375 0.590625 0.015625 0.0171875
1 0.125 0.6546875 0.0375 0.1125
0 0.1234375 0.6140625 0.0171875 0.021875
1 0.09375 0.6453125 0.0375 0.08125
0 0.0984375 0.615625 0.01875 0.01875
1 0.115625 0.71875 0.0890625 0.2125
0 0.1046875 0.6328125 0.0375 0.0390625
1 0.0703125 0.7328125 0.1359375 0.1875
0 0.034375 0.675 0.05625 0.0671875
1 0.1703125 0.7640625 0.059375 0.121875
0 0.18125 0.725 0.034375 0.034375
1 0.2015625 0.7515625 0.13125 0.146875
0 0.221875 0.73125 0.04375 0.0453125
1 0.28125 0.7578125 0.065625 0.1359375
0 0.2765625 0.703125 0.025 0.0265625
1 0.2984375 0.784375 0.0546875 0.0828125
0 0.2953125 0.765625 0.021875 0.03125
1 0.240625 0.7546875 0.0984375 0.1421875
0 0.2609375 0.771875 0.0484375 0.05625
1 0.325 0.7546875 0.1046875 0.14375
0 0.3234375 0.7671875 0.040625 0.053125
1 0.3828125 0.7671875 0.0625 0.11875
0 0.3890625 0.7421875 0.03125 0.0328125
1 0.3171875 0.765625 0.0671875 0.1203125
0 0.315625 0.725 0.034375 0.034375
1 0.415625 0.7546875 0.1125 0.14375
0 0.4234375 0.7234375 0.0375 0.04375
1 0.46875 0.7515625 0.0828125 0.146875
0 0.48125 0.7078125 0.0421875 0.05625
1 0.6390625 0.75625 0.10625 0.1390625
0 0.64375 0.7234375 0.040625 0.04375
1 0.7 0.7453125 0.0890625 0.159375
0 0.7 0.69375 0.0390625 0.05
1 0.778125 0.753125 0.0984375 0.14375
0 0.7734375 0.715625 0.040625 0.0578125
1 0.471875 0.7203125 0.0921875 0.209375
0 0.4875 0.6421875 0.0375 0.04375
1 0.5609375 0.75 0.075 0.15
0 0.58125 0.6953125 0.034375 0.0359375
1 0.4296875 0.61875 0.0296875 0.1015625
0 0.4265625 0.578125 0.015625 0.015625
1 0.41875 0.6984375 0.03125 0.125
0 0.415625 0.6515625 0.015625 0.01875
1 0.4015625 0.7046875 0.0328125 0.125
0 0.3953125 0.6609375 0.0171875 0.021875
1 0.375 0.7078125 0.0390625 0.13125
0 0.3734375 0.6578125 0.0171875 0.01875
1 0.3546875 0.6640625 0.0375 0.146875
0 0.35625 0.6015625 0.01875 0.01875
1 0.390625 0.64375 0.0421875 0.1375
0 0.3875 0.5890625 0.01875 0.0203125
1 0.4375 0.6453125 0.025 0.096875
0 0.4421875 0.609375 0.0140625 0.01875
1 0.396875 0.7046875 0.0296875 0.1125
0 0.39375 0.6640625 0.0203125 0.025
1 0.459375 0.6515625 0.03125 0.1046875
0 0.459375 0.609375 0.015625 0.015625
1 0.4921875 0.6390625 0.034375 0.1140625
0 0.490625 0.5953125 0.015625 0.01875
1 0.521875 0.6296875 0.0328125 0.115625
0 0.521875 0.584375 0.0140625 0.01875
1 0.5375 0.7 0.0375 0.1359375
0 0.54375 0.6453125 0.015625 0.01875
1 0.575 0.7125 0.04375 0.16875
0 0.578125 0.6390625 0.0171875 0.0203125
1 0.534375 0.6515625 0.0328125 0.1125
0 0.53125 0.6109375 0.0171875 0.01875
1 0.5609375 0.6234375 0.034375 0.1203125
0 0.5625 0.5734375 0.0140625 0.01875
1 0.5625 0.63125 0.034375 0.1125
0 0.565625 0.584375 0.0125 0.0140625
1 0.56875 0.6515625 0.0296875 0.103125
0 0.5671875 0.6125 0.0171875 0.01875
1 0.6 0.6296875 0.0390625 0.125
0 0.60625 0.58125 0.0171875 0.0171875
1 0.603125 0.6578125 0.0375 0.1375
0 0.6 0.5984375 0.0171875 0.0171875
1 0.6390625 0.659375 0.034375 0.1234375
0 0.6359375 0.60625 0.015625 0.01875
1 0.6546875 0.653125 0.034375 0.153125
0 0.659375 0.5875 0.015625 0.0171875
1 0.6515625 0.640625 0.04375 0.15
0 0.6515625 0.578125 0.015625 0.01875
1 0.68125 0.6359375 0.0421875 0.15
0 0.6765625 0.56875 0.0140625 0.0140625
1 0.6921875 0.6484375 0.0390625 0.1375
0 0.6921875 0.590625 0.0171875 0.0140625
1 0.815625 0.75 0.1125 0.15
0 0.83125 0.7234375 0.0421875 0.0453125
1 0.8609375 0.7421875 0.0875 0.165625
0 0.8703125 0.6921875 0.0375 0.0484375
1 0.959375 0.7546875 0.075 0.14375
0 0.975 0.7484375 0.0421875 0.05625
1 0.9484375 0.7515625 0.0984375 0.1484375
0 0.94375 0.7015625 0.040625 0.0375
1 0.9171875 0.728125 0.0921875 0.1953125
0 0.91875 0.65 0.0375 0.0359375
1 0.8359375 0.728125 0.0921875 0.19375
0 0.8390625 0.6546875 0.0375 0.0453125
1 0.7484375 0.725 0.0671875 0.2
0 0.74375 0.6546875 0.034375 0.040625
1 0.8015625 0.7265625 0.06875 0.1984375
0 0.796875 0.646875 0.0328125 0.028125
1 0.96875 0.73125 0.05625 0.1875
0 0.98125 0.6609375 0.0296875 0.0453125
1 0.75 0.6203125 0.04375 0.128125
0 0.759375 0.565625 0.0171875 0.0171875
1 0.759375 0.6171875 0.0546875 0.1328125
0 0.7734375 0.5640625 0.0125 0.0140625
1 0.7984375 0.621875 0.0296875 0.125
0 0.8015625 0.56875 0.0140625 0.01875
1 0.821875 0.625 0.03125 0.13125
0 0.825 0.5671875 0.0140625 0.0171875
1 0.83125 0.621875 0.034375 0.1375
0 0.834375 0.5640625 0.009375 0.009375
1 0.86875 0.646875 0.034375 0.1140625
0 0.8640625 0.6 0.0140625 0.0140625
1 0.915625 0.6546875 0.040625 0.125
0 0.909375 0.603125 0.0203125 0.0234375
1 0.9359375 0.6390625 0.0421875 0.1515625
0 0.9265625 0.5765625 0.01875 0.021875
1 0.946875 0.6203125 0.0375 0.11875
0 0.946875 0.5734375 0.0140625 0.01875
1 0.859375 0.6234375 0.03125 0.1234375
0 0.86875 0.5703125 0.0140625 0.01875
1 0.884375 0.6328125 0.025 0.1203125
0 0.884375 0.5828125 0.015625 0.015625
1 0.90625 0.615625 0.0296875 0.10625
0 0.9046875 0.5734375 0.0171875 0.01875
1 0.8640625 0.5515625 0.025 0.0671875
0 0.86875 0.525 0.00625 0.00625
1 0.853125 0.5484375 0.015625 0.0640625
0 0.8546875 0.525 0.00625 0.00625
1 0.8484375 0.5515625 0.0171875 0.0546875
0 0.8484375 0.5296875 0.00625 0.00625
1 0.809375 0.5328125 0.0203125 0.0375
0 0.809375 0.5203125 0.00625 0.00625
1 0.81875 0.5234375 0.01875 0.053125
0 0.821875 0.5046875 0.00625 0.00625
1 0.828125 0.5265625 0.0125 0.04375
0 0.8265625 0.509375 0.0046875 0.00625
1 0.03125 0.6125 0.0234375 0.059375
0 0.0296875 0.5921875 0.009375 0.0109375
1 0.028125 0.6328125 0.021875 0.053125
0 0.03125 0.6140625 0.009375 0.0109375
1 0.046875 0.634375 0.0265625 0.06875
0 0.04375 0.6109375 0.009375 0.0109375
1 0.0125 0.6328125 0.01875 0.096875
0 0.00625 0.5921875 0.00625 0.0125
1 0.0140625 0.6203125 0.0234375 0.0703125
0 0.0109375 0.596875 0.009375 0.0109375
1 0.9171875 0.5546875 0.0140625 0.0328125
0 0.915625 0.540625 0.00625 0.00625
1 0.90625 0.553125 0.0125 0.03125
0 0.90625 0.540625 0.00625 0.00625
1 0.9015625 0.5515625 0.009375 0.0296875
0 0.90625 0.5390625 0.0015625 0.0046875
1 0.89375 0.559375 0.01875 0.0421875
0 0.89375 0.5421875 0.00625 0.00625
1 0.965625 0.5578125 0.021875 0.0625
0 0.9640625 0.5328125 0.009375 0.0078125
1 0.940625 0.559375 0.0171875 0.0546875
0 0.9390625 0.5390625 0.0078125 0.00625
1 0.7734375 0.5078125 0.015625 0.040625
0 0.7734375 0.490625 0.00625 0.00625
1 0.9875 0.54375 0.0140625 0.0484375
0 0.9859375 0.525 0.00625 0.00625
1 0.95625 0.5375 0.0171875 0.046875
0 0.95625 0.51875 0.00625 0.0078125
1 0.6984375 0.49375 0.009375 0.0328125
0 0.7 0.4828125 0.0046875 0.0046875
1 0.6859375 0.4828125 0.009375 0.0203125
0 0.6859375 0.4765625 0.0015625 0.003125
1 0.728125 0.4765625 0.009375 0.0296875
0 0.728125 0.4640625 0.0015625 0.0046875
1 0.71875 0.4765625 0.009375 0.0296875
0 0.71875 0.4671875 0.00625 0.00625
1 0.7265625 0.503125 0.01875 0.0421875
0 0.73125 0.4875 0.0046875 0.0046875
1 0.8171875 0.503125 0.0171875 0.0390625
0 0.81875 0.4890625 0.0078125 0.0078125
1 0.7921875 0.503125 0.0171875 0.0421875
0 0.79375 0.4875 0.00625 0.00625
1 0.803125 0.5109375 0.015625 0.040625
0 0.803125 0.49375 0.00625 0.00625
1 0.615625 0.6734375 0.0296875 0.0875
0 0.6140625 0.6453125 0.0171875 0.021875
1 0.64375 0.6890625 0.0296875 0.1
0 0.6484375 0.653125 0.01875 0.021875
1 0.6890625 0.7109375 0.0296875 0.10625
0 0.6890625 0.675 0.0203125 0.025
1 0.00625 0.5921875 0.00625 0.05625
0 0.0046875 0.571875 0.0046875 0.009375
1 0.01015625 0.62109375 0.0203125 0.0609375
0 0.009375 0.596875 0.009375 0.0125
1 0.0109375 0.6109375 0.0171875 0.0625
0 0.0125 0.584375 0.009375 0.009375
1 0.2375 0.7 0.0625 0.1375
0 0.23125 0.6453125 0.025 0.025