1 0.575 0.5359375 0.221875 0.515625
0 0.61875 0.3609375 0.059375 0.059375
1 0.753125 0.540625 0.1125 0.409375
0 0.746875 0.371875 0.0515625 0.0625
1 0.9609375 0.4859375 0.0703125 0.15
0 0.9734375 0.4296875 0.0265625 0.034375
1 0.934375 0.4734375 0.1 0.140625
0 0.9390625 0.421875 0.01875 0.028125
1 0.915625 0.453125 0.0515625 0.075
0 0.9015625 0.425 0.0125 0.015625
1 0.9859375 0.4453125 0.0203125 0.128125
0 0.9921875 0.39375 0.0078125 0.0203125
1 0.9796875 0.4453125 0.0328125 0.125
0 0.9859375 0.3953125 0.0171875 0.0203125
1 0.8921875 0.446875 0.053125 0.125
0 0.890625 0.39375 0.0125 0.0203125
1 0.834375 0.440625 0.0375 0.1
0 0.828125 0.4015625 0.0109375 0.0125
1 0.8046875 0.44375 0.028125 0.09375
0 0.8109375 0.4078125 0.0125 0.0125
1 0.728125 0.4375 0.0328125 0.075
0 0.725 0.4109375 0.0078125 0.009375
1 0.7046875 0.4390625 0.028125 0.075
0 0.7015625 0.409375 0.0078125 0.009375
1 0.5734375 0.4359375 0.028125 0.06875
0 0.575 0.4125 0.00625 0.009375
1 0.5921875 0.4359375 0.0265625 0.0703125
0 0.59375 0.4078125 0.0078125 0.009375
1 0.45625 0.428125 0.0125 0.034375
0 0.4578125 0.4140625 0.003125 0.003125
1 0.4765625 0.428125 0.015625 0.0484375
0 0.478125 0.4109375 0.00625 0.00625
1 0.4859375 0.428125 0.0171875 0.0484375
0 0.484375 0.409375 0.00625 0.00625
1 0.3109375 0.4296875 0.0265625 0.0578125
0 0.3078125 0.40625 0.00625 0.00625
1 0.321875 0.4390625 0.015625 0.0390625
0 0.325 0.428125 0.00625 0.00625
1 0.1234375 0.446875 0.0203125 0.0484375
0 0.1234375 0.4265625 0.00625 0.0078125
1 0.084375 0.4390625 0.0265625 0.0625
0 0.0828125 0.4140625 0.00625 0.0078125
1 0.04375 0.4375 0.0203125 0.0578125
0 0.04375 0.415625 0.00625 0.00625
1 0.0265625 0.4359375 0.021875 0.0625
0 0.0265625 0.4109375 0.00625 0.00625