1 0.39375 0.353125 0.0875 0.178125
0 0.39375 0.353125 0.0875 0.178125
1 0.4671875 0.3515625 0.084375 0.1796875
0 0.4671875 0.3515625 0.084375 0.1796875
1 0.4578125 0.7015625 0.0453125 0.146875
0 0.4578125 0.6421875 0.0140625 0.021875
1 0.51875 0.690625 0.0453125 0.15
0 0.51875 0.6296875 0.0171875 0.0234375
1 0.54375 0.69375 0.05 0.165625
0 0.5484375 0.625 0.0171875 0.0234375
1 0.5921875 0.728125 0.0734375 0.2265625
0 0.59375 0.6296875 0.025 0.0265625
1 0.6109375 0.696875 0.046875 0.16875
0 0.6046875 0.6265625 0.0203125 0.021875
1 0.6609375 0.7015625 0.0640625 0.1734375
0 0.659375 0.6265625 0.01875 0.01875
1 0.6640625 0.69375 0.059375 0.15
0 0.6640625 0.63125 0.0140625 0.015625
1 0.7484375 0.70625 0.046875 0.1640625
0 0.75 0.640625 0.01875 0.021875
1 0.7296875 0.6765625 0.0265625 0.0859375
0 0.721875 0.6421875 0.009375 0.009375
1 0.7125 0.6765625 0.0375 0.1
0 0.7125 0.6359375 0.009375 0.0109375