1 0.0765625 0.721875 0.046875 0.1328125
0 0.084375 0.671875 0.015625 0.01875
1 0.36875 0.703125 0.03125 0.065625
0 0.36875 0.678125 0.0109375 0.0109375
1 0.3953125 0.703125 0.0390625 0.0640625
0 0.3875 0.678125 0.0109375 0.0125
1 0.403125 0.6953125 0.025 0.0734375
0 0.4 0.665625 0.0078125 0.0109375
1 0.4140625 0.6984375 0.03125 0.065625
0 0.409375 0.675 0.0078125 0.0125
1 0.4203125 0.7046875 0.028125 0.05
0 0.409375 0.675 0.00625 0.009375
1 0.43125 0.6984375 0.03125 0.0609375
0 0.4296875 0.675 0.009375 0.0109375
1 0.4390625 0.6984375 0.0234375 0.0578125
0 0.4390625 0.6765625 0.0078125 0.0109375
1 0.4484375 0.703125 0.01875 0.053125
0 0.4453125 0.6828125 0.00625 0.009375
1 0.4609375 0.6984375 0.0296875 0.078125
0 0.4515625 0.6671875 0.0078125 0.009375
1 0.471875 0.6953125 0.01875 0.059375
0 0.471875 0.6734375 0.0078125 0.009375
1 0.540625 0.675 0.015625 0.0453125
0 0.540625 0.6578125 0.00625 0.0078125
1 0.5921875 0.6796875 0.0203125 0.05
0 0.5890625 0.659375 0.0078125 0.009375
1 0.6078125 0.68125 0.01875 0.0484375
0 0.609375 0.6640625 0.00625 0.0078125
1 0.625 0.68125 0.021875 0.053125
0 0.6296875 0.659375 0.00625 0.0078125
1 0.6328125 0.68125 0.0203125 0.05
0 0.63125 0.6609375 0.00625 0.00625
1 0.65 0.6828125 0.0171875 0.053125
0 0.6515625 0.6625 0.00625 0.0078125
1 0.646875 0.68125 0.0125 0.046875
0 0.6484375 0.6609375 0.0078125 0.00625
1 0.6578125 0.68125 0.021875 0.05625
0 0.6578125 0.6578125 0.00625 0.00625
1 0.665625 0.6796875 0.015625 0.05
0 0.665625 0.659375 0.00625 0.00625
1 0.6796875 0.678125 0.028125 0.0609375
0 0.675 0.6546875 0.00625 0.0078125
1 0.759375 0.684375 0.034375 0.0703125
0 0.7546875 0.65625 0.0078125 0.009375
1 0.8 0.69375 0.015625 0.03125
0 0.8 0.6828125 0.00625 0.009375
1 0.809375 0.7 0.01875 0.05
0 0.8078125 0.6796875 0.0078125 0.0078125
1 0.83125 0.68125 0.046875 0.06875
0 0.81875 0.653125 0.009375 0.0109375
1 0.8515625 0.6890625 0.04375 0.1078125
0 0.84375 0.64375 0.0109375 0.0125
1 0.9234375 0.6890625 0.0515625 0.1078125
0 0.909375 0.64375 0.0125 0.0125
1 0.9671875 0.690625 0.05 0.0921875
0 0.95625 0.6546875 0.0125 0.0140625
1 0.96875 0.7 0.025 0.0625
0 0.9671875 0.675 0.009375 0.009375
1 0.9703125 0.6875 0.028125 0.0859375
0 0.9671875 0.653125 0.009375 0.0125
1 0.978125 0.6859375 0.025 0.0796875
0 0.978125 0.6546875 0.009375 0.0109375
1 0.9859375 0.6875 0.0234375 0.09375
0 0.9890625 0.65 0.0125 0.0125
1 0.9921875 0.6875 0.0125 0.0984375
0 0.990625 0.6484375 0.009375 0.0125
1 0.984375 0.715625 0.028125 0.1890625
0 0.9921875 0.634375 0.009375 0.021875