1 0.58125 0.65 0.0125 0.0390625
0 0.5828125 0.634375 0.00625 0.00625
1 0.5671875 0.653125 0.0203125 0.05
0 0.56875 0.6328125 0.0046875 0.00625
1 0.4765625 0.6703125 0.0265625 0.0859375
0 0.48125 0.6359375 0.0109375 0.0125
1 0.4484375 0.671875 0.040625 0.0875
0 0.4578125 0.634375 0.0125 0.0125
1 0.4203125 0.665625 0.025 0.0671875
0 0.4234375 0.6390625 0.0078125 0.0109375
1 0.3984375 0.65625 0.015625 0.04375
0 0.4 0.6390625 0.0046875 0.00625
1 0.4375 0.6515625 0.01875 0.0375
0 0.440625 0.6359375 0.0046875 0.00625
1 0.471875 0.665625 0.0203125 0.06875
0 0.475 0.6390625 0.0125 0.0125