1 0.1875 0.675 0.2828125 0.4625
0 0.2015625 0.5296875 0.1296875 0.153125
1 0.1828125 0.615625 0.296875 0.578125
0 0.10625 0.4265625 0.0953125 0.121875
1 0.35 0.5484375 0.225 0.7140625
0 0.3671875 0.2578125 0.096875 0.1171875
1 0.540625 0.5890625 0.2734375 0.634375
0 0.565625 0.3421875 0.0875 0.1234375
1 0.771875 0.5875 0.209375 0.6140625
0 0.725 0.353125 0.0984375 0.1
1 0.8734375 0.5421875 0.25 0.7046875
0 0.8765625 0.259375 0.0875 0.1265625
1 0.640625 0.471875 0.1765625 0.7640625
0 0.659375 0.3 0.0875 0.1203125
1 0.459375 0.45625 0.2375 0.73125
0 0.45 0.246875 0.075 0.090625