1 0.3515625 0.734375 0.078125 0.21875
0 0.353125 0.6421875 0.028125 0.03125
1 0.378125 0.73125 0.09375 0.2046875
0 0.375 0.6453125 0.025 0.028125
1 0.403125 0.6859375 0.034375 0.1046875
0 0.4046875 0.6421875 0.0125 0.0171875
1 0.4390625 0.6953125 0.025 0.1
0 0.4390625 0.65625 0.0078125 0.0078125
1 0.4640625 0.6921875 0.0296875 0.109375
0 0.4609375 0.6453125 0.0140625 0.0140625
1 0.496875 0.6921875 0.03125 0.109375
0 0.4921875 0.6484375 0.0109375 0.0140625
1 0.5046875 0.6828125 0.0359375 0.1234375
0 0.5015625 0.6328125 0.0125 0.0140625
1 0.5546875 0.6890625 0.053125 0.1109375
0 0.5515625 0.646875 0.0171875 0.0171875
1 0.571875 0.684375 0.03125 0.1078125
0 0.5640625 0.640625 0.0125 0.015625
1 0.6140625 0.6765625 0.0421875 0.121875
0 0.6140625 0.6375 0.0140625 0.015625
1 0.628125 0.6859375 0.05 0.1078125
0 0.625 0.6390625 0.0140625 0.0140625
1 0.790625 0.7265625 0.103125 0.228125
0 0.775 0.6328125 0.021875 0.0265625
1 0.8234375 0.7203125 0.1015625 0.2234375
0 0.8078125 0.6296875 0.028125 0.034375