1 0.034375 0.61875 0.065625 0.2421875
0 0.0078125 0.515625 0.0125 0.034375
1 0.1125 0.6203125 0.0875 0.2125
0 0.11875 0.53125 0.0296875 0.0328125
1 0.165625 0.5921875 0.090625 0.2109375
0 0.1609375 0.5046875 0.0265625 0.028125
1 0.353125 0.6125 0.0828125 0.253125
0 0.340625 0.5078125 0.025 0.0375
1 0.3421875 0.6390625 0.1109375 0.303125
0 0.3578125 0.5140625 0.04375 0.0375
1 0.50625 0.5703125 0.03125 0.0875
0 0.50625 0.5328125 0.0125 0.0109375
1 0.509375 0.559375 0.0265625 0.096875
0 0.5109375 0.51875 0.0125 0.015625
1 0.5359375 0.565625 0.0265625 0.0984375
0 0.5390625 0.5265625 0.0125 0.0140625
1 0.553125 0.5578125 0.0390625 0.1203125
0 0.546875 0.509375 0.0140625 0.01875
1 0.7671875 0.5625 0.0328125 0.1125
0 0.7640625 0.5140625 0.0109375 0.0140625
1 0.79375 0.553125 0.0328125 0.11875
0 0.790625 0.503125 0.0109375 0.0125
1 0.8171875 0.55625 0.0328125 0.1078125
0 0.8171875 0.5109375 0.0109375 0.0125
1 0.8828125 0.5609375 0.03125 0.1046875
0 0.884375 0.515625 0.0109375 0.0125
1 0.9125 0.578125 0.0578125 0.11875
0 0.9125 0.528125 0.015625 0.015625