1 0.5484375 0.6265625 0.1015625 0.26875
0 0.553125 0.5109375 0.0296875 0.034375
1 0.465625 0.6328125 0.1125 0.2546875
0 0.4765625 0.525 0.0296875 0.0328125
1 0.459375 0.5375 0.0484375 0.1328125
0 0.459375 0.4828125 0.009375 0.015625
1 0.496875 0.528125 0.04375 0.1203125
0 0.496875 0.48125 0.0125 0.015625
1 0.0234375 0.559375 0.04375 0.14375
0 0.01875 0.5 0.0171875 0.021875
1 0.01875 0.540625 0.0375 0.134375
0 0.025 0.4828125 0.0171875 0.01875
1 0.04375 0.5390625 0.05 0.13125
0 0.0515625 0.4828125 0.0171875 0.0203125
1 0.0765625 0.540625 0.040625 0.140625
0 0.075 0.48125 0.015625 0.01875
1 0.0703125 0.5578125 0.059375 0.1453125
0 0.0828125 0.4984375 0.0203125 0.021875
1 0.0875 0.54375 0.0375 0.13125
0 0.0953125 0.490625 0.0171875 0.01875
1 0.6328125 0.5171875 0.0265625 0.0609375
0 0.634375 0.49375 0.009375 0.009375
1 0.7125 0.5109375 0.0125 0.0390625
0 0.7140625 0.4953125 0.0046875 0.0046875
1 0.721875 0.5109375 0.0171875 0.0390625
0 0.7203125 0.4953125 0.00625 0.0046875
1 0.73125 0.5109375 0.01875 0.040625
0 0.728125 0.4953125 0.0046875 0.0046875
1 0.73125 0.51875 0.0171875 0.04375
0 0.73125 0.503125 0.00625 0.00625
1 0.709375 0.5140625 0.0125 0.0390625
0 0.70625 0.4984375 0.0046875 0.0046875
1 0.7125 0.5171875 0.01875 0.0421875
0 0.7125 0.5 0.0046875 0.0046875