1 0.0890625 0.571875 0.0109375 0.021875
0 0.0875 0.5640625 0.003125 0.003125
1 0.24375 0.56875 0.0078125 0.021875
0 0.24375 0.5609375 0.003125 0.003125
1 0.484375 0.56875 0.00625 0.015625
0 0.484375 0.5640625 0.003125 0.003125
1 0.765625 0.53125 0.0078125 0.015625
0 0.765625 0.5265625 0.0015625 0.0015625
1 0.915625 0.5515625 0.0078125 0.0171875
0 0.915625 0.5453125 0.003125 0.003125
1 0.965625 0.5640625 0.009375 0.0203125
0 0.965625 0.55625 0.0015625 0.003125
1 0.9765625 0.5625 0.0078125 0.01875
0 0.9765625 0.55625 0.003125 0.003125
1 0.8890625 0.5375 0.0078125 0.0125
0 0.890625 0.5328125 0.0015625 0.0015625
1 0.946875 0.6703125 0.0546875 0.06875
0 0.9421875 0.684375 0.01875 0.025
1 0.8703125 0.6703125 0.046875 0.06875
0 0.8734375 0.6921875 0.01875 0.021875
1 0.8640625 0.6734375 0.0484375 0.0625
0 0.865625 0.684375 0.0171875 0.0203125
1 0.83125 0.665625 0.05 0.078125
0 0.83125 0.696875 0.0203125 0.015625
1 0.628125 0.66875 0.05 0.0703125
0 0.6359375 0.690625 0.01875 0.025