1 0.05625 0.525 0.109375 0.3015625
0 0.0546875 0.4015625 0.0375 0.046875
1 0.190625 0.5203125 0.1 0.278125
0 0.1875 0.415625 0.028125 0.0375
1 0.2640625 0.525 0.0765625 0.2328125
0 0.265625 0.425 0.021875 0.0234375
1 0.3421875 0.5078125 0.0671875 0.25
0 0.35 0.4078125 0.021875 0.025
1 0.334375 0.528125 0.06875 0.2234375
0 0.328125 0.4390625 0.0375 0.0375
1 0.39375 0.5171875 0.1671875 0.3640625
0 0.3796875 0.378125 0.040625 0.05
1 0.478125 0.5296875 0.2859375 0.5796875
0 0.4671875 0.2921875 0.0578125 0.0765625
1 0.534375 0.515625 0.2 0.53125
0 0.540625 0.3046875 0.0546875 0.0734375
1 0.615625 0.5125 0.1046875 0.3328125
0 0.6078125 0.3703125 0.0359375 0.0453125
1 0.734375 0.5203125 0.2046875 0.6
0 0.7109375 0.2828125 0.065625 0.0703125
1 0.85 0.50625 0.125 0.340625
0 0.8328125 0.3765625 0.040625 0.04375
1 0.85 0.5109375 0.0828125 0.3015625
0 0.8328125 0.3765625 0.040625 0.0390625
1 0.9546875 0.5109375 0.084375 0.25625
0 0.9453125 0.4203125 0.0296875 0.0328125
1 0.965625 0.5125 0.0625 0.2078125
0 0.9703125 0.434375 0.0328125 0.040625