1 0.3765625 0.3796875 0.0109375 0.025
0 0.3765625 0.371875 0.003125 0.0046875
1 0.3703125 0.378125 0.009375 0.0265625
0 0.3703125 0.3703125 0.003125 0.0046875
1 0.3609375 0.378125 0.0125 0.028125
0 0.3609375 0.3671875 0.003125 0.0046875
1 0.3578125 0.3875 0.0140625 0.03125
0 0.35625 0.3765625 0.0046875 0.0046875
1 0.340625 0.3859375 0.0171875 0.04375
0 0.340625 0.36875 0.00625 0.00625
1 0.3328125 0.3828125 0.0140625 0.0375
0 0.3328125 0.36875 0.00625 0.00625
1 0.3828125 0.378125 0.0125 0.0375
0 0.384375 0.3640625 0.00625 0.00625
1 0.3859375 0.378125 0.0109375 0.034375
0 0.3875 0.365625 0.0046875 0.00625
1 0.3921875 0.39375 0.0265625 0.071875
0 0.3953125 0.365625 0.0109375 0.009375
1 0.409375 0.390625 0.021875 0.059375
0 0.421875 0.371875 0.00625 0.00625
1 0.4171875 0.3953125 0.028125 0.0546875
0 0.428125 0.375 0.0078125 0.009375
1 0.4421875 0.38125 0.0125 0.0375
0 0.4421875 0.3671875 0.00625 0.00625
1 0.4328125 0.3953125 0.0234375 0.0515625
0 0.428125 0.3765625 0.0078125 0.0078125
1 0.453125 0.3859375 0.01875 0.0515625
0 0.453125 0.3640625 0.00625 0.009375
1 0.4640625 0.384375 0.0125 0.0453125
0 0.4640625 0.3671875 0.00625 0.00625
1 0.471875 0.3875 0.021875 0.0671875
0 0.4734375 0.359375 0.00625 0.0078125
1 0.4828125 0.38125 0.0109375 0.03125
0 0.4828125 0.36875 0.003125 0.003125
1 0.509375 0.3765625 0.015625 0.0359375
0 0.5125 0.3640625 0.0046875 0.00625
1 0.521875 0.3765625 0.0203125 0.0375
0 0.521875 0.3609375 0.00625 0.00625
1 0.4921875 0.3828125 0.01875 0.05
0 0.49375 0.3640625 0.009375 0.0078125
1 0.5953125 0.3734375 0.0140625 0.04375
0 0.5953125 0.3578125 0.00625 0.00625
1 0.584375 0.3796875 0.01875 0.0484375
0 0.58125 0.3625 0.00625 0.0078125
1 0.575 0.3828125 0.015625 0.0484375
0 0.575 0.3625 0.00625 0.00625
1 0.5671875 0.38125 0.01875 0.0546875
0 0.5703125 0.3609375 0.009375 0.009375
1 0.3234375 0.384375 0.0125 0.03125
0 0.325 0.371875 0.003125 0.003125
1 0.2875 0.3875 0.0140625 0.0359375
0 0.2890625 0.3734375 0.0046875 0.0046875
1 0.2953125 0.3859375 0.0125 0.034375
0 0.296875 0.371875 0.0046875 0.0046875
1 0.3046875 0.4 0.028125 0.0796875
0 0.3 0.3671875 0.0125 0.0125
1 0.309375 0.396875 0.0203125 0.0734375
0 0.3125 0.3671875 0.0078125 0.009375
1 0.3125 0.3921875 0.028125 0.071875
0 0.309375 0.365625 0.009375 0.0125
1 0.259375 0.3984375 0.03125 0.075
0 0.2546875 0.36875 0.0125 0.0125
1 0.146875 0.4 0.021875 0.059375
0 0.146875 0.3765625 0.009375 0.009375
1 0.1828125 0.4359375 0.0796875 0.1765625
0 0.16875 0.3625 0.0296875 0.028125
1 0.103125 0.421875 0.065625 0.1640625
0 0.0875 0.353125 0.021875 0.0203125
1 0.121875 0.425 0.0546875 0.125
0 0.1109375 0.3765625 0.015625 0.01875
1 0.0234375 0.41875 0.046875 0.1125
0 0.01875 0.3703125 0.0140625 0.015625
1 0.03125 0.4171875 0.0625 0.1359375
0 0.028125 0.3625 0.021875 0.01875
1 0.0609375 0.4296875 0.0765625 0.1671875
0 0.046875 0.3609375 0.025 0.0234375
1 0.221875 0.575 0.34375 0.2578125
0 0.1109375 0.4828125 0.0484375 0.0515625
1 0.3078125 0.5390625 0.19375 0.2171875
0 0.2484375 0.4625 0.04375 0.0515625
1 0.5484375 0.609375 0.30625 0.20625
0 0.44375 0.540625 0.0515625 0.0609375
1 0.5671875 0.5 0.1859375 0.1640625
0 0.5046875 0.4390625 0.025 0.028125
1 0.4390625 0.4421875 0.046875 0.065625
0 0.4421875 0.425 0.0125 0.01875
1 0.4671875 0.4109375 0.040625 0.0390625
0 0.453125 0.3984375 0.009375 0.009375
1 0.565625 0.4796875 0.1046875 0.109375
0 0.53125 0.440625 0.021875 0.0265625
1 0.5609375 0.4484375 0.084375 0.0875
0 0.53125 0.4390625 0.0203125 0.025
1 0.5203125 0.4078125 0.03125 0.0453125
0 0.5265625 0.3921875 0.009375 0.0125
1 0.653125 0.3859375 0.0375 0.05
0 0.65 0.3671875 0.009375 0.009375
1 0.68125 0.3859375 0.040625 0.05625
0 0.6734375 0.365625 0.0140625 0.0140625
1 0.6984375 0.3828125 0.03125 0.0609375
0 0.6890625 0.3609375 0.0109375 0.0125
1 0.625 0.3875 0.025 0.0453125
0 0.6265625 0.371875 0.009375 0.009375
1 0.65 0.3859375 0.034375 0.05
0 0.65 0.3671875 0.009375 0.0109375