1 0.109375 0.503125 0.140625 0.421875
0 0.128125 0.3328125 0.0609375 0.075
1 0.159375 0.5265625 0.1640625 0.4296875
0 0.1875 0.3515625 0.0609375 0.0734375
1 0.2265625 0.4828125 0.1171875 0.4046875
0 0.234375 0.3203125 0.0609375 0.075
1 0.3125 0.46875 0.1546875 0.440625
0 0.33125 0.2890625 0.0640625 0.0703125
1 0.4609375 0.478125 0.234375 0.4625
0 0.4734375 0.290625 0.0640625 0.0875
1 0.6203125 0.4484375 0.1359375 0.425
0 0.609375 0.2859375 0.0640625 0.0796875
1 0.715625 0.446875 0.1703125 0.4046875
0 0.69375 0.2859375 0.06875 0.078125
1 0.8125 0.4875 0.1515625 0.384375
0 0.803125 0.3296875 0.05625 0.0671875
1 0.8546875 0.5265625 0.16875 0.440625
0 0.8375 0.3546875 0.0671875 0.075
1 0.2859375 0.53125 0.1640625 0.4078125
0 0.303125 0.371875 0.059375 0.0796875
1 0.4265625 0.559375 0.190625 0.4515625
0 0.4421875 0.375 0.0640625 0.0765625
1 0.5984375 0.5296875 0.1734375 0.4078125
0 0.5796875 0.3703125 0.0671875 0.078125
1 0.728125 0.553125 0.1484375 0.421875
0 0.7015625 0.3828125 0.065625 0.0796875
1 0.1421875 0.6359375 0.1390625 0.3875
0 0.1421875 0.484375 0.075 0.0859375
1 0.2671875 0.6375 0.1421875 0.3703125
0 0.2671875 0.5 0.0765625 0.0765625
1 0.4390625 0.6359375 0.1515625 0.35
0 0.434375 0.503125 0.0671875 0.0796875
1 0.571875 0.6421875 0.1359375 0.34375
0 0.565625 0.51875 0.065625 0.0859375
1 0.7 0.6359375 0.2296875 0.3703125
0 0.703125 0.503125 0.06875 0.090625
1 0.85 0.6375 0.165625 0.36875
0 0.85 0.5 0.0703125 0.0859375
1 0.1046875 0.7015625 0.20625 0.25625
0 0.0890625 0.621875 0.0765625 0.0859375
1 0.2453125 0.6890625 0.1890625 0.2796875
0 0.2125 0.6015625 0.0765625 0.0953125
1 0.340625 0.690625 0.1453125 0.2765625
0 0.3375 0.5984375 0.0703125 0.0875
1 0.4859375 0.6984375 0.20625 0.2609375
0 0.4890625 0.615625 0.0609375 0.090625
1 0.6390625 0.7015625 0.1390625 0.25625
0 0.6453125 0.61875 0.06875 0.0875
1 0.7640625 0.6890625 0.2046875 0.2796875
0 0.759375 0.5984375 0.0703125 0.0859375
1 0.9125 0.6953125 0.16875 0.26875
0 0.90625 0.6078125 0.0796875 0.090625