1 0.0578125 0.671875 0.01875 0.0484375
0 0.059375 0.653125 0.00625 0.00625
1 0.0375 0.6671875 0.015625 0.0578125
0 0.0390625 0.64375 0.00625 0.00625
1 0.0265625 0.690625 0.0390625 0.103125
0 0.0296875 0.646875 0.0125 0.0125
1 0.0109375 0.6875 0.0203125 0.1
0 0.009375 0.6453125 0.0125 0.0125
1 0.1015625 0.6875 0.028125 0.0890625
0 0.10625 0.653125 0.009375 0.009375
1 0.096875 0.671875 0.0265625 0.05625
0 0.1046875 0.6484375 0.00625 0.0078125
1 0.125 0.6765625 0.0296875 0.0703125
0 0.1234375 0.6484375 0.009375 0.009375
1 0.146875 0.6703125 0.021875 0.0625
0 0.146875 0.64375 0.0078125 0.009375
1 0.2390625 0.678125 0.021875 0.0875
0 0.2375 0.64375 0.009375 0.0125
1 0.259375 0.66875 0.0171875 0.0453125
0 0.2609375 0.6515625 0.00625 0.00625
1 0.2828125 0.671875 0.0265625 0.0546875
0 0.290625 0.6515625 0.0078125 0.0078125
1 0.334375 0.6921875 0.01875 0.0640625
0 0.3375 0.6671875 0.00625 0.0078125
1 0.3328125 0.684375 0.0265625 0.065625
0 0.334375 0.6578125 0.009375 0.009375
1 0.3640625 0.6703125 0.0265625 0.0546875
0 0.36875 0.65 0.00625 0.0078125
1 0.35 0.6953125 0.05 0.1109375
0 0.3515625 0.65 0.015625 0.0171875
1 0.41875 0.6984375 0.0421875 0.134375
0 0.4265625 0.64375 0.015625 0.021875
1 0.4171875 0.690625 0.034375 0.10625
0 0.4203125 0.6484375 0.0125 0.015625
1 0.478125 0.678125 0.05 0.0890625
0 0.46875 0.646875 0.0109375 0.0140625
1 0.6765625 0.665625 0.0140625 0.0421875
0 0.675 0.65 0.0046875 0.0046875
1 0.5875 0.709375 0.0421875 0.1375
0 0.5890625 0.653125 0.015625 0.01875
1 0.628125 0.70625 0.04375 0.14375
0 0.625 0.646875 0.0140625 0.01875
1 0.71875 0.6703125 0.0171875 0.05
0 0.71875 0.6515625 0.00625 0.0078125
1 0.740625 0.66875 0.0171875 0.0546875
0 0.7390625 0.646875 0.00625 0.00625
1 0.753125 0.6671875 0.021875 0.0640625
0 0.7546875 0.6453125 0.0046875 0.0078125
1 0.765625 0.6734375 0.0171875 0.05625
0 0.765625 0.65 0.00625 0.00625
1 0.78125 0.678125 0.0171875 0.0625
0 0.78125 0.6515625 0.0078125 0.009375
1 0.75625 0.678125 0.0265625 0.071875
0 0.7625 0.6484375 0.0078125 0.0109375
1 0.8015625 0.665625 0.0109375 0.034375
0 0.8015625 0.6515625 0.0046875 0.0046875
1 0.8109375 0.6734375 0.0171875 0.046875
0 0.8125 0.653125 0.00625 0.00625
1 0.8171875 0.6765625 0.01875 0.0546875
0 0.8171875 0.6546875 0.00625 0.00625
1 0.840625 0.6875 0.03125 0.090625
0 0.8421875 0.6546875 0.009375 0.015625
1 0.8484375 0.6734375 0.01875 0.0625
0 0.846875 0.6484375 0.0078125 0.0078125
1 0.86875 0.678125 0.021875 0.059375
0 0.871875 0.6546875 0.0078125 0.0078125
1 0.8859375 0.6671875 0.0140625 0.040625
0 0.8890625 0.653125 0.00625 0.0078125
1 0.89375 0.709375 0.071875 0.13125
0 0.9015625 0.65625 0.0140625 0.01875
1 0.903125 0.6984375 0.0328125 0.1296875
0 0.9046875 0.64375 0.0140625 0.0171875
1 0.925 0.6671875 0.0140625 0.04375
0 0.925 0.65 0.0046875 0.0046875
1 0.965625 0.7046875 0.0625 0.1546875
0 0.959375 0.6421875 0.021875 0.0203125
1 0.95625 0.7 0.0515625 0.140625
0 0.946875 0.6484375 0.0125 0.015625
1 0.9875 0.7046875 0.0203125 0.1203125
0 0.9921875 0.65625 0.009375 0.015625