1 0.2078125 0.7265625 0.028125 0.0640625
0 0.20625 0.7 0.0046875 0.00625
1 0.2 0.71875 0.0203125 0.0515625
0 0.2 0.6984375 0.0046875 0.0046875
1 0.209375 0.7171875 0.01875 0.0515625
0 0.2125 0.696875 0.0078125 0.00625
1 0.240625 0.71875 0.0265625 0.0546875
0 0.2421875 0.69375 0.0046875 0.00625
1 0.265625 0.734375 0.0328125 0.0921875
0 0.271875 0.696875 0.015625 0.015625
1 0.2875 0.7328125 0.03125 0.0953125
0 0.2859375 0.69375 0.0078125 0.0109375
1 0.346875 0.7234375 0.021875 0.0625
0 0.3484375 0.7 0.0078125 0.0078125
1 0.3140625 0.7203125 0.0125 0.04375
0 0.3140625 0.7015625 0.0046875 0.0046875
1 0.3390625 0.7171875 0.01875 0.05
0 0.3390625 0.696875 0.0046875 0.00625
1 0.359375 0.7171875 0.0171875 0.05
0 0.359375 0.696875 0.00625 0.00625
1 0.4046875 0.7140625 0.0203125 0.0515625
0 0.40625 0.6953125 0.00625 0.00625
1 0.44375 0.7296875 0.03125 0.0890625
0 0.4484375 0.69375 0.0109375 0.0140625
1 0.475 0.7296875 0.0328125 0.0828125
0 0.478125 0.6984375 0.0109375 0.0125
1 0.5046875 0.728125 0.0359375 0.0828125
0 0.503125 0.69375 0.0078125 0.0109375
1 0.5140625 0.7171875 0.021875 0.071875
0 0.5140625 0.6875 0.009375 0.0109375
1 0.534375 0.71875 0.025 0.0703125
0 0.534375 0.690625 0.00625 0.0109375
1 0.5625 0.7421875 0.05 0.1375
0 0.5640625 0.6828125 0.0203125 0.0203125
1 0.590625 0.7140625 0.0203125 0.0578125
0 0.590625 0.6921875 0.0078125 0.0078125
1 0.6046875 0.721875 0.0125 0.028125
0 0.6046875 0.7125 0.003125 0.003125
1 0.6203125 0.715625 0.025 0.05625
0 0.6140625 0.6921875 0.00625 0.0078125
1 0.5796875 0.709375 0.0140625 0.0515625
0 0.5796875 0.6890625 0.00625 0.0078125
1 0.6875 0.7171875 0.0171875 0.053125
0 0.6875 0.69375 0.00625 0.0046875
1 0.865625 0.759375 0.0953125 0.1734375
0 0.8625 0.6890625 0.0171875 0.0234375
1 0.85 0.75625 0.0546875 0.1703125
0 0.853125 0.6859375 0.0203125 0.025
1 0.9640625 0.7515625 0.0546875 0.15
0 0.9578125 0.690625 0.0203125 0.0203125
1 0.9859375 0.7484375 0.0234375 0.15
0 0.9890625 0.6859375 0.015625 0.021875
1 0.9375 0.7296875 0.040625 0.103125
0 0.9421875 0.6875 0.0109375 0.0125
1 0.96875 0.725 0.0296875 0.10625
0 0.9703125 0.68125 0.0125 0.015625
1 0.746875 0.7109375 0.0171875 0.05625
0 0.7484375 0.6890625 0.00625 0.0078125
1 0.828125 0.7109375 0.0171875 0.0484375
0 0.825 0.6921875 0.0078125 0.0078125