1 0.696875 0.75625 0.10625 0.1484375
0 0.7046875 0.7171875 0.034375 0.0453125
1 0.7421875 0.771875 0.053125 0.1171875
0 0.740625 0.725 0.0171875 0.01875
1 0.7484375 0.7734375 0.040625 0.1125
0 0.746875 0.725 0.0109375 0.0125
1 0.621875 0.775 0.040625 0.1109375
0 0.625 0.7296875 0.0140625 0.0125
1 0.5734375 0.7734375 0.046875 0.1140625
0 0.56875 0.725 0.0125 0.0140625
1 0.528125 0.7640625 0.025 0.0671875
0 0.528125 0.7375 0.00625 0.00625
1 0.6546875 0.7578125 0.0203125 0.05625
0 0.65625 0.7359375 0.00625 0.0078125
1 0.678125 0.765625 0.03125 0.096875
0 0.6765625 0.725 0.0125 0.0140625
1 0.6390625 0.7609375 0.015625 0.0578125
0 0.640625 0.7359375 0.00625 0.0078125
1 0.65 0.75 0.009375 0.0328125
0 0.65 0.7375 0.0046875 0.0046875
1 0.615625 0.74375 0.0078125 0.0234375
0 0.615625 0.734375 0.003125 0.003125
1 0.60625 0.7453125 0.0078125 0.025
0 0.60625 0.734375 0.003125 0.003125
1 0.603125 0.7453125 0.0078125 0.028125
0 0.6046875 0.734375 0.0015625 0.003125
1 0.5890625 0.74375 0.0078125 0.0265625
0 0.5890625 0.7328125 0.003125 0.0046875
1 0.584375 0.74375 0.0078125 0.025
0 0.584375 0.734375 0.0015625 0.003125
1 0.546875 0.74375 0.00625 0.0234375
0 0.546875 0.734375 0.0015625 0.003125
1 0.5421875 0.74375 0.0078125 0.025
0 0.54375 0.734375 0.0015625 0.003125
1 0.5375 0.74375 0.009375 0.0265625
0 0.5390625 0.7328125 0.0015625 0.003125
1 0.521875 0.74375 0.00625 0.0234375
0 0.5234375 0.734375 0.0015625 0.0015625
1 0.515625 0.7421875 0.0078125 0.01875
0 0.5171875 0.734375 0.0015625 0.0015625
1 0.515625 0.7453125 0.0078125 0.021875
0 0.5171875 0.7359375 0.0015625 0.003125
1 0.509375 0.74375 0.00625 0.021875
0 0.5078125 0.734375 0.0015625 0.0015625
1 0.503125 0.74375 0.009375 0.021875
0 0.503125 0.734375 0.0015625 0.003125
1 0.4953125 0.74375 0.0078125 0.021875
0 0.4953125 0.7359375 0.0015625 0.0015625
1 0.4890625 0.7390625 0.003125 0.0109375
0 0.4890625 0.7359375 0.0015625 0.0015625
1 0.4859375 0.7390625 0.003125 0.0125
0 0.4859375 0.734375 0.0015625 0.0015625
1 0.4828125 0.740625 0.0046875 0.0125
0 0.4828125 0.7359375 0.0015625 0.0015625
1 0.48125 0.74375 0.00625 0.0171875
0 0.48125 0.7375 0.0015625 0.0015625
1 0.4796875 0.740625 0.003125 0.0109375
0 0.4796875 0.734375 0.0015625 0.0015625
1 0.465625 0.746875 0.0078125 0.0203125
0 0.465625 0.7375 0.0015625 0.003125
1 0.4609375 0.74375 0.0078125 0.021875
0 0.4609375 0.7359375 0.0015625 0.0015625
1 0.4546875 0.74375 0.009375 0.01875
0 0.4546875 0.7359375 0.003125 0.003125
1 0.45625 0.740625 0.0046875 0.0171875
0 0.4578125 0.734375 0.0015625 0.0015625
1 0.440625 0.7453125 0.0078125 0.021875
0 0.4390625 0.7359375 0.0015625 0.0015625
1 0.4234375 0.7453125 0.00625 0.021875
0 0.425 0.7375 0.0015625 0.003125
1 0.4203125 0.740625 0.0046875 0.0171875
0 0.4203125 0.7328125 0.0015625 0.0015625
1 0.425 0.740625 0.00625 0.01875
0 0.425 0.7328125 0.0015625 0.0015625
1 0.4453125 0.7421875 0.0078125 0.01875
0 0.4453125 0.734375 0.0015625 0.0015625