1 0.096875 0.6859375 0.034375 0.0859375
0 0.10625 0.6515625 0.0140625 0.0140625
1 0.2734375 0.66875 0.0203125 0.05
0 0.271875 0.6515625 0.00625 0.0078125
1 0.2765625 0.6671875 0.021875 0.046875
0 0.28125 0.6515625 0.00625 0.00625
1 0.3515625 0.671875 0.0203125 0.0421875
0 0.353125 0.6546875 0.00625 0.00625
1 0.3796875 0.6703125 0.01875 0.0390625
0 0.3828125 0.65625 0.00625 0.0078125
1 0.421875 0.66875 0.0125 0.034375
0 0.421875 0.65625 0.00625 0.0078125
1 0.4890625 0.6671875 0.0140625 0.03125
0 0.4890625 0.65625 0.003125 0.0046875
1 0.51875 0.6609375 0.0140625 0.028125
0 0.51875 0.65 0.0046875 0.0046875