1 0.9015625 0.70625 0.1390625 0.2796875
0 0.8921875 0.5953125 0.053125 0.059375
1 0.9375 0.7171875 0.115625 0.25625
0 0.9328125 0.615625 0.0359375 0.0375
1 0.803125 0.7328125 0.1609375 0.225
0 0.8140625 0.665625 0.059375 0.071875
1 0.8265625 0.7046875 0.0703125 0.221875
0 0.828125 0.6171875 0.0265625 0.0375
1 0.775 0.6953125 0.1140625 0.2953125
0 0.771875 0.58125 0.053125 0.05625
1 0.68125 0.7015625 0.1828125 0.2890625
0 0.7109375 0.609375 0.0859375 0.096875
1 0.6 0.7328125 0.0875 0.225
0 0.60625 0.6515625 0.034375 0.0515625
1 0.64375 0.7015625 0.0765625 0.2359375
0 0.65 0.60625 0.034375 0.034375
1 0.5015625 0.7125 0.134375 0.265625
0 0.525 0.6125 0.0453125 0.0546875
1 0.4734375 0.684375 0.0765625 0.1875
0 0.478125 0.6125 0.0234375 0.03125
1 0.40625 0.696875 0.08125 0.221875
0 0.409375 0.6109375 0.0234375 0.028125
1 0.4578125 0.6671875 0.0390625 0.125
0 0.4625 0.615625 0.015625 0.0171875
1 0.4234375 0.6578125 0.034375 0.1015625
0 0.4265625 0.6171875 0.0125 0.0140625
1 0.3765625 0.6703125 0.0515625 0.1546875
0 0.38125 0.60625 0.015625 0.0203125
1 0.3484375 0.65 0.0265625 0.0828125
0 0.3484375 0.615625 0.0109375 0.0109375
1 0.325 0.646875 0.0328125 0.096875
0 0.325 0.609375 0.0109375 0.0125