1 0.1453125 0.51875 0.2046875 0.559375
0 0.165625 0.2953125 0.05625 0.0703125
1 0.2328125 0.5109375 0.2703125 0.51875
0 0.253125 0.3046875 0.0484375 0.06875
1 0.33125 0.5171875 0.1703125 0.51875
0 0.3203125 0.3078125 0.05 0.0640625
1 0.4125 0.5359375 0.275 0.4421875
0 0.4171875 0.3578125 0.0484375 0.0578125
1 0.5015625 0.5046875 0.290625 0.50625
0 0.4875 0.3015625 0.0453125 0.065625
1 0.590625 0.5375 0.1296875 0.4734375
0 0.5859375 0.3390625 0.0453125 0.05625
1 0.7015625 0.546875 0.1578125 0.5140625
0 0.6921875 0.3296875 0.0546875 0.0734375
1 0.8671875 0.5125 0.209375 0.6109375
0 0.8328125 0.25625 0.0625 0.075