1 0.13125 0.5328125 0.0953125 0.2546875
0 0.1140625 0.43125 0.0296875 0.040625
1 0.1875 0.5296875 0.109375 0.290625
0 0.1734375 0.409375 0.0359375 0.04375
1 0.3859375 0.6234375 0.140625 0.384375
0 0.3953125 0.4765625 0.0453125 0.046875
1 0.4921875 0.61875 0.1828125 0.375
0 0.4734375 0.4625 0.040625 0.0578125
1 0.54375 0.6296875 0.10625 0.3703125
0 0.5390625 0.4734375 0.040625 0.053125
1 0.621875 0.6125 0.128125 0.3828125
0 0.60625 0.4515625 0.0421875 0.0578125
1 0.73125 0.48125 0.0828125 0.225
0 0.7421875 0.390625 0.025 0.0296875
1 0.878125 0.4625 0.071875 0.16875
0 0.8765625 0.3921875 0.01875 0.025
1 0.8265625 0.4359375 0.0640625 0.1734375
0 0.8328125 0.36875 0.01875 0.021875
1 0.4515625 0.4765625 0.0625 0.1859375
0 0.45 0.40625 0.0203125 0.025
1 0.4984375 0.43125 0.0453125 0.15
0 0.4984375 0.3703125 0.0171875 0.0203125
1 0.3734375 0.4625 0.053125 0.175
0 0.3734375 0.39375 0.0203125 0.0265625
1 0.390625 0.43125 0.05 0.159375
0 0.390625 0.365625 0.0171875 0.0234375
1 0.409375 0.40625 0.04375 0.109375
0 0.40625 0.3609375 0.015625 0.015625
1 0.409375 0.3484375 0.0203125 0.059375
0 0.409375 0.325 0.0078125 0.009375
1 0.45 0.3390625 0.0203125 0.0578125
0 0.4515625 0.315625 0.00625 0.0078125
1 0.5140625 0.3703125 0.0328125 0.0875
0 0.5171875 0.3359375 0.009375 0.0109375
1 0.5859375 0.3515625 0.034375 0.0703125
0 0.59375 0.3234375 0.00625 0.009375
1 0.6484375 0.3625 0.025 0.0703125
0 0.646875 0.3328125 0.00625 0.009375
1 0.6078125 0.328125 0.0203125 0.046875
0 0.60625 0.3109375 0.0046875 0.0046875
1 0.5953125 0.3265625 0.0140625 0.0421875
0 0.596875 0.309375 0.003125 0.0046875
1 0.5796875 0.321875 0.0125 0.0328125
0 0.5796875 0.309375 0.003125 0.0046875
1 0.5875 0.3203125 0.0078125 0.0296875
0 0.584375 0.309375 0.003125 0.0046875
1 0.590625 0.3203125 0.009375 0.03125
0 0.590625 0.30625 0.003125 0.003125
1 0.603125 0.31875 0.009375 0.028125
0 0.603125 0.3078125 0.003125 0.0046875
1 0.5484375 0.33125 0.0125 0.040625
0 0.5484375 0.315625 0.0046875 0.0046875
1 0.58125 0.3171875 0.009375 0.028125
0 0.58125 0.30625 0.003125 0.003125
1 0.5921875 0.3171875 0.0109375 0.0328125
0 0.5921875 0.3046875 0.003125 0.0046875
1 0.53125 0.33125 0.0140625 0.0390625
0 0.5296875 0.315625 0.003125 0.0046875
1 0.515625 0.33125 0.01875 0.046875
0 0.515625 0.3109375 0.0046875 0.00625
1 0.503125 0.3265625 0.0171875 0.0453125
0 0.503125 0.3078125 0.0046875 0.0046875
1 0.4890625 0.3203125 0.0140625 0.0375
0 0.4890625 0.303125 0.003125 0.0046875
1 0.4796875 0.31875 0.009375 0.03125
0 0.4796875 0.30625 0.003125 0.003125
1 0.471875 0.3171875 0.0125 0.0359375
0 0.4734375 0.3015625 0.003125 0.003125
1 0.0328125 0.325 0.00625 0.01875
0 0.03125 0.31875 0.0015625 0.0015625
1 0.1453125 0.31875 0.0046875 0.0125
0 0.14375 0.3140625 0.0015625 0.0015625
1 0.534375 0.3109375 0.009375 0.0265625
0 0.534375 0.3 0.0015625 0.003125
1 0.54375 0.3125 0.0078125 0.025
0 0.54375 0.303125 0.0015625 0.003125
1 0.553125 0.3125 0.009375 0.0265625
0 0.553125 0.3 0.003125 0.003125
1 0.5625 0.3125 0.009375 0.025
0 0.5625 0.3015625 0.0015625 0.003125
1 0.571875 0.3078125 0.0078125 0.0203125
0 0.571875 0.3 0.003125 0.003125
1 0.521875 0.3125 0.009375 0.0265625
0 0.521875 0.303125 0.003125 0.003125
1 0.5109375 0.31875 0.009375 0.03125
0 0.5109375 0.30625 0.003125 0.0046875
1 0.5140625 0.315625 0.009375 0.028125
0 0.5140625 0.303125 0.003125 0.0046875
1 0.51875 0.3125 0.0078125 0.0265625
0 0.51875 0.3015625 0.003125 0.003125
1 0.503125 0.3171875 0.009375 0.03125
0 0.5015625 0.303125 0.003125 0.003125
1 0.490625 0.3140625 0.0078125 0.0265625
0 0.4921875 0.303125 0.003125 0.003125
1 0.4953125 0.3125 0.0078125 0.0265625
0 0.4953125 0.3015625 0.003125 0.003125