1 0.1203125 0.58125 0.2390625 0.6171875
0 0.084375 0.4109375 0.084375 0.1078125
1 0.5109375 0.4890625 0.490625 0.5703125
0 0.5140625 0.253125 0.0828125 0.0859375
1 0.5875 0.5671875 0.109375 0.3328125
0 0.590625 0.4296875 0.0375 0.053125
1 0.6390625 0.6421875 0.190625 0.4953125
0 0.6515625 0.434375 0.059375 0.0703125
1 0.6984375 0.5640625 0.065625 0.1
0 0.6828125 0.5328125 0.0125 0.0140625
1 0.1640625 0.5359375 0.053125 0.1375
0 0.171875 0.4828125 0.0203125 0.0203125
1 0.1984375 0.534375 0.0609375 0.1359375
0 0.2015625 0.4828125 0.0203125 0.0265625
1 0.2921875 0.521875 0.06875 0.2109375
0 0.2953125 0.4359375 0.0265625 0.03125
1 0.3015625 0.546875 0.0828125 0.1515625
0 0.3109375 0.4828125 0.0203125 0.0203125
1 0.3375 0.54375 0.1046875 0.1546875
0 0.371875 0.4828125 0.021875 0.021875
1 0.3765625 0.5515625 0.125 0.15625
0 0.40625 0.4890625 0.0234375 0.0265625
1 0.4375 0.5546875 0.090625 0.1578125
0 0.45625 0.496875 0.0203125 0.0296875
1 0.4625 0.5640625 0.0625 0.140625
0 0.465625 0.509375 0.021875 0.0234375
1 0.475 0.528125 0.05 0.1453125
0 0.4765625 0.471875 0.0203125 0.025
1 0.9265625 0.4640625 0.075 0.0953125
0 0.9453125 0.4296875 0.0171875 0.0203125
1 0.9609375 0.4671875 0.071875 0.1
0 0.9703125 0.43125 0.0203125 0.025
1 0.9671875 0.5890625 0.059375 0.1671875
0 0.98125 0.5328125 0.025 0.0328125
1 0.9328125 0.590625 0.065625 0.1640625
0 0.9265625 0.5296875 0.025 0.034375
1 0.8703125 0.584375 0.0828125 0.175
0 0.8671875 0.5140625 0.025 0.0265625