1 0.8140625 0.6140625 0.2546875 0.4765625
0 0.9109375 0.4671875 0.05625 0.0703125
1 0.74375 0.4734375 0.1421875 0.375
0 0.7453125 0.3234375 0.0375 0.0484375
1 0.7078125 0.484375 0.1453125 0.3609375
0 0.7171875 0.340625 0.034375 0.0484375
1 0.6671875 0.440625 0.21875 0.45
0 0.690625 0.3171875 0.0390625 0.0484375
1 0.65625 0.4359375 0.1640625 0.41875
0 0.6890625 0.321875 0.0390625 0.046875
1 0.384375 0.61875 0.2671875 0.2203125
0 0.3421875 0.540625 0.040625 0.0421875
1 0.2359375 0.71875 0.2421875 0.30625
0 0.2265625 0.60625 0.059375 0.059375
1 0.215625 0.5640625 0.38125 0.4078125
0 0.1984375 0.4015625 0.0421875 0.053125
1 0.965625 0.396875 0.0625 0.2296875
0 0.9859375 0.30625 0.021875 0.040625
1 0.903125 0.36875 0.096875 0.23125
0 0.9171875 0.2828125 0.025 0.040625
1 0.6125 0.371875 0.109375 0.2515625
0 0.609375 0.275 0.0359375 0.04375
1 0.5203125 0.3828125 0.10625 0.2546875
0 0.51875 0.28125 0.0359375 0.04375
1 0.425 0.38125 0.1171875 0.2515625
0 0.4015625 0.2984375 0.0328125 0.0390625
1 0.3421875 0.3953125 0.09375 0.234375
0 0.3421875 0.3078125 0.0296875 0.0375
1 0.2578125 0.35625 0.0984375 0.2984375
0 0.26875 0.2671875 0.03125 0.0421875
1 0.190625 0.359375 0.0921875 0.2890625
0 0.190625 0.2421875 0.0328125 0.0359375
1 0.1515625 0.378125 0.0984375 0.2546875
0 0.1546875 0.2859375 0.0390625 0.04375
1 0.0640625 0.365625 0.125 0.3125
0 0.0421875 0.2734375 0.0359375 0.05625