1 0.290625 0.728125 0.1265625 0.2015625
0 0.2625 0.740625 0.053125 0.065625
1 0.421875 0.740625 0.125 0.178125
0 0.415625 0.703125 0.04375 0.0546875
1 0.5296875 0.7421875 0.1125 0.1734375
0 0.525 0.709375 0.04375 0.059375
1 0.725 0.74375 0.0859375 0.171875
0 0.7203125 0.6796875 0.0328125 0.0359375
1 0.8109375 0.7125 0.0625 0.1875
0 0.809375 0.6359375 0.025 0.0296875
1 0.8875 0.7140625 0.06875 0.2
0 0.878125 0.63125 0.025 0.0296875
1 0.2703125 0.740625 0.125 0.178125
0 0.3 0.675 0.0390625 0.040625
1 0.4875 0.65 0.0515625 0.115625
0 0.4796875 0.603125 0.021875 0.025