1 0.075 0.5625 0.1328125 0.26875
0 0.078125 0.45 0.0328125 0.0390625
1 0.1296875 0.571875 0.1265625 0.309375
0 0.1484375 0.44375 0.0359375 0.0484375
1 0.19375 0.5609375 0.140625 0.3046875
0 0.221875 0.434375 0.034375 0.0453125
1 0.29375 0.5703125 0.1203125 0.3171875
0 0.303125 0.4421875 0.0421875 0.0546875
1 0.3828125 0.5921875 0.090625 0.3609375
0 0.3828125 0.446875 0.0359375 0.0484375
1 0.4796875 0.5796875 0.11875 0.35625
0 0.478125 0.4421875 0.0390625 0.0484375
1 0.5890625 0.578125 0.140625 0.3296875
0 0.5796875 0.44375 0.040625 0.0515625
1 0.65 0.565625 0.0984375 0.2984375
0 0.640625 0.4390625 0.0359375 0.0484375
1 0.7484375 0.5859375 0.15625 0.309375
0 0.70625 0.4546875 0.0359375 0.0421875
1 0.790625 0.5671875 0.1296875 0.278125
0 0.765625 0.4515625 0.0390625 0.0484375
1 0.86875 0.5609375 0.15 0.2859375
0 0.8640625 0.446875 0.040625 0.0421875