1 0.0359375 0.440625 0.0359375 0.0625
0 0.0265625 0.4171875 0.0109375 0.009375
1 0.05625 0.540625 0.1078125 0.290625
0 0.0109375 0.4125 0.0171875 0.0359375
1 0.109375 0.4609375 0.1078125 0.2
0 0.0890625 0.3765625 0.0265625 0.0296875
1 0.1640625 0.48125 0.103125 0.2375
0 0.140625 0.3859375 0.0421875 0.0421875
1 0.2015625 0.5421875 0.1828125 0.3828125
0 0.165625 0.3859375 0.0546875 0.0625
1 0.2109375 0.4359375 0.0625 0.125
0 0.1984375 0.3890625 0.0171875 0.0203125
1 0.2859375 0.4984375 0.1328125 0.3375
0 0.2734375 0.353125 0.0453125 0.0453125
1 0.36875 0.5765625 0.2703125 0.5234375
0 0.3640625 0.353125 0.1203125 0.1390625
1 0.5734375 0.5515625 0.2578125 0.571875
0 0.571875 0.325 0.078125 0.1046875
1 0.653125 0.509375 0.221875 0.53125
0 0.634375 0.2984375 0.0703125 0.0890625
1 0.6875 0.4453125 0.1453125 0.3796875
0 0.6765625 0.29375 0.0421875 0.053125
1 0.8078125 0.509375 0.2015625 0.4828125
0 0.7984375 0.3203125 0.065625 0.078125
1 0.8296875 0.371875 0.0578125 0.1578125
0 0.8265625 0.3078125 0.0140625 0.0171875
1 0.4296875 0.3765625 0.0234375 0.0640625
0 0.4296875 0.35 0.0078125 0.00625