1 0.8703125 0.61875 0.15625 0.5046875
0 0.8390625 0.4171875 0.0640625 0.0765625
1 0.721875 0.6140625 0.18125 0.5125
0 0.7109375 0.409375 0.065625 0.0890625
1 0.625 0.6265625 0.1765625 0.4875
0 0.6234375 0.43125 0.0703125 0.0890625
1 0.48125 0.6390625 0.2015625 0.4640625
0 0.4984375 0.45625 0.0546875 0.0796875
1 0.4578125 0.603125 0.315625 0.534375
0 0.4078125 0.3859375 0.06875 0.0859375
1 0.2734375 0.6421875 0.14375 0.4578125
0 0.26875 0.4578125 0.059375 0.08125
1 0.14375 0.6515625 0.1765625 0.4375
0 0.1359375 0.490625 0.065625 0.065625