1 0.0796875 0.628125 0.1546875 0.3375
0 0.09375 0.490625 0.05 0.05625
1 0.19375 0.615625 0.15 0.3234375
0 0.2203125 0.48125 0.0421875 0.0515625
1 0.315625 0.6 0.1375 0.31875
0 0.325 0.4734375 0.04375 0.0609375
1 0.4203125 0.609375 0.121875 0.3375
0 0.4234375 0.471875 0.0421875 0.053125
1 0.5234375 0.596875 0.1125 0.3
0 0.51875 0.4765625 0.040625 0.0515625
1 0.634375 0.609375 0.1375 0.34375
0 0.6296875 0.4671875 0.046875 0.05625
1 0.75625 0.6046875 0.128125 0.31875
0 0.7390625 0.475 0.046875 0.05625
1 0.9 0.621875 0.18125 0.36875
0 0.8765625 0.471875 0.05 0.0609375
1 0.1640625 0.5328125 0.1109375 0.3453125
0 0.1625 0.3890625 0.04375 0.053125
1 0.25625 0.5390625 0.11875 0.340625
0 0.25 0.396875 0.0421875 0.053125
1 0.35625 0.5375 0.1015625 0.3421875
0 0.353125 0.39375 0.040625 0.053125
1 0.446875 0.534375 0.1015625 0.3484375
0 0.44375 0.3875 0.04375 0.05
1 0.51875 0.5328125 0.09375 0.3453125
0 0.51875 0.3890625 0.0390625 0.0453125
1 0.5953125 0.5375 0.1015625 0.334375
0 0.6 0.39375 0.0375 0.04375
1 0.684375 0.540625 0.096875 0.340625
0 0.6859375 0.4 0.040625 0.05
1 0.7765625 0.5390625 0.1109375 0.3421875
0 0.7796875 0.396875 0.04375 0.0484375
1 0.8828125 0.525 0.1171875 0.3984375
0 0.875 0.359375 0.0421875 0.0609375
1 0.8125 0.4515625 0.0890625 0.29375
0 0.8125 0.328125 0.034375 0.0421875
1 0.746875 0.446875 0.08125 0.3
0 0.74375 0.3234375 0.034375 0.04375
1 0.68125 0.453125 0.0875 0.29375
0 0.6765625 0.3265625 0.03125 0.0421875
1 0.60625 0.45 0.0828125 0.2890625
0 0.60625 0.3296875 0.0328125 0.040625
1 0.540625 0.4484375 0.0703125 0.2859375
0 0.54375 0.33125 0.03125 0.04375
1 0.4734375 0.453125 0.078125 0.278125
0 0.484375 0.334375 0.028125 0.0375
1 0.39375 0.45 0.0765625 0.278125
0 0.39375 0.334375 0.0328125 0.040625
1 0.3265625 0.45 0.0875 0.28125
0 0.328125 0.334375 0.028125 0.0375
1 0.2515625 0.45625 0.084375 0.2703125
0 0.2515625 0.3453125 0.0296875 0.040625
1 0.18125 0.4515625 0.08125 0.275
0 0.1765625 0.3359375 0.0328125 0.0375