1 0.8703125 0.6359375 0.0578125 0.053125
0 0.8625 0.61875 0.015625 0.015625
1 0.796875 0.6546875 0.0453125 0.121875
0 0.7984375 0.60625 0.015625 0.0203125
1 0.7984375 0.6515625 0.0421875 0.1046875
0 0.8 0.609375 0.0140625 0.015625
1 0.7453125 0.64375 0.034375 0.0953125
0 0.74375 0.6046875 0.0109375 0.0140625
1 0.70625 0.6359375 0.025 0.078125
0 0.7015625 0.603125 0.009375 0.0109375
1 0.6453125 0.640625 0.0234375 0.071875
0 0.6453125 0.609375 0.0078125 0.009375
1 0.653125 0.6359375 0.025 0.0734375
0 0.653125 0.60625 0.00625 0.009375
1 0.665625 0.640625 0.01875 0.071875
0 0.6671875 0.6109375 0.0078125 0.0078125
1 0.603125 0.6421875 0.0265625 0.071875
0 0.6046875 0.61875 0.009375 0.009375
1 0.615625 0.6390625 0.021875 0.0765625
0 0.6171875 0.6078125 0.009375 0.009375
1 0.584375 0.6421875 0.0265625 0.071875
0 0.5828125 0.6125 0.009375 0.0109375
1 0.559375 0.64375 0.0203125 0.06875
0 0.5609375 0.6171875 0.0078125 0.0078125
1 0.5453125 0.6421875 0.0234375 0.071875
0 0.54375 0.6140625 0.009375 0.0109375
1 0.5234375 0.640625 0.0265625 0.0734375
0 0.5234375 0.609375 0.0078125 0.009375
1 0.5078125 0.6453125 0.0171875 0.06875
0 0.509375 0.6171875 0.0078125 0.009375
1 0.4984375 0.64375 0.021875 0.06875
0 0.4953125 0.615625 0.00625 0.0078125
1 0.4859375 0.64375 0.0265625 0.06875
0 0.4875 0.6171875 0.0078125 0.0078125
1 0.475 0.64375 0.01875 0.06875
0 0.475 0.6171875 0.00625 0.0078125
1 0.4546875 0.64375 0.0265625 0.0671875
0 0.4515625 0.61875 0.00625 0.0109375
1 0.4296875 0.6453125 0.01875 0.0640625
0 0.4296875 0.6203125 0.009375 0.009375
1 0.4375 0.64375 0.01875 0.0640625
0 0.4390625 0.6171875 0.009375 0.009375
1 0.4625 0.6375 0.0203125 0.075
0 0.465625 0.609375 0.009375 0.0109375
1 0.4109375 0.6453125 0.025 0.05625
0 0.415625 0.625 0.0078125 0.0078125
1 0.3703125 0.64375 0.0234375 0.06875
0 0.36875 0.615625 0.0078125 0.0078125
1 0.3390625 0.6484375 0.0265625 0.06875
0 0.340625 0.6203125 0.0109375 0.009375
1 0.309375 0.64375 0.0171875 0.046875
0 0.309375 0.625 0.00625 0.00625
1 0.3 0.6421875 0.01875 0.0453125
0 0.3046875 0.621875 0.0046875 0.00625
1 0.2921875 0.640625 0.01875 0.0515625
0 0.2890625 0.6203125 0.0046875 0.00625
1 0.2734375 0.640625 0.01875 0.05
0 0.2734375 0.6203125 0.00625 0.009375
1 0.2421875 0.64375 0.021875 0.0484375
0 0.240625 0.625 0.0046875 0.00625
1 0.20625 0.6421875 0.01875 0.05
0 0.2046875 0.621875 0.00625 0.00625
1 0.1921875 0.646875 0.0171875 0.0484375
0 0.1921875 0.6265625 0.0046875 0.00625
1 0.1703125 0.646875 0.015625 0.046875
0 0.171875 0.6328125 0.00625 0.00625
1 0.15 0.6453125 0.01875 0.0515625
0 0.1515625 0.625 0.00625 0.00625
1 0.0609375 0.64375 0.0109375 0.028125
0 0.0625 0.634375 0.003125 0.003125
1 0.0765625 0.6484375 0.0140625 0.025
0 0.075 0.640625 0.0046875 0.0046875
1 0.015625 0.653125 0.0265625 0.0515625
0 0.0125 0.6328125 0.00625 0.00625
1 0.090625 0.6390625 0.0109375 0.0234375
0 0.090625 0.6296875 0.003125 0.003125
1 0.3203125 0.64375 0.0140625 0.0453125
0 0.321875 0.6265625 0.00625 0.00625