1 0.2484375 0.5828125 0.3015625 0.3890625
0 0.2203125 0.44375 0.071875 0.0765625
1 0.4953125 0.4484375 0.6296875 0.39375
0 0.4140625 0.309375 0.05625 0.0703125
1 0.38125 0.60625 0.084375 0.1921875
0 0.3796875 0.5265625 0.0234375 0.028125
1 0.6140625 0.6 0.0703125 0.196875
0 0.61875 0.515625 0.021875 0.0234375
1 0.746875 0.6015625 0.0859375 0.2390625
0 0.74375 0.5015625 0.025 0.0296875
1 0.834375 0.5265625 0.325 0.5015625
0 0.8984375 0.3265625 0.0625 0.0734375
1 0.0390625 0.6125 0.0421875 0.103125
0 0.040625 0.56875 0.0125 0.0140625
1 0.075 0.6109375 0.0421875 0.1015625
0 0.075 0.5703125 0.0109375 0.0140625
1 0.1015625 0.6078125 0.04375 0.0921875
0 0.103125 0.5703125 0.0125 0.0140625
1 0.1328125 0.6109375 0.0421875 0.0859375
0 0.1375 0.5765625 0.0109375 0.0140625
1 0.3 0.603125 0.04375 0.090625
0 0.3015625 0.56875 0.015625 0.015625
1 0.3125 0.61875 0.046875 0.0921875
0 0.3125 0.58125 0.0125 0.015625
1 0.315625 0.575 0.0390625 0.0765625
0 0.3140625 0.54375 0.0109375 0.0125
1 0.3625 0.5546875 0.034375 0.0734375
0 0.3609375 0.528125 0.0125 0.015625
1 0.053125 0.5609375 0.0328125 0.065625
0 0.053125 0.540625 0.0109375 0.0140625
1 0.0671875 0.5375 0.028125 0.0625
0 0.0703125 0.5140625 0.0125 0.015625
1 0.1015625 0.54375 0.028125 0.0703125
0 0.1046875 0.5203125 0.0140625 0.015625
1 0.1453125 0.5625 0.0375 0.0796875
0 0.146875 0.53125 0.0125 0.0140625
1 0.165625 0.5359375 0.0375 0.078125
0 0.1640625 0.50625 0.0171875 0.0171875
1 0.0375 0.5359375 0.034375 0.06875
0 0.04375 0.5125 0.0125 0.015625
1 0.0609375 0.515625 0.0328125 0.0734375
0 0.0609375 0.4890625 0.009375 0.009375
1 0.028125 0.4546875 0.046875 0.090625
0 0.034375 0.4234375 0.015625 0.01875
1 0.0609375 0.45625 0.0390625 0.0921875
0 0.06875 0.4265625 0.0125 0.0140625
1 0.165625 0.421875 0.0328125 0.059375
0 0.1671875 0.4 0.0078125 0.0109375
1 0.1890625 0.4203125 0.028125 0.0625
0 0.1921875 0.403125 0.0109375 0.0125
1 0.171875 0.4515625 0.0390625 0.065625
0 0.16875 0.428125 0.009375 0.0125
1 0.1359375 0.490625 0.040625 0.0703125
0 0.1359375 0.465625 0.01875 0.0171875
1 0.2609375 0.4703125 0.0390625 0.071875
0 0.259375 0.446875 0.0140625 0.015625
1 0.034375 0.3546875 0.03125 0.065625
0 0.034375 0.3296875 0.0125 0.0140625
1 0.1234375 0.3484375 0.0421875 0.0796875
0 0.1265625 0.3171875 0.0078125 0.0125
1 0.2125 0.3578125 0.03125 0.0625
0 0.2171875 0.3375 0.0125 0.0140625
1 0.2390625 0.3578125 0.0390625 0.0734375
0 0.2375 0.3421875 0.015625 0.0203125
1 0.34375 0.3625 0.0359375 0.075
0 0.340625 0.3375 0.0078125 0.0109375
1 0.45 0.35625 0.0359375 0.0640625
0 0.453125 0.33125 0.0109375 0.0109375
1 0.509375 0.475 0.0375 0.0921875
0 0.509375 0.4421875 0.0203125 0.025
1 0.5203125 0.4859375 0.0359375 0.078125
0 0.51875 0.45625 0.01875 0.01875
1 0.4890625 0.4515625 0.04375 0.096875
0 0.49375 0.4140625 0.0125 0.0140625
1 0.471875 0.421875 0.0375 0.0796875
0 0.478125 0.396875 0.0140625 0.0171875
1 0.5015625 0.421875 0.034375 0.0765625
0 0.503125 0.3953125 0.0125 0.015625
1 0.534375 0.425 0.0484375 0.0859375
0 0.534375 0.3953125 0.0140625 0.015625
1 0.625 0.353125 0.0328125 0.0984375
0 0.6265625 0.3140625 0.0125 0.0140625
1 0.5703125 0.584375 0.05 0.0984375
0 0.5640625 0.55 0.01875 0.01875
1 0.5859375 0.525 0.0390625 0.0671875
0 0.584375 0.5 0.015625 0.015625
1 0.6453125 0.53125 0.0421875 0.08125
0 0.6484375 0.5 0.0140625 0.015625
1 0.68125 0.5296875 0.0390625 0.0765625
0 0.678125 0.5015625 0.0140625 0.015625
1 0.64375 0.4875 0.03125 0.0703125
0 0.6375 0.459375 0.0125 0.0140625
1 0.6484375 0.4671875 0.034375 0.075
0 0.6453125 0.440625 0.0109375 0.015625
1 0.6546875 0.4421875 0.0265625 0.0625
0 0.659375 0.4203125 0.0109375 0.0125
1 0.6390625 0.4125 0.034375 0.0625
0 0.6421875 0.3921875 0.0125 0.015625
1 0.671875 0.415625 0.0375 0.075
0 0.671875 0.390625 0.0125 0.0140625
1 0.6296875 0.4359375 0.0375 0.0609375
0 0.628125 0.415625 0.0140625 0.015625
1 0.68125 0.53125 0.034375 0.0796875
0 0.6765625 0.5015625 0.0140625 0.0140625
1 0.6875 0.4484375 0.0359375 0.084375
0 0.6890625 0.41875 0.0140625 0.0171875
1 0.7109375 0.4640625 0.04375 0.075
0 0.709375 0.4375 0.009375 0.0140625
1 0.7015625 0.4796875 0.0375 0.06875
0 0.703125 0.45625 0.0125 0.015625
1 0.7203125 0.4984375 0.040625 0.075
0 0.715625 0.46875 0.0125 0.015625
1 0.721875 0.5109375 0.040625 0.0625
0 0.7171875 0.496875 0.0140625 0.015625
1 0.7546875 0.5078125 0.034375 0.0734375
0 0.75625 0.4796875 0.015625 0.015625
1 0.7625 0.490625 0.0390625 0.075
0 0.7640625 0.4640625 0.0125 0.0140625
1 0.7390625 0.4625 0.0421875 0.078125
0 0.7390625 0.434375 0.0125 0.015625
1 0.7671875 0.46875 0.0390625 0.084375
0 0.771875 0.4390625 0.0109375 0.0140625
1 0.8046875 0.4828125 0.040625 0.0703125
0 0.8 0.4625 0.0125 0.0140625
1 0.859375 0.4796875 0.046875 0.06875
0 0.859375 0.45625 0.0125 0.0140625
1 0.896875 0.478125 0.0453125 0.0671875
0 0.8921875 0.4546875 0.0140625 0.015625
1 0.7359375 0.415625 0.0421875 0.0765625
0 0.734375 0.390625 0.0140625 0.0140625
1 0.80625 0.4359375 0.0390625 0.0640625
0 0.8125 0.4140625 0.0140625 0.015625
1 0.08125 0.4984375 0.034375 0.071875
0 0.084375 0.4703125 0.0125 0.0125
1 0.103125 0.5875 0.0421875 0.0796875
0 0.1015625 0.55625 0.0125 0.015625