1 0.159375 0.609375 0.1359375 0.41875
0 0.1953125 0.4328125 0.0453125 0.0515625
1 0.240625 0.6125 0.10625 0.3828125
0 0.2453125 0.4515625 0.046875 0.05625
1 0 0.165625 0 0
0 0.3109375 0.503125 0.0515625 0.06875
1 0.31875 0.5890625 0.1390625 0.409375
0 0.325 0.421875 0.04375 0.05
1 0.40625 0.6015625 0.1109375 0.3875
0 0.409375 0.4375 0.04375 0.05
1 0.496875 0.603125 0.10625 0.4125
0 0.490625 0.43125 0.04375 0.05625
1 0.58125 0.6015625 0.109375 0.3953125
0 0.578125 0.434375 0.04375 0.05625
1 0.6390625 0.6234375 0.14375 0.4109375
0 0.6125 0.4515625 0.0421875 0.0546875
1 0.75 0.60625 0.184375 0.44375
0 0.709375 0.4203125 0.05 0.0578125
1 0.425 0.634375 0.1296875 0.36875
0 0.44375 0.490625 0.04375 0.059375
1 0.5390625 0.6375 0.1421875 0.359375
0 0.5203125 0.490625 0.04375 0.0578125
1 0.4 0.6703125 0.14375 0.3171875
0 0.40625 0.55 0.05625 0.06875
1 0.578125 0.6671875 0.1625 0.321875
0 0.5671875 0.546875 0.0515625 0.0703125