1 0.7765625 0.65 0.4375 0.4015625
0 0.7265625 0.525 0.103125 0.140625
1 0.8640625 0.5265625 0.2625 0.6140625
0 0.8859375 0.2796875 0.0828125 0.109375
1 0.7109375 0.4828125 0.2078125 0.45
0 0.7140625 0.3171875 0.0703125 0.1109375
1 0.578125 0.3921875 0.3015625 0.475
0 0.5875 0.2046875 0.05625 0.0890625
1 0.503125 0.615625 0.3375 0.471875
0 0.584375 0.4390625 0.0703125 0.090625
1 0.4453125 0.5015625 0.215625 0.421875
0 0.43125 0.35 0.0828125 0.10625
1 0.33125 0.5265625 0.221875 0.4078125
0 0.346875 0.3703125 0.0734375 0.090625
1 0.2796875 0.4375 0.2078125 0.5859375
0 0.3296875 0.1953125 0.0765625 0.096875
1 0.253125 0.646875 0.5015625 0.409375
0 0.121875 0.5359375 0.1125 0.140625
1 0.203125 0.4875 0.4 0.4875
0 0.190625 0.3109375 0.0953125 0.125