1 0.83125 0.575 0.1890625 0.35
0 0.8484375 0.440625 0.0671875 0.0625
1 0.79375 0.48125 0.24375 0.5109375
0 0.778125 0.278125 0.0609375 0.0875
1 0.65 0.4875 0.2125 0.440625
0 0.6828125 0.3140625 0.0640625 0.0765625
1 0.53125 0.61875 0.2625 0.359375
0 0.540625 0.5265625 0.0578125 0.075
1 0.5328125 0.546875 0.1234375 0.278125
0 0.515625 0.4375 0.04375 0.0484375
1 0.6046875 0.4796875 0.1703125 0.378125
0 0.625 0.321875 0.0390625 0.053125
1 0.4875 0.4734375 0.2953125 0.371875
0 0.5296875 0.3203125 0.0421875 0.0625
1 0.41875 0.5828125 0.1875 0.334375
0 0.4046875 0.4671875 0.065625 0.0796875
1 0.3828125 0.5109375 0.159375 0.3484375
0 0.4078125 0.378125 0.05 0.075
1 0.4234375 0.4375 0.1046875 0.3234375
0 0.43125 0.30625 0.0375 0.053125
1 0.3546875 0.4375 0.1296875 0.365625
0 0.3765625 0.2921875 0.0484375 0.065625
1 0.215625 0.4921875 0.24375 0.3625
0 0.29375 0.35625 0.0546875 0.0703125
1 0.175 0.6140625 0.2515625 0.4328125
0 0.203125 0.4515625 0.065625 0.08125
1 0.1890625 0.428125 0.175 0.45625
0 0.21875 0.2375 0.046875 0.0625
1 0.29375 0.4234375 0.1203125 0.3921875
0 0.28125 0.265625 0.0484375 0.0515625