1 0.0625 0.50625 0.1234375 0.359375
0 0.0765625 0.4125 0.0359375 0.046875
1 0.1390625 0.5328125 0.0890625 0.284375
0 0.140625 0.415625 0.0328125 0.0359375
1 0.3203125 0.4828125 0.165625 0.4203125
0 0.36875 0.3796875 0.034375 0.0484375
1 0.35 0.5296875 0.075 0.309375
0 0.34375 0.4 0.0375 0.046875
1 0.4828125 0.478125 0.2375 0.459375
0 0.51875 0.3625 0.0375 0.0515625
1 0.5703125 0.5265625 0.1296875 0.33125
0 0.5828125 0.3859375 0.0359375 0.0453125
1 0.725 0.4765625 0.2015625 0.4734375
0 0.7265625 0.3640625 0.040625 0.05625
1 0.7765625 0.528125 0.1046875 0.3609375
0 0.78125 0.3765625 0.04375 0.0515625
1 0.9734375 0.53125 0.05 0.375
0 0.9890625 0.3703125 0.01875 0.0484375