1 0.0859375 0.540625 0.1625 0.490625
0 0.0796875 0.334375 0.059375 0.0609375
1 0.3234375 0.6328125 0.184375 0.3046875
0 0.353125 0.5265625 0.0546875 0.065625
1 0.6625 0.63125 0.184375 0.3109375
0 0.6828125 0.5203125 0.053125 0.0625
1 0.146875 0.5578125 0.125 0.4578125
0 0.1796875 0.36875 0.053125 0.0671875
1 0.2484375 0.56875 0.1328125 0.4328125
0 0.2640625 0.3890625 0.0484375 0.05625
1 0.3296875 0.55 0.2515625 0.4546875
0 0.3296875 0.3640625 0.0453125 0.0578125
1 0.3890625 0.559375 0.146875 0.4375
0 0.4 0.3828125 0.0453125 0.0578125
1 0.425 0.5765625 0.1109375 0.40625
0 0.453125 0.4078125 0.0484375 0.05625
1 0.5703125 0.590625 0.11875 0.3796875
0 0.5453125 0.4359375 0.0421875 0.0546875
1 0.6125 0.59375 0.1078125 0.384375
0 0.59375 0.434375 0.0375 0.0484375
1 0.6609375 0.5734375 0.128125 0.4109375
0 0.628125 0.4015625 0.0421875 0.0546875
1 0.7578125 0.5640625 0.1609375 0.4453125
0 0.7578125 0.38125 0.0453125 0.0640625
1 0.740625 0.5546875 0.16875 0.4390625
0 0.7578125 0.3828125 0.0453125 0.0640625
1 0.8625 0.55625 0.1421875 0.4609375
0 0.85625 0.3640625 0.0484375 0.0640625
1 0.0515625 0.5421875 0.1 0.4671875
0 0.0421875 0.3484375 0.0453125 0.0625
1 0.0671875 0.5578125 0.121875 0.44375
0 0.0609375 0.375 0.0453125 0.05625
1 0.5015625 0.4765625 0.1875 0.4015625
0 0.5015625 0.31875 0.0453125 0.046875
1 0.428125 0.446875 0.1796875 0.471875
0 0.4 0.2828125 0.0453125 0.053125
1 0.465625 0.4703125 0.3578125 0.4125
0 0.45625 0.296875 0.0421875 0.053125
1 0.5671875 0.4828125 0.125 0.3875
0 0.5640625 0.321875 0.0390625 0.0546875
1 0.9296875 0.55625 0.0890625 0.35
0 0.93125 0.4078125 0.0375 0.0390625
1 0.965625 0.575 0.0609375 0.4125
0 0.9875 0.396875 0.0171875 0.05
1 0.9671875 0.540625 0.0578125 0.378125
0 0.9859375 0.384375 0.021875 0.0421875
1 0.0359375 0.540625 0.0671875 0.4890625
0 0.04375 0.3453125 0.0484375 0.065625