1 0.046875 0.5515625 0.090625 0.34375
0 0.0375 0.40625 0.0359375 0.0484375
1 0.0578125 0.59375 0.1109375 0.325
0 0.046875 0.459375 0.0421875 0.05
1 0.1609375 0.596875 0.14375 0.3109375
0 0.125 0.46875 0.0375 0.053125
1 0.084375 0.5390625 0.103125 0.3109375
0 0.0875 0.403125 0.0359375 0.0390625
1 0.1671875 0.5171875 0.0984375 0.315625
0 0.1609375 0.384375 0.0359375 0.0421875
1 0.184375 0.546875 0.1171875 0.3296875
0 0.2078125 0.4109375 0.0375 0.05
1 0.246875 0.5109375 0.0875 0.29375
0 0.2484375 0.3875 0.034375 0.04375
1 0.284375 0.559375 0.1109375 0.3015625
0 0.3171875 0.43125 0.0421875 0.0484375
1 0.2625 0.621875 0.146875 0.2046875
0 0.303125 0.54375 0.0359375 0.0484375
1 0.4171875 0.6828125 0.396875 0.14375
0 0.259375 0.715625 0.059375 0.053125
1 0.3578125 0.525 0.0859375 0.265625
0 0.375 0.4140625 0.0296875 0.0390625
1 0.4296875 0.5109375 0.215625 0.2828125
0 0.425 0.4015625 0.0328125 0.0375
1 0.503125 0.5359375 0.0921875 0.2875
0 0.4953125 0.4171875 0.0296875 0.04375
1 0.3765625 0.628125 0.10625 0.1859375
0 0.4015625 0.5625 0.0359375 0.05
1 0.4671875 0.6328125 0.1171875 0.215625
0 0.475 0.55625 0.0421875 0.053125
1 0.565625 0.6390625 0.1046875 0.215625
0 0.559375 0.5578125 0.0359375 0.0453125
1 0.6546875 0.6421875 0.1125 0.225
0 0.6734375 0.559375 0.0359375 0.0546875
1 0.7484375 0.64375 0.1484375 0.221875
0 0.7234375 0.5609375 0.0421875 0.05
1 0.5859375 0.5671875 0.1125 0.35
0 0.56875 0.4171875 0.0375 0.04375
1 0.5828125 0.5265625 0.0875 0.3125
0 0.590625 0.39375 0.0328125 0.04375
1 0.65 0.540625 0.0796875 0.2921875
0 0.653125 0.4171875 0.03125 0.0375
1 0.728125 0.53125 0.1 0.3265625
0 0.7359375 0.390625 0.0359375 0.04375
1 0.8171875 0.53125 0.078125 0.2921875
0 0.8109375 0.4109375 0.034375 0.0421875
1 0.8296875 0.575 0.1171875 0.3375
0 0.8375 0.4328125 0.0421875 0.05
1 0.9 0.6328125 0.1171875 0.24375
0 0.915625 0.540625 0.04375 0.053125
1 0.8828125 0.5359375 0.09375 0.35625
0 0.875 0.3796875 0.034375 0.04375
1 0.9421875 0.540625 0.1 0.3609375
0 0.9578125 0.390625 0.0375 0.05