1 0.8578125 0.5015625 0.1796875 0.4078125
0 0.88125 0.3265625 0.0453125 0.05
1 0.7875 0.4640625 0.1375 0.4
0 0.803125 0.296875 0.0390625 0.059375
1 0.6625 0.4796875 0.159375 0.3484375
0 0.7078125 0.340625 0.040625 0.0515625
1 0.5171875 0.45625 0.175 0.3953125
0 0.5109375 0.3140625 0.05 0.065625
1 0.4375 0.4734375 0.096875 0.3578125
0 0.4375 0.3265625 0.0421875 0.0578125
1 0.3125 0.4953125 0.19375 0.4921875
0 0.2890625 0.33125 0.05 0.0671875
1 0.2265625 0.4875 0.1390625 0.375
0 0.221875 0.3375 0.0390625 0.0578125
1 0.1421875 0.509375 0.25 0.3546875
0 0.14375 0.3671875 0.0390625 0.0578125