1 0.146875 0.634375 0.2328125 0.36875
0 0.140625 0.509375 0.0671875 0.0859375
1 0.503125 0.7703125 0.496875 0.2140625
0 0.31875 0.734375 0.0765625 0.0828125
1 0.85 0.646875 0.265625 0.3828125
0 0.8703125 0.503125 0.06875 0.0859375
1 0.69375 0.5796875 0.296875 0.353125
0 0.66875 0.4484375 0.05625 0.078125
1 0.503125 0.596875 0.1328125 0.375
0 0.5 0.4578125 0.0578125 0.075
1 0.2890625 0.5875 0.2828125 0.3609375
0 0.284375 0.453125 0.0625 0.078125
1 0.2296875 0.475 0.25 0.4828125
0 0.2453125 0.271875 0.05625 0.06875
1 0.365625 0.365625 0.2109375 0.4515625
0 0.35 0.178125 0.053125 0.06875
1 0.4953125 0.36875 0.1328125 0.4625
0 0.496875 0.1765625 0.05 0.065625
1 0.6203125 0.3640625 0.2265625 0.46875
0 0.615625 0.1734375 0.0546875 0.0703125
1 0.7671875 0.4765625 0.2375 0.475
0 0.7546875 0.2859375 0.0625 0.0828125