1 0.8921875 0.553125 0.2125 0.4515625
0 0.846875 0.38125 0.09375 0.0953125
1 0.734375 0.5875 0.190625 0.384375
0 0.6890625 0.44375 0.071875 0.0796875
1 0.6140625 0.528125 0.1453125 0.496875
0 0.584375 0.3140625 0.0546875 0.0640625
1 0.5984375 0.525 0.209375 0.509375
0 0.5359375 0.3171875 0.0796875 0.0828125
1 0.4640625 0.5109375 0.1625 0.471875
0 0.428125 0.325 0.0546875 0.065625
1 0.4046875 0.5453125 0.1453125 0.46875
0 0.3734375 0.353125 0.0671875 0.071875
1 0.2203125 0.546875 0.29375 0.465625
0 0.1296875 0.3671875 0.0765625 0.090625
1 0.103125 0.528125 0.19375 0.4828125
0 0.05 0.33125 0.0703125 0.0796875
1 0.1375 0.521875 0.15625 0.453125
0 0.1046875 0.334375 0.05625 0.0640625