1 0.0734375 0.4953125 0.065625 0.209375
0 0.078125 0.409375 0.025 0.03125
1 0.1734375 0.484375 0.0828125 0.19375
0 0.159375 0.403125 0.025 0.025
1 0.190625 0.4765625 0.075 0.1703125
0 0.178125 0.4046875 0.0203125 0.021875
1 0.2765625 0.490625 0.1375 0.20625
0 0.2578125 0.4078125 0.025 0.03125
1 0.3390625 0.4703125 0.2328125 0.2859375
0 0.3484375 0.3703125 0.03125 0.034375
1 0.4375 0.49375 0.1140625 0.1734375
0 0.440625 0.43125 0.0203125 0.0265625
1 0.34375 0.4828125 0.0671875 0.146875
0 0.35 0.425 0.0234375 0.025
1 0.5265625 0.496875 0.184375 0.20625
0 0.5234375 0.415625 0.0265625 0.03125
1 0.53125 0.4796875 0.065625 0.1671875
0 0.5234375 0.415625 0.025 0.03125
1 0.6265625 0.475 0.065625 0.1734375
0 0.6296875 0.4046875 0.01875 0.0265625
1 0.68125 0.4828125 0.09375 0.215625
0 0.69375 0.39375 0.0234375 0.0328125
1 0.7515625 0.48125 0.053125 0.1609375
0 0.753125 0.415625 0.01875 0.021875
1 0.8875 0.4828125 0.059375 0.1703125
0 0.8921875 0.4140625 0.025 0.0265625
1 0.9078125 0.475 0.1765625 0.253125
0 0.9515625 0.36875 0.03125 0.0328125