1 0.0859375 0.6015625 0.071875 0.096875
0 0.08125 0.565625 0.0203125 0.0234375
1 0.0875 0.5484375 0.0828125 0.190625
0 0.0984375 0.5125 0.0125 0.0171875
1 0.096875 0.5640625 0.078125 0.1515625
0 0.090625 0.5109375 0.021875 0.021875
1 0.15 0.54375 0.1203125 0.2359375
0 0.1609375 0.48125 0.025 0.0234375
1 0.2625 0.54375 0.13125 0.2671875
0 0.2765625 0.4765625 0.0265625 0.028125
1 0.3921875 0.5265625 0.175 0.328125
0 0.4140625 0.453125 0.0296875 0.034375
1 0.4078125 0.5578125 0.096875 0.23125
0 0.4046875 0.4984375 0.0265625 0.028125
1 0.553125 0.51875 0.1671875 0.353125
0 0.58125 0.4484375 0.028125 0.03125
1 0.6703125 0.584375 0.1453125 0.2890625
0 0.65625 0.471875 0.040625 0.053125
1 0.778125 0.5484375 0.1328125 0.309375
0 0.790625 0.484375 0.0375 0.0421875
1 0.84375 0.5265625 0.134375 0.35625
0 0.85625 0.4640625 0.046875 0.0421875