1 0.0953125 0.5625 0.1796875 0.321875
0 0.1 0.446875 0.0546875 0.0796875
1 0.4140625 0.5421875 0.1609375 0.425
0 0.446875 0.36875 0.0484375 0.0734375
1 0.675 0.528125 0.1328125 0.4578125
0 0.646875 0.3453125 0.05625 0.075
1 0.8828125 0.5328125 0.1578125 0.31875
0 0.875 0.4078125 0.04375 0.0609375
1 0.89375 0.5453125 0.2015625 0.45625
0 0.921875 0.3578125 0.05625 0.071875
1 0.15 0.7328125 0.228125 0.1921875
0 0.1578125 0.69375 0.084375 0.103125
1 0.1109375 0.7234375 0.21875 0.2109375
0 0.0796875 0.66875 0.0796875 0.1
1 0.5453125 0.715625 0.221875 0.2265625
0 0.51875 0.675 0.0921875 0.1109375