1 0.121875 0.5796875 0.2390625 0.2515625
0 0.209375 0.4859375 0.0421875 0.05625
1 0.15625 0.4859375 0.1265625 0.303125
0 0.1890625 0.3640625 0.040625 0.05
1 0.2609375 0.4796875 0.1546875 0.2703125
0 0.234375 0.3859375 0.0359375 0.0421875
1 0.19375 0.559375 0.1421875 0.1515625
0 0.2375 0.5203125 0.0296875 0.0375
1 0.2546875 0.4359375 0.153125 0.2515625
0 0.2203125 0.334375 0.0296875 0.0390625
1 0.3828125 0.53125 0.271875 0.1953125
0 0.4015625 0.503125 0.034375 0.0484375
1 0.359375 0.4546875 0.1265625 0.2578125
0 0.3765625 0.35 0.03125 0.0421875
1 0.359375 0.4453125 0.09375 0.2640625
0 0.359375 0.340625 0.0296875 0.034375
1 0.4203125 0.453125 0.071875 0.228125
0 0.41875 0.3609375 0.0265625 0.034375
1 0.4828125 0.440625 0.096875 0.2703125
0 0.4890625 0.328125 0.03125 0.040625
1 0.553125 0.4375 0.0828125 0.25
0 0.5671875 0.3375 0.0265625 0.0375
1 0.4890625 0.5203125 0.153125 0.221875
0 0.453125 0.4390625 0.0375 0.0515625
1 0.546875 0.49375 0.1203125 0.25625
0 0.575 0.3984375 0.03125 0.0453125
1 0.59375 0.5859375 0.2953125 0.2625
0 0.534375 0.496875 0.0421875 0.0578125
1 0.6671875 0.5578125 0.1375 0.215625
0 0.659375 0.4828125 0.0328125 0.04375
1 0.71875 0.6015625 0.159375 0.221875
0 0.7125 0.5203125 0.0453125 0.05
1 0.7296875 0.571875 0.1921875 0.2421875
0 0.7296875 0.4828125 0.0375 0.0484375
1 0.6203125 0.4546875 0.0890625 0.259375
0 0.6296875 0.3484375 0.034375 0.0421875
1 0.6390625 0.4765625 0.1421875 0.2734375
0 0.6796875 0.3765625 0.0390625 0.05
1 0.7109375 0.478125 0.1 0.2765625
0 0.7296875 0.365625 0.0296875 0.0421875
1 0.7453125 0.509375 0.096875 0.2953125
0 0.7578125 0.390625 0.0375 0.0453125
1 0.784375 0.5109375 0.1015625 0.309375
0 0.7890625 0.38125 0.0421875 0.046875
1 0.8390625 0.5015625 0.13125 0.3890625
0 0.846875 0.3421875 0.040625 0.0546875
1 0.8734375 0.521875 0.1765625 0.3921875
0 0.9265625 0.3609375 0.0453125 0.0546875