1 0.140625 0.6375 0.278125 0.71875
0 0.1640625 0.3640625 0.1015625 0.125
1 0.359375 0.6484375 0.228125 0.696875
0 0.371875 0.3875 0.0875 0.1140625
1 0.6984375 0.6375 0.2390625 0.71875
0 0.6859375 0.346875 0.084375 0.1171875
1 0.4515625 0.4296875 0.0671875 0.15
0 0.453125 0.378125 0.0171875 0.021875
1 0.609375 0.425 0.059375 0.1640625
0 0.6171875 0.359375 0.0171875 0.0171875
1 0.871875 0.4390625 0.0484375 0.1453125
0 0.8796875 0.3875 0.0125 0.0125
1 0.94375 0.45625 0.0515625 0.1296875
0 0.9453125 0.40625 0.0125 0.0125