1 0.05625 0.5390625 0.08125 0.19375
0 0.0484375 0.4703125 0.03125 0.03125
1 0.184375 0.55 0.05625 0.1609375
0 0.18125 0.49375 0.01875 0.025
1 0.2109375 0.534375 0.1390625 0.1890625
0 0.1890625 0.46875 0.0265625 0.03125
1 0.325 0.5484375 0.1453125 0.1671875
0 0.3203125 0.484375 0.0203125 0.0265625
1 0.321875 0.534375 0.109375 0.2
0 0.334375 0.4671875 0.0265625 0.034375
1 0.459375 0.559375 0.1234375 0.140625
0 0.465625 0.5 0.0234375 0.021875
1 0.4609375 0.5203125 0.1859375 0.23125
0 0.45625 0.4328125 0.0265625 0.0375
1 0.5515625 0.5421875 0.1125 0.1859375
0 0.553125 0.471875 0.025 0.03125
1 0.61875 0.5234375 0.1515625 0.2234375
0 0.609375 0.4375 0.0265625 0.034375
1 0.66875 0.5546875 0.1125 0.1671875
0 0.6609375 0.5 0.0171875 0.0234375
1 0.7421875 0.5328125 0.1484375 0.203125
0 0.75 0.4578125 0.028125 0.0328125
1 0.803125 0.546875 0.11875 0.175
0 0.7890625 0.48125 0.021875 0.0296875
1 0.89375 0.540625 0.1890625 0.1890625
0 0.878125 0.471875 0.028125 0.034375