1 0.1078125 0.7015625 0.140625 0.340625
0 0.1328125 0.559375 0.0375 0.053125
1 0.140625 0.675 0.14375 0.3515625
0 0.121875 0.528125 0.0421875 0.0546875
1 0.2078125 0.6875 0.125 0.3140625
0 0.2328125 0.5546875 0.034375 0.046875
1 0.2625 0.6375 0.0703125 0.2546875
0 0.2671875 0.5328125 0.034375 0.0390625
1 0.3046875 0.653125 0.0796875 0.26875
0 0.3109375 0.54375 0.03125 0.0390625
1 0.2171875 0.6140625 0.1046875 0.2671875
0 0.2234375 0.4984375 0.0296875 0.0328125
1 0.3078125 0.5734375 0.075 0.215625
0 0.315625 0.4890625 0.0296875 0.040625
1 0.3765625 0.5671875 0.10625 0.2421875
0 0.371875 0.475 0.028125 0.0390625
1 0.3453125 0.5375 0.065625 0.1796875
0 0.3515625 0.4671875 0.0265625 0.03125
1 0.21875 0.7578125 0.1375 0.2078125
0 0.2296875 0.68125 0.040625 0.053125
1 0.275 0.7546875 0.09375 0.16875
0 0.28125 0.69375 0.0328125 0.046875
1 0.34375 0.7453125 0.09375 0.19375
0 0.3484375 0.6734375 0.0328125 0.0453125
1 0.421875 0.7578125 0.0703125 0.19375
0 0.421875 0.684375 0.0328125 0.04375
1 0.48125 0.753125 0.09375 0.215625
0 0.4859375 0.6734375 0.0328125 0.04375
1 0.5609375 0.7421875 0.1421875 0.209375
0 0.5578125 0.6625 0.0390625 0.046875
1 0.66875 0.75 0.09375 0.1828125
0 0.6609375 0.68125 0.0359375 0.0421875
1 0.7453125 0.7578125 0.10625 0.209375
0 0.7546875 0.678125 0.0359375 0.046875
1 0.8453125 0.765625 0.1265625 0.2140625
0 0.834375 0.6890625 0.0453125 0.0625
1 0.9453125 0.7640625 0.103125 0.215625
0 0.9546875 0.6875 0.0453125 0.05625
1 0.6234375 0.5671875 0.134375 0.271875
0 0.609375 0.4546875 0.03125 0.0390625
1 0.653125 0.5359375 0.0796875 0.1953125
0 0.6375 0.4609375 0.0265625 0.0375
1 0.68125 0.534375 0.075 0.1953125
0 0.675 0.459375 0.0265625 0.0359375
1 0.6953125 0.5765625 0.071875 0.25625
0 0.7 0.4703125 0.0296875 0.0390625
1 0.665625 0.6265625 0.0859375 0.2640625
0 0.6640625 0.5203125 0.0359375 0.04375
1 0.75 0.6375 0.0890625 0.26875
0 0.7421875 0.528125 0.0328125 0.0453125
1 0.7421875 0.609375 0.084375 0.253125
0 0.73125 0.5109375 0.04375 0.05
1 0.746875 0.575 0.065625 0.2203125
0 0.7515625 0.484375 0.028125 0.034375
1 0.7921875 0.5875 0.10625 0.25625
0 0.7828125 0.48125 0.0328125 0.04375
1 0.7453125 0.465625 0.01875 0.053125
0 0.74375 0.44375 0.0078125 0.0078125
1 0.828125 0.646875 0.0921875 0.28125
0 0.825 0.5328125 0.0375 0.046875
1 0.925 0.68125 0.1359375 0.3515625
0 0.921875 0.53125 0.0421875 0.046875