1 0.05625 0.509375 0.1125 0.365625
0 0.01015625 0.37421875 0.0203125 0.0609375
1 0.0484375 0.575 0.0625 0.1359375
0 0.05 0.5203125 0.0140625 0.01875
1 0.1515625 0.5265625 0.1875 0.2796875
0 0.1578125 0.409375 0.0359375 0.0421875
1 0.2328125 0.5515625 0.1671875 0.421875
0 0.2265625 0.390625 0.065625 0.0921875
1 0.3359375 0.5265625 0.146875 0.275
0 0.3203125 0.4171875 0.034375 0.040625
1 0.4125 0.5296875 0.1359375 0.3515625
0 0.4265625 0.3859375 0.04375 0.05625
1 0.5203125 0.5640625 0.2671875 0.4625
0 0.571875 0.384375 0.090625 0.10625
1 0.621875 0.5515625 0.21875 0.340625
0 0.678125 0.428125 0.0546875 0.0765625
1 0.5859375 0.5546875 0.1828125 0.2640625
0 0.6515625 0.4515625 0.04375 0.0484375
1 0.734375 0.5328125 0.1359375 0.253125
0 0.7640625 0.434375 0.0296875 0.04375
1 0.80625 0.5375 0.1359375 0.3171875
0 0.8359375 0.4046875 0.0375 0.0453125
1 0.8890625 0.51875 0.21875 0.60625
0 0.978125 0.271875 0.040625 0.1