1 0.1578125 0.4640625 0.2015625 0.3546875
0 0.1484375 0.35 0.075 0.0984375
1 0.3 0.5109375 0.190625 0.30625
0 0.284375 0.4203125 0.0765625 0.1046875
1 0.2890625 0.5734375 0.3015625 0.3671875
0 0.35 0.453125 0.075 0.1109375
1 0.4359375 0.4984375 0.340625 0.5375
0 0.415625 0.4421875 0.090625 0.1171875
1 0.490625 0.4796875 0.19375 0.546875
0 0.48125 0.278125 0.0796875 0.1046875
1 0.6125 0.565625 0.190625 0.34375
0 0.5875 0.45 0.084375 0.1078125
1 0.78125 0.45625 0.296875 0.4125
0 0.7484375 0.3203125 0.0859375 0.1078125
1 0.809375 0.5203125 0.3296875 0.4453125
0 0.740625 0.4328125 0.0859375 0.11875