1 0.0578125 0.73125 0.1125 0.2421875
0 0.0328125 0.646875 0.0453125 0.059375
1 0.0828125 0.61875 0.1453125 0.2734375
0 0.0875 0.51875 0.0515625 0.0609375
1 0.03125 0.415625 0.0609375 0.221875
0 0.015625 0.3359375 0.0296875 0.053125
1 0.0546875 0.2890625 0.1046875 0.18125
0 0.0484375 0.23125 0.0453125 0.0609375
1 0.025 0.2359375 0.046875 0.1828125
0 0.0125 0.171875 0.0234375 0.046875
1 0.084375 0.4828125 0.1234375 0.2125
0 0.0828125 0.415625 0.0453125 0.065625
1 0.084375 0.365625 0.11875 0.2015625
0 0.0765625 0.2984375 0.0453125 0.0609375
1 0.1359375 0.2453125 0.1296875 0.203125
0 0.140625 0.1640625 0.0453125 0.0390625
1 0.15625 0.28125 0.1265625 0.240625
0 0.1546875 0.2 0.0453125 0.0578125
1 0.1828125 0.3546875 0.1109375 0.2015625
0 0.1796875 0.2859375 0.0390625 0.0578125
1 0.128125 0.4 0.096875 0.190625
0 0.1328125 0.3375 0.0421875 0.059375
1 0.2015625 0.4703125 0.1203125 0.228125
0 0.1890625 0.3890625 0.0453125 0.053125
1 0.1546875 0.521875 0.1296875 0.2296875
0 0.1515625 0.4453125 0.0484375 0.0578125
1 0.2171875 0.6015625 0.1359375 0.284375
0 0.2078125 0.50625 0.0578125 0.071875
1 0.1796875 0.7 0.1671875 0.303125
0 0.1734375 0.5921875 0.0546875 0.0578125
1 0.3296875 0.4046875 0.1296875 0.2296875
0 0.31875 0.33125 0.0453125 0.0671875
1 0.2609375 0.5421875 0.1296875 0.2234375
0 0.2546875 0.4640625 0.0515625 0.0546875
1 0.2375 0.403125 0.1140625 0.203125
0 0.234375 0.3359375 0.0359375 0.0546875
1 0.28125 0.35625 0.1140625 0.2296875
0 0.2796875 0.28125 0.0453125 0.0609375
1 0.259375 0.3125 0.1125 0.240625
0 0.2546875 0.2265625 0.0421875 0.0546875
1 0.2984375 0.25625 0.121875 0.2234375
0 0.2953125 0.1609375 0.0484375 0.0359375
1 0.340625 0.2984375 0.1171875 0.2234375
0 0.334375 0.2171875 0.0421875 0.0578125
1 0.375 0.3421875 0.10625 0.25
0 0.375 0.2546875 0.0421875 0.059375
1 0.4375 0.2890625 0.1046875 0.2375
0 0.428125 0.2078125 0.0453125 0.059375
1 0.421875 0.2640625 0.1140625 0.2390625
0 0.4203125 0.16875 0.0453125 0.0453125
1 0.475 0.3375 0.125 0.2234375
0 0.4609375 0.2578125 0.0453125 0.053125
1 0.2890625 0.703125 0.1328125 0.2984375
0 0.2765625 0.5859375 0.0421875 0.0484375
1 0.4890625 0.634375 0.1421875 0.434375
0 0.4828125 0.4515625 0.0546875 0.0515625
1 0.3734375 0.565625 0.3625 0.571875
0 0.3546875 0.3359375 0.0875 0.08125
1 0.521875 0.5234375 0.3640625 0.6546875
0 0.5703125 0.30625 0.0453125 0.0625
1 0.5640625 0.2546875 0.1359375 0.221875
0 0.565625 0.1640625 0.0515625 0.040625
1 0.5578125 0.2953125 0.1265625 0.240625
0 0.5515625 0.2125 0.0515625 0.059375
1 0.5703125 0.4765625 0.1703125 0.4109375
0 0.56875 0.309375 0.0515625 0.065625
1 0.6078125 0.6265625 0.1609375 0.45
0 0.5984375 0.446875 0.0546875 0.065625
1 0.628125 0.490625 0.1078125 0.2921875
0 0.6390625 0.3765625 0.0453125 0.053125
1 0.6359375 0.4359375 0.121875 0.2671875
0 0.6359375 0.3328125 0.0484375 0.0578125
1 0.6921875 0.30625 0.1171875 0.2359375
0 0.6875 0.2234375 0.0515625 0.059375
1 0.740625 0.2484375 0.1234375 0.209375
0 0.7359375 0.1671875 0.0453125 0.0453125
1 0.796875 0.2859375 0.1 0.2078125
0 0.7953125 0.209375 0.0421875 0.0484375
1 0.7609375 0.3453125 0.1359375 0.2296875
0 0.7578125 0.2671875 0.0515625 0.0578125
1 0.7515625 0.4140625 0.115625 0.2234375
0 0.75 0.3359375 0.0421875 0.053125
1 0.7234375 0.4890625 0.1390625 0.309375
0 0.7140625 0.3671875 0.0453125 0.059375
1 0.7453125 0.5171875 0.1328125 0.26875
0 0.7265625 0.4203125 0.0453125 0.0609375
1 0.7484375 0.6046875 0.1484375 0.465625
0 0.7515625 0.4171875 0.0484375 0.06875
1 0.7421875 0.740625 0.2015625 0.221875
0 0.7578125 0.675 0.0484375 0.0671875
1 0.8328125 0.553125 0.3265625 0.596875
0 0.9 0.35625 0.084375 0.0625
1 0.8703125 0.2390625 0.11875 0.190625
0 0.88125 0.159375 0.0453125 0.0296875
1 0.95625 0.23125 0.0796875 0.175
0 0.9765625 0.15625 0.0421875 0.025
1 0.9171875 0.2859375 0.1109375 0.2078125
0 0.9171875 0.215625 0.0421875 0.053125
1 0.8609375 0.35 0.1296875 0.2296875
0 0.85625 0.271875 0.0421875 0.0578125
1 0.965625 0.3296875 0.0625 0.221875
0 0.9796875 0.2609375 0.034375 0.0671875
1 0.8765625 0.3734375 0.1328125 0.2015625
0 0.884375 0.3171875 0.0453125 0.0609375
1 0.884375 0.48125 0.1421875 0.396875
0 0.8984375 0.3578125 0.0875 0.06875
1 0.9421875 0.4765625 0.109375 0.25625
0 0.9671875 0.3890625 0.0484375 0.0609375
1 0.9453125 0.61875 0.1015625 0.315625
0 0.9796875 0.4953125 0.034375 0.0609375
1 0.8640625 0.65625 0.1546875 0.3640625
0 0.865625 0.51875 0.0421875 0.0609375
1 0.9015625 0.6921875 0.1734375 0.31875
0 0.89375 0.578125 0.0453125 0.0609375