1 0.9546875 0.428125 0.0859375 0.2546875
0 0.9890625 0.3265625 0.01875 0.0359375
1 0.9 0.3828125 0.0765625 0.221875
0 0.9171875 0.2890625 0.0234375 0.028125
1 0.8765625 0.4109375 0.1109375 0.215625
0 0.9109375 0.321875 0.0265625 0.03125
1 0.5890625 0.375 0.084375 0.190625
0 0.60625 0.2953125 0.0203125 0.025
1 0.5875 0.3875 0.0890625 0.196875
0 0.603125 0.3078125 0.025 0.0296875
1 0.6359375 0.3921875 0.1171875 0.2171875
0 0.6640625 0.303125 0.034375 0.0328125
1 0.6734375 0.4078125 0.10625 0.2296875
0 0.7 0.3140625 0.028125 0.0359375
1 0.38125 0.409375 0.1015625 0.2640625
0 0.3984375 0.3109375 0.03125 0.03125
1 0.46875 0.3875 0.0859375 0.2015625
0 0.4875 0.30625 0.0296875 0.0328125
1 0.5 0.5078125 0.153125 0.4421875
0 0.525 0.3296875 0.0421875 0.053125
1 0.4015625 0.5890625 0.184375 0.440625
0 0.4109375 0.40625 0.046875 0.0671875
1 0.390625 0.5984375 0.234375 0.4640625
0 0.45625 0.4140625 0.0625 0.084375
1 0.7734375 0.5671875 0.259375 0.4796875
0 0.8078125 0.375 0.0671875 0.08125
1 0.6953125 0.5984375 0.26875 0.4625
0 0.75625 0.41875 0.08125 0.0875
1 0.6609375 0.6640625 0.446875 0.33125
0 0.771875 0.5109375 0.1421875 0.15625
1 0.2640625 0.6640625 0.428125 0.33125
0 0.3484375 0.665625 0.159375 0.165625
1 0.2890625 0.3921875 0.0671875 0.1828125
0 0.3 0.3171875 0.0203125 0.028125
1 0.3125 0.409375 0.0796875 0.21875
0 0.3234375 0.3203125 0.021875 0.03125
1 0.2265625 0.396875 0.0796875 0.209375
0 0.24375 0.315625 0.028125 0.0296875
1 0.2296875 0.41875 0.1015625 0.221875
0 0.2546875 0.3296875 0.0265625 0.03125
1 0.2578125 0.4296875 0.08125 0.215625
0 0.278125 0.34375 0.0265625 0.0328125
1 0.05 0.415625 0.09375 0.2453125
0 0.065625 0.31875 0.03125 0.040625
1 0.0265625 0.4265625 0.0515625 0.2546875
0 0.01875 0.3296875 0.028125 0.0390625
1 0.1234375 0.6265625 0.2453125 0.40625
0 0.1390625 0.390625 0.09375 0.109375