1 0.2125 0.490625 0.20625 0.525
0 0.1578125 0.2734375 0.065625 0.0828125
1 0.3453125 0.4765625 0.153125 0.515625
0 0.365625 0.259375 0.0609375 0.078125
1 0.459375 0.490625 0.159375 0.5046875
0 0.4703125 0.278125 0.0625 0.0765625
1 0.628125 0.4921875 0.184375 0.4953125
0 0.578125 0.2796875 0.0609375 0.0609375
1 0.7203125 0.51875 0.196875 0.509375
0 0.753125 0.309375 0.0625 0.08125
1 0.3296875 0.6171875 0.18125 0.36875
0 0.284375 0.48125 0.06875 0.0921875
1 0.4 0.6515625 0.271875 0.3265625
0 0.3921875 0.5328125 0.0640625 0.084375
1 0.565625 0.6015625 0.2640625 0.4125
0 0.5359375 0.4359375 0.0640625 0.0734375