1 0.45625 0.5984375 0.521875 0.303125
0 0.2640625 0.4984375 0.0765625 0.0859375
1 0.64375 0.60625 0.375 0.446875
0 0.6171875 0.4890625 0.059375 0.06875
1 0.6203125 0.56875 0.3484375 0.3546875
0 0.6171875 0.4875 0.0578125 0.071875
1 0.7421875 0.54375 0.2515625 0.465625
0 0.678125 0.35625 0.0671875 0.0796875
1 0.5859375 0.5109375 0.40625 0.4609375
0 0.5640625 0.3234375 0.0515625 0.06875
1 0.4953125 0.4296875 0.334375 0.4578125
0 0.49375 0.259375 0.040625 0.0390625
1 0.49375 0.5046875 0.1890625 0.4
0 0.49375 0.3359375 0.0453125 0.046875
1 0.3515625 0.5046875 0.196875 0.3984375
0 0.3671875 0.3484375 0.0390625 0.0609375
1 0.325 0.4921875 0.3125 0.4765625
0 0.2359375 0.290625 0.0640625 0.0765625
1 0.259375 0.45 0.3265625 0.43125
0 0.3 0.275 0.0515625 0.0609375