1 0.4765625 0.2734375 0.0515625 0.103125
0 0.4671875 0.23125 0.0140625 0.015625
1 0.725 0.371875 0.1640625 0.2375
0 0.7203125 0.2765625 0.0421875 0.0484375
1 0.7671875 0.4296875 0.253125 0.3640625
0 0.7203125 0.2765625 0.0421875 0.05
1 0.784375 0.4359375 0.2375 0.3984375
0 0.803125 0.26875 0.04375 0.059375
1 0.8140625 0.45625 0.2484375 0.440625
0 0.8125 0.271875 0.0546875 0.0609375
1 0.8671875 0.33125 0.090625 0.2078125
0 0.865625 0.246875 0.0359375 0.034375
1 0.85 0.50625 0.29375 0.4265625
0 0.8953125 0.328125 0.0546875 0.065625
1 0.9546875 0.4 0.084375 0.309375
0 0.9546875 0.271875 0.040625 0.0421875
1 0.525 0.6375 0.9125 0.278125
0 0.521875 0.3890625 0.1375 0.171875