1 0.675 0.5546875 0.2765625 0.4875
0 0.6765625 0.3703125 0.0609375 0.08125
1 0.7453125 0.4328125 0.1875 0.48125
0 0.7546875 0.2421875 0.05 0.0703125
1 0.6046875 0.3796875 0.1546875 0.4375
0 0.6 0.209375 0.04375 0.05625
1 0.4984375 0.403125 0.20625 0.4109375
0 0.503125 0.253125 0.05 0.065625
1 0.5 0.5390625 0.2296875 0.3734375
0 0.4984375 0.4078125 0.0609375 0.075
1 0.3296875 0.5734375 0.2828125 0.4578125
0 0.3125 0.4015625 0.06875 0.0796875
1 0.2234375 0.4375 0.2046875 0.4828125
0 0.2203125 0.2421875 0.053125 0.065625
1 0.3765625 0.396875 0.1640625 0.44375
0 0.378125 0.2234375 0.04375 0.065625