1 0.125 0.5546875 0.2125 0.31875
0 0.109375 0.4234375 0.0359375 0.0453125
1 0.253125 0.5546875 0.215625 0.3265625
0 0.25 0.4234375 0.0375 0.0546875
1 0.384375 0.5671875 0.190625 0.3109375
0 0.3765625 0.4390625 0.0390625 0.0515625
1 0.4 0.55625 0.13125 0.3234375
0 0.3984375 0.41875 0.0375 0.0484375
1 0.490625 0.5625 0.1609375 0.3234375
0 0.471875 0.425 0.0375 0.0390625
1 0.53125 0.54375 0.165625 0.3484375
0 0.5234375 0.3921875 0.0328125 0.0375
1 0.5828125 0.584375 0.165625 0.3015625
0 0.5828125 0.465625 0.0359375 0.0515625
1 0.61875 0.571875 0.16875 0.3140625
0 0.6140625 0.44375 0.0359375 0.0546875
1 0.6671875 0.5625 0.140625 0.3171875
0 0.6578125 0.43125 0.0359375 0.04375
1 0.6984375 0.56875 0.16875 0.30625
0 0.6828125 0.440625 0.03125 0.04375
1 0.75625 0.5734375 0.1421875 0.2875
0 0.7421875 0.45625 0.0359375 0.0453125