1 0.5359375 0.475 0.0234375 0.0453125
0 0.5390625 0.459375 0.0046875 0.00625
1 0.6015625 0.475 0.021875 0.046875
0 0.5984375 0.4578125 0.0078125 0.00625
1 0.6328125 0.4765625 0.021875 0.0515625
0 0.63125 0.4578125 0.0078125 0.009375
1 0.659375 0.478125 0.0203125 0.0453125
0 0.6578125 0.4640625 0.00625 0.0078125
1 0.7046875 0.4765625 0.0203125 0.0484375
0 0.7078125 0.4578125 0.0078125 0.0078125
1 0.53125 0.53125 0.025 0.040625
0 0.5328125 0.5171875 0.0078125 0.0078125
1 0.571875 0.5328125 0.034375 0.05
0 0.5734375 0.5171875 0.0109375 0.0125
1 0.8609375 0.55 0.0421875 0.134375
0 0.8671875 0.496875 0.01875 0.0203125
1 0.946875 0.534375 0.046875 0.103125
0 0.9484375 0.490625 0.0109375 0.0125
1 0.8375 0.5828125 0.0828125 0.09375
0 0.846875 0.55 0.01875 0.0203125
1 0.9640625 0.58125 0.0625 0.071875
0 0.99375 0.553125 0.0046875 0.0171875
1 0.965625 0.559375 0.0609375 0.08125
0 0.9921875 0.528125 0.00625 0.0203125
1 0.4453125 0.6515625 0.1453125 0.1421875
0 0.453125 0.6 0.0296875 0.034375
1 0.4421875 0.7140625 0.2390625 0.15
0 0.3609375 0.6671875 0.046875 0.046875
1 0.340625 0.646875 0.1140625 0.1421875
0 0.3203125 0.59375 0.0328125 0.03125
1 0.2890625 0.7109375 0.1625 0.1578125
0 0.2546875 0.665625 0.046875 0.0515625
1 0.1859375 0.6171875 0.1375 0.1125
0 0.1453125 0.578125 0.0296875 0.0234375
1 0.1015625 0.61875 0.0984375 0.1078125
0 0.0796875 0.5796875 0.0234375 0.0234375
1 0.075 0.5375 0.0984375 0.0671875
0 0.040625 0.509375 0.0125 0.0109375
1 0.1875 0.5359375 0.04375 0.04375
0 0.1734375 0.5203125 0.0125 0.0109375
1 0.2109375 0.5390625 0.046875 0.0546875
0 0.1953125 0.5203125 0.0125 0.0109375
1 0.9203125 0.7125 0.1515625 0.153125
0 0.9890625 0.6703125 0.0125 0.03125
1 0.0203125 0.5078125 0.0390625 0.0515625
0 0.009375 0.490625 0.009375 0.0109375