1 0.196875 0.5625 0.23125 0.4765625
0 0.2109375 0.375 0.065625 0.0921875
1 0.3109375 0.6234375 0.271875 0.4453125
0 0.321875 0.4546875 0.0703125 0.0859375
1 0.3046875 0.4703125 0.1921875 0.55
0 0.340625 0.240625 0.0671875 0.075
1 0.4125 0.4625 0.20625 0.6203125
0 0.4296875 0.2046875 0.0640625 0.084375
1 0.5265625 0.490625 0.2546875 0.646875
0 0.534375 0.2234375 0.065625 0.078125
1 0.640625 0.4515625 0.2140625 0.534375
0 0.6296875 0.246875 0.053125 0.0734375
1 0.8296875 0.5796875 0.290625 0.565625
0 0.81875 0.3453125 0.0734375 0.084375