1 0.2234375 0.5453125 0.2203125 0.4625
0 0.25 0.3234375 0.0828125 0.1015625
1 0.3875 0.56875 0.20625 0.4171875
0 0.4078125 0.346875 0.065625 0.075
1 0.540625 0.5625 0.196875 0.4296875
0 0.5140625 0.3953125 0.0671875 0.078125
1 0.5640625 0.5765625 0.1890625 0.4015625
0 0.596875 0.396875 0.075 0.09375
1 0.690625 0.571875 0.19375 0.4125
0 0.6890625 0.3875 0.071875 0.109375
1 0.871875 0.5921875 0.2421875 0.371875
0 0.8109375 0.4296875 0.071875 0.096875
1 0.79375 0.5859375 0.2 0.3828125
0 0.815625 0.4359375 0.075 0.0875