1 0.740625 0.640625 0.440625 0.3296875
0 0.7203125 0.534375 0.084375 0.1078125
1 0.534375 0.6203125 0.3359375 0.371875
0 0.565625 0.478125 0.0640625 0.078125
1 0.8890625 0.49375 0.1515625 0.6078125
0 0.909375 0.3296875 0.0765625 0.06875
1 0.7453125 0.5515625 0.1296875 0.4640625
0 0.7390625 0.365625 0.0625 0.078125
1 0.6859375 0.5140625 0.21875 0.415625
0 0.621875 0.378125 0.053125 0.059375
1 0.55 0.5578125 0.246875 0.3796875
0 0.553125 0.4234375 0.05625 0.0609375
1 0.5125 0.54375 0.125 0.4078125
0 0.5140625 0.3734375 0.0453125 0.059375
1 0.371875 0.5453125 0.1796875 0.378125
0 0.4046875 0.3890625 0.0453125 0.05625
1 0.3390625 0.50625 0.0859375 0.2328125
0 0.3328125 0.4140625 0.0265625 0.0359375
1 0.4234375 0.5140625 0.0703125 0.215625
0 0.434375 0.4171875 0.0234375 0.0234375
1 0.3875 0.4859375 0.0765625 0.234375
0 0.396875 0.3875 0.0328125 0.0375
1 0.2671875 0.50625 0.084375 0.234375
0 0.2578125 0.4140625 0.025 0.0296875
1 0.1921875 0.596875 0.3828125 0.3640625
0 0.2359375 0.4578125 0.0640625 0.0765625
1 0.08125 0.5578125 0.1625 0.3953125
0 0.1140625 0.4 0.05625 0.071875
1 0.140625 0.5484375 0.065625 0.146875
0 0.14375 0.5109375 0.01875 0.0203125
1 0.2046875 0.5515625 0.1421875 0.30625
0 0.1953125 0.434375 0.0453125 0.0546875
1 0.190625 0.509375 0.071875 0.15625
0 0.1953125 0.4359375 0.0453125 0.0515625
1 0.1734375 0.4921875 0.0671875 0.1890625
0 0.175 0.41875 0.0265625 0.034375
1 0.053125 0.565625 0.0734375 0.1046875
0 0.0578125 0.5296875 0.01875 0.0203125
1 0.0484375 0.5015625 0.0546875 0.1734375
0 0.053125 0.4328125 0.0234375 0.028125
1 0.0171875 0.503125 0.0328125 0.190625
0 0.0046875 0.4265625 0.009375 0.0203125