1 0.8796875 0.5109375 0.2296875 0.6953125
0 0.8671875 0.2265625 0.08125 0.1015625
1 0.6890625 0.571875 0.2953125 0.5734375
0 0.7609375 0.35 0.075 0.103125
1 0.6390625 0.565625 0.1671875 0.584375
0 0.6265625 0.325 0.06875 0.0859375
1 0.4734375 0.5671875 0.2203125 0.5828125
0 0.4703125 0.3328125 0.0796875 0.10625
1 0.409375 0.5 0.2078125 0.715625
0 0.3890625 0.228125 0.078125 0.0859375
1 0.2453125 0.55625 0.2171875 0.6046875
0 0.259375 0.3140625 0.0796875 0.1078125
1 0.10625 0.525 0.2046875 0.66875
0 0.10625 0.2515625 0.0796875 0.075