1 0.234375 0.6203125 0.2671875 0.421875
0 0.1875 0.390625 0.128125 0.1265625
1 0.3296875 0.5640625 0.3046875 0.534375
0 0.3265625 0.3546875 0.05625 0.0796875
1 0.3875 0.578125 0.16875 0.4453125
0 0.4015625 0.3984375 0.0484375 0.0671875
1 0.5078125 0.6171875 0.1578125 0.2984375
0 0.4796875 0.5015625 0.034375 0.0390625
1 0.6203125 0.6109375 0.2984375 0.440625
0 0.6375 0.440625 0.08125 0.0921875
1 0.675 0.5375 0.1203125 0.3765625
0 0.66875 0.378125 0.0453125 0.0515625
1 0.7890625 0.5328125 0.1328125 0.3578125
0 0.7796875 0.3875 0.0359375 0.0453125
1 0.9171875 0.546875 0.10625 0.3265625
0 0.9140625 0.41875 0.04375 0.04375