1 0.11875 0.5109375 0.1625 0.6046875
0 0.1296875 0.2578125 0.059375 0.0765625
1 0.2875 0.6296875 0.2734375 0.415625
0 0.35 0.4765625 0.075 0.0921875
1 0.203125 0.496875 0.1671875 0.5453125
0 0.2078125 0.2703125 0.059375 0.075
1 0.3125 0.4984375 0.1515625 0.4828125
0 0.3125 0.2953125 0.059375 0.0625
1 0.471875 0.5984375 0.2125 0.3609375
0 0.4734375 0.4609375 0.059375 0.0703125
1 0.41875 0.496875 0.1546875 0.4921875
0 0.4078125 0.2953125 0.0515625 0.0703125
1 0.4890625 0.49375 0.1578125 0.4734375
0 0.5 0.296875 0.0515625 0.0625
1 0.6296875 0.5625 0.290625 0.425
0 0.6234375 0.39375 0.0640625 0.0796875
1 0.6140625 0.490625 0.13125 0.471875
0 0.609375 0.290625 0.0453125 0.0546875
1 0.7203125 0.5078125 0.140625 0.4125
0 0.7203125 0.3546875 0.0390625 0.04375
1 0.8171875 0.521875 0.2421875 0.5640625
0 0.8515625 0.2890625 0.0640625 0.084375