1 0.1140625 0.5953125 0.2265625 0.434375
0 0.0859375 0.421875 0.0796875 0.0953125
1 0.1546875 0.6 0.303125 0.425
0 0.2046875 0.4328125 0.065625 0.08125
1 0.31875 0.5828125 0.1921875 0.4578125
0 0.296875 0.4078125 0.0625 0.0921875
1 0.4234375 0.59375 0.1921875 0.4390625
0 0.384375 0.4140625 0.0546875 0.075
1 0.45 0.6078125 0.153125 0.4109375
0 0.45 0.4453125 0.05625 0.06875
1 0.421875 0.5578125 0.2125 0.4546875
0 0.4546875 0.365625 0.0515625 0.0546875
1 0.5609375 0.6078125 0.134375 0.4109375
0 0.5421875 0.4453125 0.046875 0.0671875
1 0.7015625 0.5984375 0.1921875 0.428125
0 0.703125 0.425 0.065625 0.08125
1 0.553125 0.5671875 0.1390625 0.4375
0 0.540625 0.38125 0.0515625 0.05625
1 0.6578125 0.571875 0.2234375 0.48125
0 0.603125 0.371875 0.0546875 0.0734375
1 0.828125 0.609375 0.1375 0.24375
0 0.8453125 0.5109375 0.03125 0.0421875
1 0.8828125 0.6484375 0.2296875 0.328125
0 0.940625 0.528125 0.0703125 0.0796875