1 0.8671875 0.6328125 0.2609375 0.4375
0 0.8796875 0.35625 0.1171875 0.165625
1 0.7921875 0.6171875 0.38125 0.46875
0 0.7203125 0.35 0.1046875 0.1453125
1 0.65625 0.6515625 0.3 0.4
0 0.615625 0.4234375 0.109375 0.153125
1 0.4125 0.6578125 0.296875 0.3875
0 0.3875 0.4578125 0.121875 0.18125
1 0.5203125 0.6 0.28125 0.5015625
0 0.4859375 0.3625 0.1015625 0.134375
1 0.3375 0.5578125 0.2671875 0.5875
0 0.38125 0.29375 0.0875 0.1125
1 0.1546875 0.6078125 0.30625 0.4890625
0 0.1109375 0.2515625 0.140625 0.165625