1 0.1890625 0.7234375 0.1015625 0.2109375
0 0.19375 0.6390625 0.034375 0.0390625
1 0.290625 0.728125 0.0796875 0.203125
0 0.29375 0.65 0.03125 0.0328125
1 0.33125 0.70625 0.10625 0.215625
0 0.35 0.61875 0.0265625 0.0234375
1 0.3828125 0.69375 0.06875 0.18125
0 0.3765625 0.6203125 0.021875 0.025
1 0.434375 0.703125 0.075 0.1734375
0 0.440625 0.63125 0.0234375 0.0234375
1 0.5109375 0.68125 0.0625 0.1734375
0 0.51875 0.609375 0.01875 0.0234375
1 0.5625 0.6875 0.078125 0.1859375
0 0.5578125 0.6125 0.0203125 0.0265625
1 0.584375 0.721875 0.090625 0.2140625
0 0.590625 0.634375 0.025 0.03125
1 0.665625 0.7296875 0.090625 0.2
0 0.675 0.65 0.0265625 0.034375
1 0.93125 0.715625 0.078125 0.2015625
0 0.93125 0.63125 0.025 0.0234375
1 0.8484375 0.7234375 0.0890625 0.2109375
0 0.853125 0.6390625 0.0265625 0.0296875
1 0.7640625 0.7234375 0.0875 0.209375
0 0.765625 0.6390625 0.025 0.0296875
1 0.871875 0.7078125 0.065625 0.175
0 0.871875 0.6375 0.021875 0.0265625
1 0.7921875 0.7015625 0.0828125 0.1953125
0 0.7875 0.6234375 0.021875 0.021875
1 0.69375 0.7109375 0.0765625 0.19375
0 0.7015625 0.63125 0.025 0.0234375
1 0.60625 0.6609375 0.05625 0.159375
0 0.6078125 0.596875 0.0171875 0.0203125
1 0.59375 0.65 0.05625 0.146875
0 0.6046875 0.5875 0.0109375 0.0109375
1 0.634375 0.646875 0.046875 0.134375
0 0.634375 0.59375 0.0140625 0.01875
1 0.6578125 0.665625 0.071875 0.171875
0 0.6546875 0.5953125 0.01875 0.021875
1 0.6828125 0.634375 0.0375 0.1015625
0 0.68125 0.5953125 0.0125 0.0140625
1 0.9265625 0.665625 0.05625 0.1375
0 0.928125 0.6125 0.0140625 0.0171875
1 0.8953125 0.6515625 0.059375 0.1453125
0 0.8953125 0.590625 0.0140625 0.0171875
1 0.8171875 0.653125 0.046875 0.125
0 0.81875 0.6 0.0171875 0.015625
1 0.7703125 0.65 0.0453125 0.0984375
0 0.775 0.6125 0.0140625 0.0171875
1 0.7609375 0.6453125 0.0515625 0.11875
0 0.76875 0.596875 0.015625 0.0140625
1 0.734375 0.634375 0.0484375 0.128125
0 0.7375 0.584375 0.0140625 0.0171875
1 0.696875 0.6015625 0.0328125 0.0890625
0 0.696875 0.565625 0.0109375 0.0109375
1 0.7453125 0.615625 0.0390625 0.0984375
0 0.7484375 0.5765625 0.0109375 0.0140625
1 0.8078125 0.6359375 0.0359375 0.096875
0 0.809375 0.5984375 0.0125 0.0140625
1 0.8359375 0.628125 0.034375 0.1
0 0.8359375 0.5890625 0.0140625 0.0140625
1 0.8734375 0.6328125 0.046875 0.1125
0 0.8765625 0.590625 0.0140625 0.0140625
1 0.9515625 0.640625 0.04375 0.1265625
0 0.953125 0.5875 0.0140625 0.015625
1 0.9203125 0.6203125 0.0375 0.096875
0 0.91875 0.5828125 0.0140625 0.0140625
1 0.9703125 0.625 0.0375 0.1171875
0 0.9671875 0.5765625 0.0125 0.015625
1 0.9421875 0.609375 0.03125 0.0765625
0 0.94375 0.5796875 0.009375 0.0125
1 0.921875 0.6140625 0.034375 0.0859375
0 0.9265625 0.58125 0.0109375 0.0125
1 0.9671875 0.603125 0.034375 0.0890625
0 0.9671875 0.56875 0.0109375 0.0125
1 0.9109375 0.6046875 0.0296875 0.0765625
0 0.9140625 0.575 0.009375 0.0109375
1 0.9328125 0.603125 0.0296875 0.084375
0 0.9328125 0.56875 0.0109375 0.0125
1 0.9109375 0.6015625 0.028125 0.078125
0 0.915625 0.56875 0.00625 0.009375
1 0.871875 0.6109375 0.0328125 0.0875
0 0.8734375 0.5765625 0.009375 0.0125
1 0.8859375 0.6 0.025 0.071875
0 0.8859375 0.571875 0.0109375 0.0125
1 0.884375 0.59375 0.025 0.06875
0 0.8859375 0.5671875 0.009375 0.009375
1 0.8484375 0.6109375 0.0328125 0.09375
0 0.85 0.571875 0.009375 0.0125
1 0.8546875 0.603125 0.0296875 0.08125
0 0.8578125 0.571875 0.0078125 0.0109375
1 0.859375 0.5921875 0.028125 0.0703125
0 0.859375 0.5640625 0.009375 0.009375
1 0.796875 0.615625 0.03125 0.084375
0 0.796875 0.584375 0.0125 0.0140625
1 0.80625 0.6171875 0.034375 0.0875
0 0.80625 0.5828125 0.0109375 0.0125
1 0.81875 0.60625 0.0296875 0.084375
0 0.81875 0.5734375 0.009375 0.0125
1 0.83125 0.596875 0.0203125 0.059375
0 0.8328125 0.5734375 0.0078125 0.009375
1 0.8390625 0.5890625 0.028125 0.065625
0 0.8390625 0.565625 0.0078125 0.0109375
1 0.771875 0.60625 0.03125 0.0890625
0 0.771875 0.571875 0.009375 0.0140625
1 0.7890625 0.5953125 0.03125 0.0765625
0 0.790625 0.56875 0.009375 0.0109375
1 0.80625 0.5890625 0.0234375 0.071875
0 0.809375 0.559375 0.009375 0.0109375
1 0.828125 0.575 0.015625 0.04375
0 0.8296875 0.559375 0.009375 0.009375
1 0.81875 0.5734375 0.015625 0.046875
0 0.821875 0.5578125 0.0078125 0.009375
1 0.80625 0.5796875 0.0234375 0.0625
0 0.80625 0.5546875 0.0078125 0.009375
1 0.7875 0.584375 0.0234375 0.05625
0 0.7890625 0.5625 0.009375 0.0109375
1 0.778125 0.5703125 0.0234375 0.05625
0 0.778125 0.55 0.0078125 0.009375
1 0.7625 0.575 0.01875 0.0578125
0 0.7640625 0.553125 0.00625 0.0078125
1 0.7359375 0.5796875 0.0265625 0.06875
0 0.7375 0.5515625 0.00625 0.0109375
1 0.7171875 0.5796875 0.0234375 0.0625
0 0.71875 0.5546875 0.00625 0.009375
1 0.70625 0.5765625 0.015625 0.065625
0 0.70625 0.55 0.00625 0.0078125
1 0.7 0.578125 0.0265625 0.071875
0 0.7 0.5484375 0.009375 0.0078125
1 0.66875 0.571875 0.0171875 0.0515625
0 0.6671875 0.553125 0.00625 0.0078125
1 0.65625 0.5734375 0.025 0.059375
0 0.659375 0.55 0.00625 0.00625
1 0.646875 0.571875 0.0171875 0.05625
0 0.65 0.55 0.00625 0.0078125
1 0.659375 0.56875 0.0171875 0.05625
0 0.6625 0.5453125 0.00625 0.00625
1 0.6265625 0.5734375 0.0234375 0.05625
0 0.6265625 0.5515625 0.00625 0.00625
1 0.6234375 0.5703125 0.01875 0.05625
0 0.6265625 0.546875 0.00625 0.0046875
1 0.6328125 0.5671875 0.0203125 0.0578125
0 0.634375 0.546875 0.00625 0.0078125
1 0.596875 0.56875 0.0296875 0.05625
0 0.6 0.546875 0.00625 0.0078125
1 0.5734375 0.565625 0.0234375 0.0546875
0 0.5796875 0.54375 0.00625 0.009375
1 0.56875 0.5625 0.01875 0.059375
0 0.5671875 0.540625 0.00625 0.00625
1 0.5609375 0.5625 0.0171875 0.0578125
0 0.559375 0.5390625 0.00625 0.0078125
1 0.5171875 0.5625 0.025 0.0578125
0 0.51875 0.540625 0.0078125 0.0078125
1 0.5265625 0.5625 0.0234375 0.05625
0 0.5265625 0.5421875 0.00625 0.00625
1 0.503125 0.5625 0.021875 0.05625
0 0.5046875 0.540625 0.00625 0.0078125
1 0.49375 0.5609375 0.0265625 0.05625
0 0.4953125 0.5390625 0.00625 0.009375
1 0.48125 0.5625 0.015625 0.0546875
0 0.484375 0.5390625 0.00625 0.00625
1 0.4984375 0.5609375 0.0171875 0.05625
0 0.5 0.5375 0.00625 0.0078125
1 0.453125 0.5609375 0.01875 0.059375
0 0.4546875 0.5375 0.00625 0.0078125
1 0.44375 0.5609375 0.015625 0.0546875
0 0.4453125 0.5390625 0.00625 0.0078125
1 0.4296875 0.5578125 0.0234375 0.059375
0 0.43125 0.534375 0.00625 0.009375
1 0.4234375 0.5546875 0.01875 0.0609375
0 0.4265625 0.5296875 0.00625 0.0078125
1 0.40625 0.55625 0.0234375 0.059375
0 0.40625 0.53125 0.00625 0.0078125
1 0.4125 0.5546875 0.015625 0.0546875
0 0.4171875 0.534375 0.00625 0.0078125
1 0.3953125 0.5546875 0.021875 0.059375
0 0.4015625 0.5328125 0.00625 0.00625
1 0.38125 0.55625 0.01875 0.053125
0 0.384375 0.5359375 0.00625 0.0078125
1 0.3859375 0.553125 0.015625 0.0546875
0 0.3890625 0.53125 0.00625 0.0078125
1 0.375 0.5515625 0.0140625 0.0484375
0 0.3765625 0.5328125 0.00625 0.0078125
1 0.3671875 0.55625 0.0140625 0.05
0 0.36875 0.5359375 0.00625 0.00625
1 0.3625 0.5515625 0.015625 0.0484375
0 0.365625 0.5328125 0.00625 0.00625
1 0.35625 0.553125 0.015625 0.0515625
0 0.359375 0.5328125 0.00625 0.0078125
1 0.346875 0.5515625 0.015625 0.0546875
0 0.3515625 0.5296875 0.00625 0.0078125
1 0.321875 0.5484375 0.01875 0.053125
0 0.3265625 0.5265625 0.00625 0.00625
1 0.309375 0.5484375 0.0140625 0.0484375
0 0.309375 0.5296875 0.00625 0.00625
1 0.2984375 0.5484375 0.0140625 0.0484375
0 0.3 0.5296875 0.00625 0.00625
1 0.29375 0.546875 0.0140625 0.046875
0 0.29375 0.528125 0.00625 0.00625
1 0.2859375 0.546875 0.0140625 0.0453125
0 0.284375 0.53125 0.00625 0.00625
1 0.278125 0.55 0.0140625 0.046875
0 0.2796875 0.53125 0.00625 0.00625
1 0.2640625 0.5484375 0.0140625 0.0453125
0 0.2640625 0.5296875 0.00625 0.00625
1 0.253125 0.55 0.0125 0.0453125
0 0.253125 0.53125 0.0046875 0.0046875
1 0.2390625 0.5453125 0.015625 0.046875
0 0.2375 0.5265625 0.00625 0.00625
1 0.23125 0.546875 0.0140625 0.046875
0 0.23125 0.5265625 0.0046875 0.00625
1 0.228125 0.54375 0.0171875 0.053125
0 0.23125 0.521875 0.0046875 0.00625
1 0.2046875 0.540625 0.01875 0.0484375
0 0.2078125 0.521875 0.00625 0.00625
1 0.1734375 0.54375 0.0171875 0.0515625
0 0.1765625 0.521875 0.00625 0.00625
1 0.1640625 0.5375 0.0140625 0.040625
0 0.1671875 0.5234375 0.003125 0.003125
1 0.14375 0.5453125 0.0140625 0.0484375
0 0.14375 0.5265625 0.0046875 0.00625
1 0.134375 0.5375 0.0140625 0.0453125
0 0.1359375 0.5203125 0.00625 0.0078125
1 0.1203125 0.5375 0.0171875 0.05
0 0.1234375 0.515625 0.00625 0.0046875
1 0.1046875 0.5390625 0.025 0.0484375
0 0.109375 0.5203125 0.00625 0.00625
1 0.1078125 0.534375 0.0171875 0.046875
0 0.109375 0.5171875 0.00625 0.00625
1 0.096875 0.5390625 0.0125 0.0390625
0 0.096875 0.5234375 0.00625 0.00625
1 0.0859375 0.540625 0.01875 0.03125
0 0.0875 0.5296875 0.0046875 0.0046875
1 0.0515625 0.534375 0.01875 0.040625
0 0.053125 0.5140625 0.00625 0.00625
1 0.0359375 0.534375 0.01875 0.04375
0 0.0359375 0.5171875 0.00625 0.00625
1 0.0125 0.525 0.0125 0.0390625
0 0.0109375 0.5125 0.003125 0.0046875