1 0.828125 0.540625 0.203125 0.4375
0 0.775 0.384375 0.06875 0.0796875
1 0.9640625 0.4828125 0.0671875 0.3625
0 0.9765625 0.3359375 0.0421875 0.0484375
1 0.83125 0.4671875 0.159375 0.2546875
0 0.8421875 0.3671875 0.0296875 0.0359375
1 0.6265625 0.515625 0.1890625 0.315625
0 0.64375 0.3890625 0.04375 0.05625
1 0.478125 0.578125 0.2265625 0.3625
0 0.5140625 0.31875 0.09375 0.1203125
1 0.396875 0.565625 0.1265625 0.2640625
0 0.3703125 0.4671875 0.0375 0.053125
1 0.2 0.5265625 0.1890625 0.409375
0 0.16875 0.365625 0.053125 0.071875
1 0.0640625 0.4734375 0.0828125 0.3203125
0 0.0484375 0.3421875 0.0421875 0.05