1 0.925 0.4609375 0.1125 0.3046875
0 0.903125 0.3390625 0.0390625 0.05
1 0.8984375 0.409375 0.121875 0.2953125
0 0.88125 0.2921875 0.0296875 0.04375
1 0.8359375 0.465625 0.0875 0.3015625
0 0.8171875 0.3421875 0.0296875 0.0375
1 0.7875 0.4984375 0.1234375 0.396875
0 0.7734375 0.3296875 0.0375 0.05625
1 0.7875 0.56875 0.16875 0.4890625
0 0.753125 0.3640625 0.0578125 0.06875
1 0.640625 0.5640625 0.2578125 0.6890625
0 0.5953125 0.290625 0.0859375 0.1125
1 0.23125 0.6015625 0.3671875 0.6125
0 0.2640625 0.25625 0.115625 0.146875
1 0.440625 0.60625 0.425 0.6015625
0 0.3984375 0.290625 0.146875 0.190625