1 0.128125 0.5921875 0.2515625 0.34375
0 0.090625 0.39375 0.1 0.11875
1 0.50625 0.5625 0.171875 0.403125
0 0.4953125 0.4 0.0546875 0.0703125
1 0.8578125 0.6015625 0.26875 0.325
0 0.8421875 0.38125 0.0921875 0.11875
1 0.9765625 0.478125 0.0390625 0.296875
0 0.9890625 0.35625 0.015625 0.0453125
1 0.9234375 0.5140625 0.1078125 0.2875
0 0.9234375 0.3890625 0.040625 0.0375
1 0.946875 0.4375 0.075 0.21875
0 0.9453125 0.3546875 0.03125 0.0375
1 0.96875 0.440625 0.0546875 0.2125
0 0.9796875 0.3609375 0.028125 0.03125
1 0.896875 0.4515625 0.084375 0.2578125
0 0.896875 0.353125 0.0328125 0.0390625
1 0.7984375 0.490625 0.0984375 0.2921875
0 0.796875 0.365625 0.028125 0.0390625
1 0.7359375 0.4640625 0.065625 0.1953125
0 0.7328125 0.3796875 0.028125 0.025
1 0.7484375 0.4359375 0.059375 0.1734375
0 0.75 0.365625 0.01875 0.028125
1 0.6828125 0.5234375 0.14375 0.34375
0 0.6875 0.3796875 0.046875 0.05625
1 0.6390625 0.5171875 0.1015625 0.284375
0 0.6515625 0.396875 0.0359375 0.0453125
1 0.5796875 0.4984375 0.09375 0.2875
0 0.5765625 0.375 0.034375 0.0390625
1 0.521875 0.496875 0.115625 0.3203125
0 0.5 0.3640625 0.04375 0.0484375
1 0.4375 0.546875 0.1296875 0.41875
0 0.43125 0.365625 0.0453125 0.0515625
1 0.3796875 0.5125 0.0953125 0.340625
0 0.378125 0.365625 0.040625 0.0453125
1 0.3421875 0.521875 0.096875 0.2640625
0 0.34375 0.409375 0.0328125 0.0421875
1 0.3015625 0.49375 0.1109375 0.290625
0 0.3203125 0.3765625 0.0359375 0.0453125
1 0.178125 0.5578125 0.13125 0.3953125
0 0.1640625 0.4015625 0.065625 0.0765625
1 0.221875 0.5625 0.125 0.3828125
0 0.209375 0.403125 0.0390625 0.053125
1 0.034375 0.5703125 0.0671875 0.384375
0 0.0125 0.4171875 0.021875 0.0640625
1 0.2578125 0.4734375 0.05 0.1796875
0 0.2625 0.3984375 0.0234375 0.025
1 0.571875 0.459375 0.0875 0.2453125
0 0.575 0.3578125 0.025 0.0265625
1 0.6453125 0.4578125 0.0578125 0.1921875
0 0.65 0.396875 0.0328125 0.04375
1 0.2984375 0.475 0.0734375 0.221875
0 0.2953125 0.3828125 0.025 0.0265625
1 0.9203125 0.43125 0.0546875 0.184375
0 0.9234375 0.3578125 0.021875 0.0265625