1 0.803125 0.553125 0.103125 0.1734375
0 0.7875 0.48125 0.021875 0.025
1 0.8140625 0.4859375 0.0390625 0.0703125
0 0.8140625 0.4578125 0.0125 0.0125
1 0.94375 0.4765625 0.025 0.04375
0 0.9453125 0.459375 0.0078125 0.0078125
1 0.96875 0.4765625 0.0234375 0.0328125
0 0.9703125 0.4640625 0.0046875 0.00625
1 0.8828125 0.478125 0.021875 0.046875
0 0.8828125 0.459375 0.00625 0.00625
1 0.890625 0.4765625 0.01875 0.0390625
0 0.8890625 0.4609375 0.0046875 0.0046875
1 0.8546875 0.475 0.0171875 0.034375
0 0.85625 0.4609375 0.0046875 0.0046875
1 0.8609375 0.4703125 0.0140625 0.028125
0 0.8625 0.459375 0.0046875 0.0046875
1 0.85 0.471875 0.0140625 0.0296875
0 0.85 0.459375 0.00625 0.0046875
1 0.840625 0.471875 0.0109375 0.025
0 0.8421875 0.4625 0.0046875 0.0046875
1 0.834375 0.4703125 0.015625 0.0234375
0 0.8359375 0.4625 0.0046875 0.0046875
1 0.7984375 0.4734375 0.025 0.040625
0 0.7984375 0.4578125 0.0078125 0.0078125
1 0.771875 0.475 0.015625 0.028125
0 0.771875 0.4640625 0.0046875 0.0046875
1 0.753125 0.475 0.015625 0.0375
0 0.75625 0.4609375 0.00625 0.00625
1 0.721875 0.471875 0.0140625 0.03125
0 0.7234375 0.459375 0.00625 0.00625
1 0.703125 0.475 0.009375 0.0328125
0 0.703125 0.475 0.009375 0.0328125
1 0.6796875 0.5046875 0.05625 0.1078125
0 0.6796875 0.4640625 0.0125 0.0125
1 0.5609375 0.50625 0.05625 0.1046875
0 0.565625 0.4640625 0.015625 0.015625
1 0.6390625 0.4765625 0.0203125 0.040625
0 0.640625 0.4609375 0.00625 0.0046875
1 0.6484375 0.4734375 0.0140625 0.03125
0 0.6515625 0.4625 0.0046875 0.0046875
1 0.6625 0.4671875 0.009375 0.0203125
0 0.6640625 0.459375 0.003125 0.003125
1 0.621875 0.4734375 0.015625 0.03125
0 0.6234375 0.4625 0.0046875 0.0046875
1 0.6125 0.4734375 0.0125 0.0375
0 0.6140625 0.4578125 0.0046875 0.00625
1 0.5453125 0.4703125 0.0140625 0.025
0 0.546875 0.4609375 0.0046875 0.0046875
1 0.371875 0.509375 0.04375 0.11875
0 0.3703125 0.459375 0.015625 0.0171875
1 0.415625 0.4921875 0.0328125 0.06875
0 0.41875 0.4640625 0.0078125 0.009375
1 0.48125 0.471875 0.0171875 0.028125
0 0.484375 0.4609375 0.0046875 0.0046875
1 0.4609375 0.46875 0.0140625 0.0234375
0 0.4609375 0.4609375 0.0046875 0.0046875
1 0.403125 0.471875 0.009375 0.028125
0 0.4046875 0.4625 0.0015625 0.003125
1 0.3453125 0.471875 0.0125 0.03125
0 0.34375 0.4609375 0.0046875 0.0046875
1 0.334375 0.46875 0.009375 0.0234375
0 0.3328125 0.4609375 0.003125 0.0046875
1 0.315625 0.4875 0.028125 0.06875
0 0.3140625 0.459375 0.0078125 0.0078125
1 0.2796875 0.490625 0.03125 0.0703125
0 0.278125 0.4625 0.009375 0.009375
1 0.2328125 0.49375 0.028125 0.0765625
0 0.234375 0.4625 0.009375 0.009375
1 0.2015625 0.4984375 0.040625 0.0875
0 0.1984375 0.4640625 0.0109375 0.0125
1 0.1640625 0.4984375 0.0359375 0.075
0 0.165625 0.4671875 0.0109375 0.0125
1 0.1796875 0.49375 0.028125 0.078125
0 0.178125 0.4625 0.009375 0.0109375
1 0.184375 0.4859375 0.0234375 0.0671875
0 0.1859375 0.4578125 0.0078125 0.0078125
1 0.21875 0.4875 0.01875 0.0640625
0 0.221875 0.4609375 0.0078125 0.009375
1 0.2109375 0.48125 0.015625 0.059375
0 0.2109375 0.459375 0.0078125 0.0078125
1 0.1578125 0.4734375 0.0171875 0.028125
0 0.1546875 0.4625 0.00625 0.00625
1 0.134375 0.478125 0.0203125 0.0421875
0 0.1359375 0.4625 0.00625 0.00625
1 0.046875 0.478125 0.025 0.04375
0 0.04375 0.4625 0.0078125 0.0078125