1 0.3328125 0.6828125 0.05 0.1328125
0 0.33125 0.6265625 0.015625 0.015625
1 0.3421875 0.6828125 0.0359375 0.128125
0 0.34375 0.6296875 0.0171875 0.01875
1 0.3875 0.68125 0.0359375 0.13125
0 0.3875 0.6265625 0.015625 0.0171875
1 0.40625 0.690625 0.04375 0.1421875
0 0.4140625 0.6296875 0.015625 0.0171875
1 0.36875 0.7 0.05625 0.1453125
0 0.3671875 0.6390625 0.0203125 0.0234375
1 0.4375 0.6953125 0.05625 0.15625
0 0.434375 0.6265625 0.0171875 0.01875
1 0.4703125 0.6984375 0.0484375 0.1453125
0 0.46875 0.6390625 0.0171875 0.021875
1 0.4453125 0.6734375 0.040625 0.1328125
0 0.4390625 0.6171875 0.015625 0.015625
1 0.4234375 0.6609375 0.03125 0.1109375
0 0.425 0.615625 0.0140625 0.0171875
1 0.5078125 0.696875 0.0484375 0.15
0 0.5078125 0.6359375 0.021875 0.0234375
1 0.509375 0.6890625 0.0421875 0.140625
0 0.5109375 0.63125 0.01875 0.0203125
1 0.540625 0.68125 0.0328125 0.11875
0 0.5390625 0.6328125 0.0125 0.015625
1 0.5546875 0.6859375 0.0390625 0.1234375
0 0.553125 0.6328125 0.0140625 0.015625
1 0.5625 0.6890625 0.04375 0.1265625
0 0.5640625 0.634375 0.015625 0.015625
1 0.5921875 0.6921875 0.0546875 0.14375
0 0.5921875 0.6328125 0.015625 0.0203125
1 0.6015625 0.675 0.040625 0.1296875
0 0.6 0.6234375 0.015625 0.01875