1 0.9015625 0.58125 0.1375 0.478125
0 0.875 0.3796875 0.053125 0.0640625
1 0.8109375 0.5703125 0.1515625 0.4328125
0 0.8078125 0.3875 0.0484375 0.0609375
1 0.73125 0.5625 0.1234375 0.4109375
0 0.728125 0.3859375 0.0421875 0.0515625
1 0.634375 0.5609375 0.203125 0.38125
0 0.6515625 0.4046875 0.040625 0.0578125
1 0.58125 0.553125 0.1640625 0.3765625
0 0.565625 0.4015625 0.040625 0.0546875
1 0.49375 0.5296875 0.153125 0.4125
0 0.5078125 0.3546875 0.040625 0.0546875
1 0.45 0.54375 0.1625 0.384375
0 0.4390625 0.3828125 0.04375 0.0578125
1 0.3453125 0.540625 0.1796875 0.39375
0 0.3625 0.38125 0.0421875 0.059375
1 0.25625 0.5421875 0.153125 0.4
0 0.265625 0.375 0.04375 0.05625
1 0.18125 0.528125 0.2671875 0.459375
0 0.2 0.340625 0.05625 0.0671875
1 0.1171875 0.5359375 0.1453125 0.4625
0 0.134375 0.340625 0.0421875 0.065625