1 0.3046875 0.4875 0.009375 0.021875
0 0.303125 0.478125 0.0015625 0.0015625
1 0.3546875 0.490625 0.0078125 0.0203125
0 0.353125 0.4828125 0.0015625 0.003125
1 0.3171875 0.5140625 0.01875 0.0171875
0 0.3234375 0.50625 0.003125 0.003125
1 0.3671875 0.490625 0.0078125 0.028125
0 0.36875 0.48125 0.003125 0.0015625
1 0.403125 0.503125 0.0140625 0.04375
0 0.4 0.4859375 0.00625 0.0046875
1 0.41875 0.509375 0.01875 0.053125
0 0.4203125 0.4875 0.0078125 0.0078125
1 0.4328125 0.509375 0.0171875 0.059375
0 0.434375 0.4859375 0.00625 0.0078125
1 0.4421875 0.5140625 0.01875 0.059375
0 0.440625 0.490625 0.0078125 0.0078125
1 0.4515625 0.5078125 0.015625 0.046875
0 0.4515625 0.4890625 0.0046875 0.0046875
1 0.44375 0.503125 0.0125 0.0421875
0 0.44375 0.484375 0.0046875 0.0046875
1 0.4609375 0.50625 0.01875 0.0546875
0 0.465625 0.4828125 0.00625 0.00625
1 0.4671875 0.5125 0.0265625 0.0609375
0 0.471875 0.4875 0.0078125 0.0078125
1 0.4859375 0.4953125 0.0109375 0.03125
0 0.4875 0.4828125 0.003125 0.003125
1 0.490625 0.5140625 0.01875 0.0625
0 0.4921875 0.4875 0.0078125 0.0078125
1 0.4984375 0.4953125 0.0078125 0.03125
0 0.5 0.4828125 0.003125 0.003125
1 0.503125 0.4953125 0.0125 0.0328125
0 0.5046875 0.48125 0.0046875 0.0046875
1 0.5234375 0.5078125 0.0171875 0.05625
0 0.5234375 0.4875 0.0078125 0.009375
1 0.5390625 0.515625 0.025 0.0578125
0 0.5375 0.4921875 0.0078125 0.009375
1 0.5203125 0.5359375 0.03125 0.08125
0 0.5234375 0.503125 0.0109375 0.0109375
1 0.54375 0.5421875 0.0359375 0.06875
0 0.5375 0.5140625 0.0109375 0.0125
1 0.5515625 0.5390625 0.034375 0.0625
0 0.5515625 0.5140625 0.009375 0.0109375
1 0.534375 0.490625 0.0078125 0.0296875
0 0.534375 0.478125 0.003125 0.003125
1 0.54375 0.4953125 0.0125 0.0296875
0 0.5484375 0.4828125 0.003125 0.003125
1 0.5546875 0.496875 0.0109375 0.0328125
0 0.5546875 0.4828125 0.0046875 0.003125
1 0.5625 0.4953125 0.0125 0.034375
0 0.5625 0.4828125 0.0046875 0.0046875
1 0.5734375 0.4953125 0.0109375 0.03125
0 0.5734375 0.4859375 0.0046875 0.00625
1 0.5734375 0.4984375 0.0109375 0.034375
0 0.5734375 0.4859375 0.0046875 0.0046875
1 0.58125 0.4953125 0.009375 0.028125
0 0.5796875 0.4859375 0.0046875 0.0046875
1 0.58125 0.5203125 0.0265625 0.0703125
0 0.58125 0.490625 0.0078125 0.009375
1 0.6078125 0.51875 0.0265625 0.0796875
0 0.6046875 0.4859375 0.0078125 0.0109375
1 0.590625 0.496875 0.009375 0.034375
0 0.590625 0.4828125 0.0046875 0.0046875
1 0.5921875 0.5015625 0.0109375 0.0296875
0 0.5921875 0.490625 0.0046875 0.00625
1 0.6140625 0.5015625 0.0125 0.040625
0 0.6140625 0.484375 0.0046875 0.0046875
1 0.61875 0.4984375 0.0109375 0.0359375
0 0.6203125 0.484375 0.003125 0.003125
1 0.628125 0.5 0.0125 0.0390625
0 0.6265625 0.4828125 0.0046875 0.0046875
1 0.634375 0.5 0.015625 0.0453125
0 0.63125 0.48125 0.0046875 0.0046875
1 0.628125 0.528125 0.01875 0.059375
0 0.628125 0.50625 0.0078125 0.009375
1 0.65 0.5078125 0.01875 0.05625
0 0.6515625 0.4828125 0.00625 0.00625
1 0.659375 0.5328125 0.0390625 0.1140625
0 0.6578125 0.4828125 0.0125 0.0140625
1 0.68125 0.5078125 0.0203125 0.0703125
0 0.6828125 0.4796875 0.0078125 0.009375
1 0.671875 0.5296875 0.025 0.0765625
0 0.675 0.4953125 0.0078125 0.0078125
1 0.6890625 0.528125 0.0296875 0.078125
0 0.6953125 0.4953125 0.009375 0.0125
1 0.7046875 0.5078125 0.0171875 0.0515625
0 0.703125 0.4875 0.00625 0.00625
1 0.70625 0.5171875 0.015625 0.05
0 0.7046875 0.496875 0.0046875 0.00625
1 0.7171875 0.5171875 0.0171875 0.0515625
0 0.7171875 0.4953125 0.00625 0.0078125
1 0.728125 0.5078125 0.0171875 0.05
0 0.728125 0.4875 0.0046875 0.00625
1 0.7328125 0.5125 0.01875 0.059375
0 0.7328125 0.4875 0.00625 0.0078125
1 0.7296875 0.50625 0.0203125 0.0546875
0 0.7328125 0.4875 0.00625 0.0078125
1 0.7375 0.509375 0.0140625 0.0515625
0 0.7375 0.4890625 0.0046875 0.00625
1 0.74375 0.5109375 0.015625 0.0453125
0 0.746875 0.49375 0.00625 0.00625
1 0.746875 0.515625 0.0171875 0.0390625
0 0.746875 0.4921875 0.0078125 0.00625
1 0.7625 0.5078125 0.025 0.0390625
0 0.7640625 0.49375 0.00625 0.00625
1 0.78125 0.51875 0.0125 0.04375
0 0.78125 0.503125 0.0046875 0.0078125
1 0.79375 0.51875 0.021875 0.0421875
0 0.790625 0.503125 0.0078125 0.0078125
1 0.8015625 0.5109375 0.0125 0.053125
0 0.80625 0.490625 0.00625 0.009375
1 0.790625 0.6015625 0.0328125 0.19375
0 0.7984375 0.521875 0.0203125 0.0359375
1 0.259375 0.5140625 0.0109375 0.025
0 0.25625 0.503125 0.003125 0.003125