1 0.8171875 0.6328125 0.0140625 0.0359375
0 0.8171875 0.61875 0.0046875 0.0046875
1 0.828125 0.634375 0.0125 0.03125
0 0.828125 0.621875 0.003125 0.003125
1 0.8375 0.6546875 0.0265625 0.0578125
0 0.8390625 0.6296875 0.0078125 0.00625
1 0.85625 0.6578125 0.021875 0.0515625
0 0.8578125 0.6390625 0.00625 0.0078125
1 0.875 0.640625 0.0140625 0.040625
0 0.875 0.625 0.00625 0.00625
1 0.890625 0.659375 0.01875 0.05
0 0.8890625 0.6390625 0.0078125 0.00625
1 0.909375 0.65625 0.0203125 0.0703125
0 0.909375 0.6265625 0.00625 0.0078125
1 0.90625 0.671875 0.021875 0.078125
0 0.90625 0.6390625 0.009375 0.0109375
1 0.91875 0.6546875 0.0203125 0.0625
0 0.915625 0.628125 0.0078125 0.0078125
1 0.959375 0.6796875 0.0359375 0.0609375
0 0.9546875 0.65625 0.0109375 0.009375
1 0.9609375 0.671875 0.025 0.084375
0 0.9609375 0.6375 0.0078125 0.0125
1 0.978125 0.671875 0.0375 0.08125
0 0.978125 0.6390625 0.0125 0.0125