1 0.784375 0.7 0.0484375 0.228125
0 0.803125 0.6078125 0.0109375 0.0359375
1 0.721875 0.71875 0.14375 0.325
0 0.7546875 0.5828125 0.0359375 0.046875
1 0.6828125 0.7078125 0.075 0.209375
0 0.6921875 0.61875 0.0203125 0.0265625
1 0.6828125 0.6921875 0.078125 0.2
0 0.6875 0.609375 0.021875 0.0265625
1 0.6609375 0.6484375 0.0484375 0.1078125
0 0.6609375 0.603125 0.0109375 0.0109375
1 0.6109375 0.771875 0.1359375 0.3109375
0 0.5953125 0.640625 0.034375 0.040625
1 0.6 0.6953125 0.08125 0.209375
0 0.6015625 0.609375 0.021875 0.03125
1 0.5234375 0.7328125 0.103125 0.265625
0 0.534375 0.625 0.0328125 0.0359375
1 0.496875 0.659375 0.053125 0.1328125
0 0.5 0.6046875 0.0140625 0.0171875
1 0.4375 0.7 0.0765625 0.209375
0 0.4390625 0.6125 0.021875 0.0265625
1 0.4421875 0.6625 0.0453125 0.1328125
0 0.4453125 0.6109375 0.0140625 0.021875
1 0.403125 0.696875 0.0625 0.1765625
0 0.40625 0.625 0.021875 0.021875
1 0.3703125 0.7046875 0.0953125 0.2109375
0 0.3859375 0.615625 0.0234375 0.028125
1 0.340625 0.64375 0.0328125 0.0828125
0 0.3390625 0.609375 0.009375 0.0125
1 0.3109375 0.6578125 0.0453125 0.1140625
0 0.309375 0.6078125 0.015625 0.0140625
1 0.2578125 0.6640625 0.05 0.13125
0 0.2546875 0.6125 0.015625 0.0171875
1 0.2625 0.653125 0.0546875 0.121875
0 0.259375 0.603125 0.015625 0.0171875