1 0.0734375 0.63125 0.0703125 0.2140625
0 0.08125 0.5421875 0.0296875 0.0296875
1 0.0953125 0.6265625 0.0640625 0.190625
0 0.09375 0.5484375 0.025 0.0265625
1 0.146875 0.6296875 0.075 0.2078125
0 0.15 0.540625 0.0234375 0.0234375
1 0.1640625 0.6234375 0.0734375 0.1828125
0 0.159375 0.546875 0.0203125 0.0234375
1 0.140625 0.5859375 0.0546875 0.1234375
0 0.140625 0.534375 0.0125 0.015625
1 0.3078125 0.59375 0.0359375 0.10625
0 0.3078125 0.55 0.0109375 0.015625
1 0.328125 0.6 0.0609375 0.1421875
0 0.3265625 0.5421875 0.01875 0.0203125
1 0.359375 0.59375 0.0421875 0.1078125
0 0.35625 0.55 0.0109375 0.0109375
1 0.378125 0.59375 0.0515625 0.15
0 0.375 0.5296875 0.0171875 0.01875
1 0.4296875 0.625 0.0828125 0.2421875
0 0.421875 0.525 0.0234375 0.0328125
1 0.4578125 0.5828125 0.0328125 0.0875
0 0.4578125 0.5484375 0.0078125 0.0078125
1 0.4828125 0.59375 0.053125 0.1109375
0 0.484375 0.546875 0.009375 0.0140625
1 0.475 0.5703125 0.025 0.05625
0 0.475 0.546875 0.00625 0.0078125
1 0.5015625 0.5703125 0.01875 0.06875
0 0.503125 0.54375 0.00625 0.0078125
1 0.515625 0.56875 0.0265625 0.0640625
0 0.515625 0.54375 0.009375 0.0109375
1 0.521875 0.5890625 0.0359375 0.1109375
0 0.5234375 0.5421875 0.0109375 0.0140625
1 0.55 0.6125 0.08125 0.2125
0 0.5421875 0.521875 0.0234375 0.025
1 0.59375 0.6265625 0.125 0.2828125
0 0.584375 0.5078125 0.034375 0.0375
1 0.609375 0.5875 0.040625 0.1078125
0 0.60625 0.5421875 0.0125 0.015625
1 0.671875 0.5734375 0.04375 0.1015625
0 0.6703125 0.528125 0.0109375 0.0125
1 0.6984375 0.56875 0.034375 0.1
0 0.6984375 0.5296875 0.009375 0.0109375
1 0.7828125 0.60625 0.10625 0.2921875
0 0.7671875 0.48125 0.04375 0.040625
1 0.8421875 0.55 0.05625 0.16875
0 0.8328125 0.4828125 0.0203125 0.021875