1 0.0734375 0.415625 0.0328125 0.08125
0 0.071875 0.384375 0.0109375 0.0140625
1 0.0421875 0.421875 0.0296875 0.0921875
0 0.040625 0.384375 0.0109375 0.0125
1 0.09375 0.440625 0.03125 0.096875
0 0.0953125 0.4 0.0140625 0.0140625
1 0.125 0.4359375 0.0328125 0.0953125
0 0.125 0.396875 0.0125 0.015625
1 0.15625 0.43125 0.0390625 0.1046875
0 0.15625 0.3890625 0.0125 0.0171875
1 0.19375 0.4390625 0.034375 0.1
0 0.1921875 0.396875 0.0125 0.0140625
1 0.1359375 0.471875 0.0421875 0.13125
0 0.1375 0.41875 0.0171875 0.0234375
1 0.1671875 0.4765625 0.0515625 0.146875
0 0.1796875 0.4171875 0.0203125 0.0234375
1 0.2234375 0.4671875 0.034375 0.1140625
0 0.2265625 0.4203125 0.015625 0.01875
1 0.2578125 0.503125 0.0453125 0.15625
0 0.25625 0.4375 0.01875 0.0234375
1 0.2203125 0.553125 0.0921875 0.271875
0 0.2109375 0.4359375 0.0328125 0.034375
1 0.125 0.5296875 0.0609375 0.19375
0 0.125 0.446875 0.025 0.0265625
1 0.0453125 0.5421875 0.0765625 0.2515625
0 0.0390625 0.4390625 0.0265625 0.0359375
1 0.065625 0.5984375 0.1296875 0.3734375
0 0.0703125 0.4421875 0.0484375 0.0578125
1 0.1734375 0.6109375 0.10625 0.3796875
0 0.178125 0.45 0.0390625 0.05625
1 0.2765625 0.4578125 0.0375 0.1203125
0 0.2765625 0.4078125 0.0140625 0.015625
1 0.3125 0.5359375 0.084375 0.2484375
0 0.321875 0.43125 0.03125 0.0375
1 0.33125 0.503125 0.0515625 0.1796875
0 0.33125 0.428125 0.0203125 0.0296875
1 0.334375 0.46875 0.028125 0.1109375
0 0.334375 0.428125 0.0203125 0.0265625
1 0.3625 0.5640625 0.0921875 0.2640625
0 0.3703125 0.453125 0.028125 0.040625
1 0.3828125 0.5984375 0.11875 0.334375
0 0.40625 0.45625 0.0375 0.046875
1 0.4421875 0.565625 0.084375 0.278125
0 0.4375 0.4453125 0.0296875 0.0375
1 0.4453125 0.5453125 0.084375 0.2546875
0 0.4375 0.4359375 0.028125 0.0328125
1 0.4421875 0.5078125 0.0671875 0.20625
0 0.4484375 0.4234375 0.0234375 0.03125
1 0.5390625 0.55625 0.0859375 0.2609375
0 0.5515625 0.4484375 0.028125 0.0421875
1 0.5484375 0.5140625 0.06875 0.2015625
0 0.5421875 0.4296875 0.0234375 0.0296875
1 0.634375 0.6609375 0.2296875 0.3390625
0 0.653125 0.5375 0.08125 0.084375
1 0.6953125 0.5421875 0.0953125 0.2890625
0 0.6984375 0.4171875 0.03125 0.034375
1 0.7328125 0.596875 0.1203125 0.3703125
0 0.753125 0.44375 0.04375 0.0578125
1 0.8375 0.5421875 0.1171875 0.265625
0 0.8359375 0.4328125 0.0328125 0.040625
1 0.9109375 0.6265625 0.171875 0.4078125
0 0.959375 0.4578125 0.0703125 0.0671875
1 0.9875 0.4375 0.0203125 0.0703125
0 0.984375 0.4078125 0.009375 0.0078125
1 0.9546875 0.4390625 0.0171875 0.0671875
0 0.9515625 0.4109375 0.009375 0.0109375
1 0.803125 0.4203125 0.0171875 0.046875
0 0.8015625 0.403125 0.00625 0.00625
1 0.784375 0.421875 0.0140625 0.0421875
0 0.784375 0.4078125 0.00625 0.0078125
1 0.725 0.4234375 0.0140625 0.040625
0 0.725 0.4078125 0.00625 0.00625
1 0.71875 0.421875 0.0140625 0.0453125
0 0.7203125 0.4046875 0.0046875 0.0046875
1 0.6328125 0.421875 0.0203125 0.0421875
0 0.63125 0.4046875 0.00625 0.00625
1 0.61875 0.4203125 0.0140625 0.0421875
0 0.6171875 0.4046875 0.00625 0.00625
1 0.6046875 0.421875 0.0125 0.0390625
0 0.60625 0.4078125 0.00625 0.00625
1 0.478125 0.4265625 0.0140625 0.0328125
0 0.4796875 0.4125 0.0015625 0.003125
1 0.4203125 0.4203125 0.0078125 0.025
0 0.4203125 0.4109375 0.003125 0.003125
1 0.4140625 0.41875 0.0078125 0.0203125
0 0.415625 0.4109375 0.003125 0.003125
1 0.403125 0.41875 0.0078125 0.0234375
0 0.403125 0.4109375 0.0015625 0.003125