1 0.178125 0.6890625 0.13125 0.3125
0 0.159375 0.5578125 0.0375 0.046875
1 0.0828125 0.6546875 0.1109375 0.25
0 0.06875 0.5515625 0.034375 0.040625
1 0.2828125 0.665625 0.096875 0.240625
0 0.2765625 0.565625 0.0328125 0.0328125
1 0.5046875 0.6765625 0.1265625 0.2859375
0 0.4921875 0.5609375 0.0375 0.046875
1 0.4875 0.6453125 0.0765625 0.2234375
0 0.4953125 0.5578125 0.0328125 0.0359375
1 0.5609375 0.6453125 0.0609375 0.1609375
0 0.5671875 0.578125 0.021875 0.0234375
1 0.64375 0.659375 0.1078125 0.1859375
0 0.6546875 0.5921875 0.0234375 0.0234375
1 0.7453125 0.690625 0.1 0.3078125
0 0.7515625 0.5578125 0.034375 0.0375
1 0.8234375 0.7015625 0.096875 0.2875
0 0.8265625 0.5796875 0.0359375 0.0421875
1 0.91875 0.7046875 0.15625 0.3328125
0 0.903125 0.5796875 0.05 0.0703125
1 0.00625 0.5859375 0.0109375 0.0734375
0 0.003125 0.5578125 0.003125 0.0078125
1 0.0359375 0.5859375 0.0421875 0.078125
0 0.0421875 0.5546875 0.009375 0.0109375
1 0.6 0.590625 0.025 0.0625
0 0.6015625 0.565625 0.0078125 0.0078125
1 0.790625 0.625 0.0375 0.128125
0 0.790625 0.5703125 0.0171875 0.0171875
1 0.8671875 0.6390625 0.059375 0.20625
0 0.8671875 0.55625 0.0296875 0.0375
1 0.9421875 0.615625 0.03125 0.0953125
0 0.94375 0.578125 0.0125 0.015625
1 0.9703125 0.634375 0.040625 0.1359375
0 0.9671875 0.5796875 0.015625 0.015625
1 0.9765625 0.684375 0.0421875 0.2546875
0 0.9890625 0.578125 0.015625 0.0390625
1 0.6984375 0.5875 0.0171875 0.059375
0 0.6984375 0.5671875 0.009375 0.009375
1 0.73125 0.6453125 0.0390625 0.1546875
0 0.7265625 0.58125 0.0203125 0.021875
1 0.4734375 0.5625 0.0203125 0.059375
0 0.475 0.5390625 0.00625 0.0078125
1 0.45625 0.5828125 0.0203125 0.0625
0 0.4578125 0.559375 0.0078125 0.0078125