1 0.2140625 0.7578125 0.0578125 0.246875
0 0.225 0.6578125 0.0328125 0.0390625
1 0.3203125 0.7578125 0.096875 0.2921875
0 0.321875 0.6328125 0.034375 0.0390625
1 0.396875 0.765625 0.096875 0.296875
0 0.390625 0.640625 0.0328125 0.0453125
1 0.5109375 0.7625 0.1140625 0.334375
0 0.515625 0.6203125 0.03125 0.0359375
1 0.584375 0.69375 0.075 0.2015625
0 0.575 0.6109375 0.021875 0.0234375
1 0.5390625 0.7015625 0.0625 0.1984375
0 0.5375 0.621875 0.0203125 0.0265625
1 0.4921875 0.6984375 0.0640625 0.165625
0 0.496875 0.6296875 0.015625 0.0171875
1 0.4640625 0.6546875 0.046875 0.134375
0 0.4640625 0.5984375 0.0125 0.0140625
1 0.3703125 0.6953125 0.0640625 0.1953125
0 0.371875 0.609375 0.021875 0.028125
1 0.403125 0.671875 0.0453125 0.1359375
0 0.396875 0.61875 0.0140625 0.0171875
1 0.4171875 0.6421875 0.0328125 0.090625
0 0.4171875 0.60625 0.0109375 0.0140625
1 0.353125 0.6671875 0.0390625 0.125
0 0.3546875 0.6171875 0.0140625 0.0171875
1 0.5546875 0.6578125 0.0265625 0.1015625
0 0.553125 0.615625 0.0125 0.0140625
1 0.534375 0.6453125 0.0375 0.1171875
0 0.5375 0.5984375 0.015625 0.01875
1 0.48125 0.65 0.0265625 0.0875
0 0.48125 0.6125 0.0109375 0.0125
1 0.45 0.6359375 0.021875 0.0703125
0 0.45 0.60625 0.0078125 0.0078125