1 0.4578125 0.471875 0.0125 0.0296875
0 0.4578125 0.4625 0.003125 0.0046875
1 0.446875 0.4765625 0.0109375 0.0265625
0 0.4453125 0.465625 0.0046875 0.003125
1 0.428125 0.4734375 0.0109375 0.025
0 0.4265625 0.4640625 0.003125 0.003125
1 0.4171875 0.4734375 0.0109375 0.025
0 0.4140625 0.465625 0.003125 0.0046875
1 0.4109375 0.471875 0.009375 0.025
0 0.4125 0.4625 0.003125 0.003125
1 0.4015625 0.4734375 0.009375 0.0234375
0 0.4015625 0.4640625 0.003125 0.003125
1 0.40625 0.475 0.0109375 0.025
0 0.4046875 0.465625 0.003125 0.0046875
1 0.584375 0.5984375 0.0984375 0.2140625
0 0.5875 0.509375 0.0234375 0.028125
1 0.53125 0.575 0.08125 0.18125
0 0.5296875 0.4984375 0.0203125 0.028125
1 0.453125 0.6265625 0.1125 0.23125
0 0.4453125 0.5296875 0.0265625 0.0328125
1 0.45625 0.6734375 0.0984375 0.3203125
0 0.465625 0.5359375 0.0359375 0.0453125
1 0.2515625 0.6765625 0.1609375 0.3109375
0 0.2359375 0.55 0.0421875 0.0515625
1 0.1328125 0.696875 0.1359375 0.28125
0 0.1171875 0.5828125 0.0359375 0.046875
1 0.403125 0.540625 0.0453125 0.0734375
0 0.3984375 0.5109375 0.009375 0.0125
1 0.4 0.5328125 0.0328125 0.08125
0 0.3984375 0.5015625 0.0109375 0.0140625
1 0.3484375 0.55 0.0453125 0.0921875
0 0.3390625 0.5125 0.0109375 0.0125
1 0.3390625 0.5421875 0.0390625 0.0875
0 0.334375 0.50625 0.0109375 0.0125
1 0.3 0.553125 0.0328125 0.0765625
0 0.2984375 0.521875 0.0078125 0.009375
1 0.275 0.5640625 0.0390625 0.084375
0 0.2671875 0.5328125 0.0109375 0.0125
1 0.25 0.5328125 0.0296875 0.0734375
0 0.2515625 0.5015625 0.0078125 0.00625
1 0.2796875 0.525 0.0265625 0.0609375
0 0.275 0.5015625 0.009375 0.0109375
1 0.371875 0.5390625 0.03125 0.0796875
0 0.371875 0.5078125 0.009375 0.0109375
1 0.3640625 0.48125 0.0171875 0.05
0 0.3625 0.4609375 0.00625 0.0078125
1 0.340625 0.4890625 0.0203125 0.046875
0 0.3421875 0.471875 0.0046875 0.0046875
1 0.33125 0.4953125 0.0265625 0.05625
0 0.3296875 0.471875 0.00625 0.0078125
1 0.309375 0.49375 0.0265625 0.05625
0 0.3078125 0.471875 0.0078125 0.0078125
1 0.3140625 0.4828125 0.01875 0.0453125
0 0.3140625 0.465625 0.0046875 0.0078125
1 0.2921875 0.490625 0.0234375 0.0640625
0 0.2875 0.465625 0.00625 0.0078125
1 0.2703125 0.4984375 0.025 0.0546875
0 0.26875 0.4765625 0.0046875 0.00625
1 0.3390625 0.4703125 0.0203125 0.046875
0 0.3359375 0.453125 0.0046875 0.0078125
1 0.3390625 0.4578125 0.0171875 0.0421875
0 0.3375 0.440625 0.0046875 0.00625
1 0.346875 0.4546875 0.0125 0.034375
0 0.346875 0.4421875 0.00625 0.00625
1 0.3546875 0.446875 0.0109375 0.0296875
0 0.3546875 0.434375 0.0046875 0.0046875
1 0.2578125 0.48125 0.015625 0.0484375
0 0.25625 0.4640625 0.0046875 0.00625
1 0.2765625 0.4796875 0.015625 0.046875
0 0.2765625 0.4625 0.00625 0.0078125
1 0.2875 0.4703125 0.0171875 0.0421875
0 0.284375 0.4546875 0.00625 0.0078125
1 0.2796875 0.471875 0.015625 0.040625
0 0.278125 0.4578125 0.00625 0.0078125
1 0.296875 0.45625 0.01875 0.040625
0 0.2953125 0.440625 0.0046875 0.00625
1 0.3171875 0.45 0.0171875 0.040625
0 0.3140625 0.434375 0.0046875 0.0046875
1 0.309375 0.4484375 0.0140625 0.0328125
0 0.3078125 0.4375 0.003125 0.0046875
1 0.4046875 0.4828125 0.0109375 0.0234375
0 0.4046875 0.4734375 0.003125 0.003125
1 0.28125 0.44375 0.015625 0.0421875
0 0.28125 0.4265625 0.0046875 0.0046875
1 0.296875 0.4375 0.0078125 0.025
0 0.296875 0.4296875 0.003125 0.003125