1 0.04375 0.61875 0.0859375 0.3203125
0 0.0109375 0.5078125 0.0203125 0.059375
1 0.2 0.6390625 0.359375 0.2796875
0 0.184375 0.5234375 0.1 0.134375
1 0.2390625 0.6390625 0.2640625 0.2796875
0 0.2609375 0.578125 0.15 0.171875
1 0.5859375 0.6375 0.1375 0.2828125
0 0.5875 0.53125 0.046875 0.0609375
1 0.603125 0.5203125 0.0265625 0.05625
0 0.6046875 0.496875 0.00625 0.0078125
1 0.640625 0.521875 0.025 0.0671875
0 0.6390625 0.49375 0.009375 0.0109375
1 0.66875 0.5203125 0.021875 0.0640625
0 0.6671875 0.4953125 0.00625 0.0078125
1 0.8 0.61875 0.125 0.3203125
0 0.803125 0.49375 0.0453125 0.04375
1 0.9203125 0.634375 0.15625 0.2890625
0 0.909375 0.5375 0.084375 0.0796875