1 0.2796875 0.4890625 0.3296875 0.8828125
0 0.3109375 0.115625 0.103125 0.1265625
1 0.921875 0.51875 0.0859375 0.6953125
0 0.9515625 0.209375 0.025 0.0515625
1 0.853125 0.4890625 0.20625 0.6625
0 0.846875 0.2125 0.0796875 0.090625
1 0.81875 0.45 0.24375 0.6625
0 0.8640625 0.171875 0.0734375 0.090625
1 0.9265625 0.3421875 0.0765625 0.321875
0 0.9359375 0.209375 0.0390625 0.0453125
1 0.91875 0.2328125 0.0375 0.11875
0 0.925 0.1859375 0.0109375 0.0140625
1 0.953125 0.225 0.0234375 0.071875
0 0.95625 0.1953125 0.0078125 0.009375
1 0.8 0.2765625 0.0859375 0.2453125
0 0.7875 0.178125 0.028125 0.0390625
1 0.7375 0.2875 0.0609375 0.190625
0 0.75 0.20625 0.0234375 0.0203125
1 0.7015625 0.2890625 0.0578125 0.25
0 0.70625 0.1875 0.0265625 0.0359375
1 0.728125 0.28125 0.0515625 0.1890625
0 0.7359375 0.2 0.0203125 0.025
1 0.75625 0.2359375 0.0375 0.1390625
0 0.7578125 0.1796875 0.0140625 0.0140625
1 0.68125 0.259375 0.0390625 0.1359375
0 0.6859375 0.2046875 0.0140625 0.0140625
1 0.6328125 0.2671875 0.046875 0.1359375
0 0.6296875 0.2109375 0.0203125 0.0203125
1 0.6421875 0.25 0.0453125 0.153125
0 0.6390625 0.1875 0.0171875 0.0234375
1 0.584375 0.259375 0.046875 0.15
0 0.5921875 0.196875 0.0171875 0.0203125
1 0.5625 0.2671875 0.046875 0.140625
0 0.55625 0.209375 0.0171875 0.0203125
1 0.528125 0.2578125 0.0453125 0.1546875
0 0.51875 0.196875 0.0171875 0.025
1 0.50625 0.2609375 0.05625 0.159375
0 0.4984375 0.1953125 0.01875 0.0203125
1 0.484375 0.25625 0.0328125 0.1140625
0 0.484375 0.2109375 0.0171875 0.01875
1 0.3953125 0.434375 0.240625 0.590625
0 0.44375 0.1890625 0.0625 0.0828125
1 0.409375 0.2828125 0.0578125 0.175
0 0.4046875 0.2140625 0.025 0.0328125
1 0.3640625 0.3 0.075 0.2359375
0 0.359375 0.2015625 0.028125 0.034375
1 0.3828125 0.25 0.0359375 0.128125
0 0.384375 0.203125 0.01875 0.025
1 0.3234375 0.2578125 0.046875 0.1640625
0 0.3265625 0.19375 0.021875 0.025
1 0.3046875 0.340625 0.103125 0.3265625
0 0.303125 0.20625 0.0390625 0.05
1 0.1890625 0.3 0.0578125 0.2046875
0 0.190625 0.215625 0.025 0.028125
1 0.13125 0.340625 0.121875 0.3625
0 0.14375 0.1875 0.040625 0.05
1 0.096875 0.2421875 0.028125 0.0765625
0 0.1 0.209375 0.009375 0.009375
1 0.071875 0.26875 0.053125 0.16875
0 0.06875 0.196875 0.01875 0.0203125
1 0.046875 0.2328125 0.0171875 0.059375
0 0.0484375 0.209375 0.0078125 0.009375
1 0.040625 0.2296875 0.01875 0.0625
0 0.0453125 0.20625 0.009375 0.0109375
1 0.0578125 0.3375 0.05 0.2875
0 0.0390625 0.2078125 0.0125 0.028125
1 0.096875 0.421875 0.1296875 0.546875
0 0.046875 0.1875 0.0296875 0.059375
1 0.784375 0.2640625 0.0421875 0.1625
0 0.7875 0.19375 0.0171875 0.015625