1 0.13125 0.51875 0.2421875 0.4296875
0 0.10625 0.334375 0.0515625 0.059375
1 0.2265625 0.525 0.2578125 0.44375
0 0.1796875 0.3390625 0.0609375 0.0640625
1 0.33125 0.5203125 0.275 0.4953125
0 0.2921875 0.309375 0.05625 0.0734375
1 0.4515625 0.528125 0.1390625 0.4125
0 0.471875 0.353125 0.0515625 0.059375
1 0.540625 0.5328125 0.153125 0.44375
0 0.5625 0.346875 0.0484375 0.0625
1 0.6203125 0.5203125 0.2828125 0.4953125
0 0.6609375 0.3140625 0.0734375 0.075
1 0.8 0.5296875 0.271875 0.4625
0 0.85 0.3375 0.0625 0.0703125
1 0.8921875 0.521875 0.2015625 0.415625
0 0.9046875 0.353125 0.05 0.0640625