1 0.1140625 0.6484375 0.225 0.421875
0 0.146875 0.48125 0.071875 0.084375
1 0.265625 0.640625 0.1671875 0.346875
0 0.2703125 0.5078125 0.0515625 0.0609375
1 0.321875 0.60625 0.2328125 0.4640625
0 0.2671875 0.415625 0.0625 0.08125
1 0.0875 0.509375 0.15 0.3421875
0 0.0921875 0.371875 0.05 0.05
1 0.034375 0.5265625 0.065625 0.1828125
0 0.0125 0.45625 0.0234375 0.0328125
1 0.1421875 0.4921875 0.125 0.278125
0 0.134375 0.3734375 0.040625 0.0390625
1 0.2578125 0.5015625 0.109375 0.3078125
0 0.2609375 0.3671875 0.0390625 0.0359375
1 0.2125 0.50625 0.1 0.25
0 0.2078125 0.3984375 0.0328125 0.0296875
1 0.2359375 0.4453125 0.071875 0.190625
0 0.2296875 0.3640625 0.0234375 0.028125
1 0.3140625 0.459375 0.075 0.2125
0 0.3171875 0.3734375 0.025 0.03125
1 0.3796875 0.4859375 0.0953125 0.278125
0 0.38125 0.371875 0.040625 0.0421875
1 0.625 0.4859375 0.0625 0.1921875
0 0.6328125 0.4046875 0.0265625 0.025
1 0.6953125 0.4359375 0.0390625 0.1125
0 0.6953125 0.390625 0.015625 0.015625
1 0.8078125 0.534375 0.140625 0.3875
0 0.8125 0.3734375 0.05 0.0546875
1 0.771875 0.45 0.0625 0.2015625
0 0.775 0.36875 0.0203125 0.025
1 0.7421875 0.425 0.04375 0.121875
0 0.740625 0.3796875 0.015625 0.015625
1 0.565625 0.4609375 0.0546875 0.175
0 0.5671875 0.3875 0.0203125 0.0234375
1 0.459375 0.45625 0.0625 0.1796875
0 0.4625 0.384375 0.025 0.0296875
1 0.415625 0.4625 0.06875 0.1890625
0 0.425 0.3828125 0.0265625 0.025
1 0.4140625 0.4421875 0.0515625 0.14375
0 0.4109375 0.3828125 0.01875 0.0234375
1 0.49375 0.4578125 0.0671875 0.1921875
0 0.4921875 0.375 0.021875 0.021875
1 0.475 0.4421875 0.0484375 0.1390625
0 0.478125 0.384375 0.0140625 0.01875
1 0.509375 0.446875 0.05 0.134375
0 0.5171875 0.3890625 0.0140625 0.0171875
1 0.546875 0.440625 0.0375 0.1109375
0 0.54375 0.3921875 0.0109375 0.0109375
1 0.5296875 0.428125 0.0328125 0.090625
0 0.5328125 0.3875 0.009375 0.0078125
1 0.5796875 0.4359375 0.0375 0.1140625
0 0.5796875 0.390625 0.0125 0.015625
1 0.6015625 0.44375 0.040625 0.0765625
0 0.6015625 0.4125 0.0109375 0.0125
1 0.615625 0.440625 0.0453125 0.0703125
0 0.6140625 0.415625 0.0109375 0.0140625
1 0.64375 0.4484375 0.0359375 0.078125
0 0.646875 0.41875 0.0125 0.0140625
1 0.6125 0.4125 0.025 0.0515625
0 0.6125 0.3953125 0.0078125 0.0078125
1 0.6671875 0.409375 0.0203125 0.0578125
0 0.6671875 0.3875 0.0078125 0.009375
1 0.6734375 0.446875 0.0328125 0.08125
0 0.6734375 0.415625 0.009375 0.0140625
1 0.65 0.40625 0.028125 0.0703125
0 0.65 0.3765625 0.0078125 0.0078125
1 0.6625 0.43125 0.0203125 0.05
0 0.6640625 0.4109375 0.0078125 0.0078125
1 0.6921875 0.421875 0.0296875 0.071875
0 0.6875 0.3921875 0.009375 0.009375