1 0.1921875 0.6265625 0.015625 0.04375
0 0.1890625 0.609375 0.0046875 0.0046875
1 0.196875 0.625 0.0140625 0.0453125
0 0.1953125 0.60625 0.0046875 0.0046875
1 0.209375 0.6234375 0.0140625 0.046875
0 0.209375 0.603125 0.00625 0.00625
1 0.2078125 0.6234375 0.0109375 0.04375
0 0.20625 0.6046875 0.003125 0.0046875
1 0.2421875 0.615625 0.0171875 0.040625
0 0.2421875 0.5984375 0.0046875 0.0046875
1 0.2453125 0.61875 0.0140625 0.0328125
0 0.246875 0.6046875 0.003125 0.003125
1 0.2640625 0.6203125 0.01875 0.05
0 0.26875 0.6 0.0046875 0.0046875
1 0.2734375 0.6203125 0.0125 0.046875
0 0.2734375 0.6015625 0.0046875 0.00625
1 0.4625 0.6015625 0.0078125 0.034375
0 0.4640625 0.5859375 0.003125 0.003125
1 0.471875 0.603125 0.0140625 0.0421875
0 0.475 0.5875 0.0046875 0.00625
1 0.5984375 0.6015625 0.0140625 0.03125
0 0.6015625 0.5875 0.003125 0.003125
1 0.6484375 0.603125 0.0140625 0.0421875
0 0.646875 0.5859375 0.0046875 0.00625
1 0.6625 0.6046875 0.0140625 0.0421875
0 0.6609375 0.5875 0.00625 0.0078125
1 0.6875 0.615625 0.01875 0.05
0 0.6859375 0.5953125 0.00625 0.0078125
1 0.8 0.6078125 0.0109375 0.0375
0 0.7984375 0.5921875 0.0046875 0.0046875
1 0.8203125 0.6109375 0.015625 0.046875
0 0.8203125 0.59375 0.00625 0.0078125
1 0.8671875 0.6109375 0.0109375 0.0390625
0 0.86875 0.5953125 0.0046875 0.0046875
1 0.9328125 0.6203125 0.0125 0.028125
0 0.93125 0.609375 0.003125 0.003125
1 0.971875 0.653125 0.053125 0.1
0 0.959375 0.615625 0.0171875 0.01875
1 0.8796875 0.6390625 0.0359375 0.0921875
0 0.8765625 0.6 0.0125 0.0125
1 0.8390625 0.6421875 0.0375 0.096875
0 0.834375 0.6 0.009375 0.0125
1 0.79375 0.6421875 0.0359375 0.0984375
0 0.7859375 0.6 0.009375 0.0109375
1 0.7046875 0.6390625 0.0375 0.0953125
0 0.7 0.6015625 0.0125 0.0125
1 0.6671875 0.640625 0.034375 0.0921875
0 0.66875 0.6015625 0.00625 0.009375
1 0.496875 0.646875 0.0515625 0.1125
0 0.5015625 0.5984375 0.0125 0.0140625
1 0.290625 0.6671875 0.0828125 0.075
0 0.31875 0.6390625 0.015625 0.01875