1 0.2953125 0.6390625 0.2453125 0.3828125
0 0.3203125 0.5328125 0.09375 0.1125
1 0.5390625 0.6921875 0.21875 0.2765625
0 0.5390625 0.621875 0.084375 0.125
1 0.8203125 0.6875 0.353125 0.2859375
0 0.8984375 0.6296875 0.1390625 0.1671875
1 0.9453125 0.621875 0.103125 0.2859375
0 0.971875 0.5125 0.05 0.059375
1 0.934375 0.5703125 0.1265625 0.278125
0 0.9640625 0.4546875 0.0625 0.04375
1 0.734375 0.646875 0.309375 0.3671875
0 0.6859375 0.5203125 0.071875 0.0796875
1 0.575 0.5625 0.1265625 0.31875
0 0.5890625 0.434375 0.040625 0.0484375
1 0.5046875 0.5859375 0.134375 0.3390625
0 0.528125 0.453125 0.0484375 0.0671875
1 0.4734375 0.63125 0.1609375 0.3984375
0 0.5 0.48125 0.0640625 0.09375
1 0.421875 0.5515625 0.109375 0.31875
0 0.4265625 0.4171875 0.0421875 0.046875
1 0.33125 0.5578125 0.121875 0.2984375
0 0.34375 0.440625 0.0578125 0.0640625
1 0.20625 0.6109375 0.246875 0.440625
0 0.25625 0.434375 0.0671875 0.0828125
1 0.3828125 0.49375 0.0890625 0.2390625
0 0.3875 0.4 0.0296875 0.0390625
1 0.34375 0.48125 0.1046875 0.2640625
0 0.3390625 0.3796875 0.0375 0.0484375
1 0.2671875 0.48125 0.0875 0.259375
0 0.271875 0.378125 0.0375 0.04375
1 0.28125 0.390625 0.0640625 0.146875
0 0.284375 0.33125 0.0203125 0.025
1 0.2578125 0.378125 0.0546875 0.13125
0 0.265625 0.325 0.015625 0.015625
1 0.3140625 0.3953125 0.0640625 0.1421875
0 0.3125 0.3390625 0.01875 0.0234375
1 0.4390625 0.509375 0.0921875 0.2390625
0 0.4453125 0.409375 0.028125 0.0359375
1 0.4671875 0.4375 0.0640625 0.1515625
0 0.4703125 0.3765625 0.0203125 0.03125
1 0.46875 0.4296875 0.0671875 0.1671875
0 0.4703125 0.3578125 0.01875 0.0234375
1 0.4921875 0.434375 0.0765625 0.171875
0 0.4984375 0.3671875 0.025 0.0359375
1 0.5515625 0.4859375 0.084375 0.2
0 0.565625 0.4046875 0.0359375 0.0359375
1 0.5109375 0.459375 0.084375 0.1828125
0 0.5140625 0.390625 0.0265625 0.040625
1 0.5546875 0.415625 0.05 0.1109375
0 0.559375 0.3734375 0.0203125 0.0234375
1 0.575 0.365625 0.0203125 0.0515625
0 0.575 0.34375 0.0046875 0.0078125
1 0.5578125 0.3625 0.025 0.071875
0 0.5625 0.334375 0.0140625 0.0125
1 0.546875 0.375 0.0390625 0.0796875
0 0.5484375 0.3453125 0.0125 0.0171875