1 0.015625 0.43125 0.0265625 0.121875
0 0.0078125 0.3859375 0.0109375 0.025
1 0.05 0.4078125 0.04375 0.1359375
0 0.0390625 0.35 0.0171875 0.01875
1 0.0828125 0.41875 0.059375 0.1828125
0 0.0921875 0.34375 0.025 0.03125
1 0.0359375 0.55625 0.0671875 0.3015625
0 0.0109375 0.425 0.0171875 0.0375
1 0.1375 0.5953125 0.1421875 0.46875
0 0.14375 0.403125 0.0640625 0.078125
1 0.171875 0.5859375 0.1265625 0.4640625
0 0.171875 0.384375 0.0453125 0.05
1 0.371875 0.6125 0.1953125 0.4328125
0 0.3734375 0.4390625 0.0546875 0.06875
1 0.2484375 0.553125 0.24375 0.5515625
0 0.2390625 0.3296875 0.0640625 0.0953125
1 0.6921875 0.5734375 0.221875 0.5125
0 0.690625 0.3671875 0.0671875 0.0796875
1 0.475 0.45 0.0671875 0.18125
0 0.471875 0.38125 0.021875 0.028125
1 0.515625 0.4625 0.08125 0.265625
0 0.5171875 0.35 0.0328125 0.0390625
1 0.5421875 0.459375 0.0453125 0.1640625
0 0.5421875 0.3953125 0.025 0.028125
1 0.56875 0.434375 0.0390625 0.1140625
0 0.5671875 0.3921875 0.0203125 0.0234375
1 0.60625 0.4640625 0.0640625 0.1734375
0 0.5890625 0.4015625 0.025 0.03125
1 0.6515625 0.5203125 0.1171875 0.33125
0 0.66875 0.3875 0.0390625 0.04375
1 0.753125 0.5765625 0.09375 0.1734375
0 0.7609375 0.5125 0.0375 0.034375
1 0.771875 0.465625 0.0984375 0.3125
0 0.790625 0.3390625 0.0296875 0.040625
1 0.796875 0.5046875 0.1171875 0.33125
0 0.765625 0.3703125 0.04375 0.053125
1 0.8609375 0.5015625 0.1046875 0.2078125
0 0.8625 0.4171875 0.0359375 0.0375
1 0.9640625 0.4359375 0.05 0.075
0 0.978125 0.4078125 0.0140625 0.015625
1 0.7375 0.34375 0.0140625 0.034375
0 0.7375 0.3328125 0.0046875 0.0046875
1 0.89375 0.359375 0.015625 0.034375
0 0.8921875 0.35 0.0046875 0.0046875
1 0.9671875 0.3609375 0.021875 0.0171875
0 0.971875 0.35625 0.0046875 0.003125
1 0.6359375 0.35 0.009375 0.025
0 0.6359375 0.340625 0.0015625 0.003125
1 0.621875 0.35 0.009375 0.0234375
0 0.621875 0.340625 0.0015625 0.0015625
1 0.6109375 0.35 0.009375 0.025
0 0.6125 0.340625 0.0015625 0.003125
1 0.5953125 0.346875 0.009375 0.021875
0 0.59375 0.3390625 0.0015625 0.003125
1 0.575 0.35 0.009375 0.015625
0 0.5734375 0.3453125 0.0015625 0.003125
1 0.5671875 0.3484375 0.0125 0.025
0 0.56875 0.3390625 0.0046875 0.003125
1 0.1375 0.334375 0.009375 0.0203125
0 0.1375 0.328125 0.0015625 0.0015625