1 0.0421875 0.75625 0.0828125 0.14375
0 0.0578125 0.696875 0.021875 0.021875
1 0.1953125 0.74375 0.046875 0.109375
0 0.1921875 0.7015625 0.0171875 0.0171875
1 0.0578125 0.6890625 0.0359375 0.040625
0 0.0703125 0.671875 0.0046875 0.003125
1 0.078125 0.6828125 0.0234375 0.0359375
0 0.0828125 0.665625 0.0046875 0.0046875
1 0.3078125 0.684375 0.0171875 0.0375
0 0.3125 0.6671875 0.0046875 0.00625
1 0.3125 0.6828125 0.01875 0.0359375
0 0.3171875 0.66875 0.0046875 0.003125
1 0.3578125 0.6796875 0.009375 0.0265625
0 0.359375 0.66875 0.0015625 0.0015625
1 0.3703125 0.678125 0.009375 0.028125
0 0.371875 0.6671875 0.003125 0.003125
1 0.4078125 0.6828125 0.021875 0.053125
0 0.4140625 0.659375 0.00625 0.0046875
1 0.415625 0.6859375 0.0203125 0.0515625
0 0.421875 0.6640625 0.0046875 0.00625
1 0.4390625 0.6828125 0.0203125 0.0578125
0 0.4375 0.659375 0.0046875 0.00625
1 0.4484375 0.678125 0.0125 0.0375
0 0.446875 0.6640625 0.003125 0.003125
1 0.4296875 0.675 0.009375 0.021875
0 0.43125 0.665625 0.0015625 0.003125
1 0.4546875 0.6734375 0.0078125 0.01875
0 0.45625 0.665625 0.0015625 0.0015625
1 0.503125 0.6765625 0.009375 0.03125
0 0.5046875 0.6625 0.003125 0.003125
1 0.5265625 0.6921875 0.021875 0.075
0 0.528125 0.659375 0.00625 0.009375
1 0.5421875 0.6953125 0.025 0.0734375
0 0.540625 0.6640625 0.00625 0.0078125
1 0.590625 0.6859375 0.0265625 0.053125
0 0.5859375 0.6625 0.0046875 0.00625
1 0.553125 0.66875 0.009375 0.01875
0 0.5515625 0.6625 0.0015625 0.0015625
1 0.5609375 0.66875 0.0046875 0.015625
0 0.5625 0.6640625 0.0015625 0.0015625
1 0.6203125 0.6703125 0.00625 0.015625
0 0.6203125 0.6640625 0 0.0015625
1 0.6375 0.6734375 0.009375 0.0203125
0 0.6359375 0.66875 0.0015625 0.0015625
1 0.6484375 0.671875 0.0109375 0.021875
0 0.646875 0.665625 0.003125 0.003125
1 0.6609375 0.69375 0.028125 0.065625
0 0.6546875 0.6671875 0.0078125 0.0078125
1 0.8109375 0.7 0.05 0.08125
0 0.803125 0.6671875 0.0109375 0.0109375
1 0.95 0.7 0.0515625 0.09375
0 0.934375 0.6609375 0.0125 0.0109375
1 0.9046875 0.6984375 0.046875 0.084375
0 0.8953125 0.6640625 0.009375 0.009375
1 0.2375 0.74375 0.040625 0.0421875
0 0.2515625 0.7328125 0.0109375 0.009375