1 0.15 0.4953125 0.140625 0.4640625
0 0.15625 0.303125 0.0609375 0.0671875
1 0.128125 0.4078125 0.078125 0.24375
0 0.128125 0.3109375 0.025 0.0375
1 0.2484375 0.5140625 0.134375 0.278125
0 0.2390625 0.428125 0.0421875 0.05
1 0.3375 0.3875 0.08125 0.25
0 0.3359375 0.2859375 0.03125 0.034375
1 0.415625 0.478125 0.165625 0.5140625
0 0.4234375 0.2765625 0.053125 0.0734375
1 0.5703125 0.571875 0.14375 0.3
0 0.571875 0.471875 0.0484375 0.053125
1 0.6453125 0.4890625 0.15625 0.45
0 0.628125 0.3078125 0.0609375 0.06875
1 0.7078125 0.5375 0.1046875 0.303125
0 0.7125 0.4234375 0.0375 0.05
1 0.9109375 0.653125 0.1640625 0.3640625
0 0.9 0.5546875 0.071875 0.084375
1 0.88125 0.54375 0.23125 0.58125
0 0.934375 0.3078125 0.075 0.09375