1 0.109375 0.5984375 0.209375 0.390625
0 0.109375 0.4625 0.0859375 0.1109375
1 0.26875 0.5578125 0.184375 0.4703125
0 0.2734375 0.3828125 0.0703125 0.096875
1 0.3984375 0.5671875 0.1546875 0.44375
0 0.3984375 0.3921875 0.0609375 0.0921875
1 0.4109375 0.4328125 0.3125 0.3890625
0 0.440625 0.2921875 0.059375 0.0765625
1 0.509375 0.546875 0.328125 0.4703125
0 0.5078125 0.371875 0.0671875 0.0890625
1 0.61875 0.5875 0.165625 0.3796875
0 0.63125 0.45625 0.0703125 0.096875
1 0.784375 0.596875 0.2203125 0.39375
0 0.7703125 0.4546875 0.0703125 0.09375
1 0.846875 0.375 0.15 0.3421875
0 0.8625 0.225 0.0578125 0.040625
1 0.865625 0.3390625 0.2015625 0.26875
0 0.934375 0.215625 0.046875 0.0234375
1 0.7265625 0.296875 0.109375 0.184375
0 0.7125 0.2109375 0.0265625 0.0125
1 0.75625 0.2703125 0.0953125 0.1328125
0 0.740625 0.2109375 0.025 0.0140625