1 0.071875 0.78125 0.140625 0.1796875
0 0.04375 0.7515625 0.0640625 0.0765625
1 0.0765625 0.759375 0.0875 0.2265625
0 0.0609375 0.6640625 0.03125 0.0265625
1 0.23125 0.73125 0.21875 0.28125
0 0.2296875 0.7375 0.0828125 0.109375
1 0.2125 0.75625 0.1453125 0.2328125
0 0.2078125 0.68125 0.0625 0.0703125
1 0.1796875 0.70625 0.0875 0.1921875
0 0.196875 0.6296875 0.028125 0.03125
1 0.2546875 0.7515625 0.08125 0.2265625
0 0.2484375 0.6640625 0.0359375 0.040625
1 0.2921875 0.709375 0.059375 0.184375
0 0.29375 0.6359375 0.03125 0.0359375
1 0.3125 0.7265625 0.071875 0.196875
0 0.3046875 0.6546875 0.0296875 0.0328125
1 0.36875 0.7671875 0.1734375 0.2109375
0 0.359375 0.7203125 0.0671875 0.0828125
1 0.3796875 0.753125 0.0875 0.2390625
0 0.3828125 0.6671875 0.059375 0.059375
1 0.440625 0.7546875 0.109375 0.2359375
0 0.4265625 0.66875 0.0421875 0.0609375
1 0.321875 0.6453125 0.034375 0.09375
0 0.321875 0.6078125 0.0171875 0.0171875
1 0.33125 0.6625 0.034375 0.0921875
0 0.3296875 0.6265625 0.0171875 0.0171875
1 0.35625 0.671875 0.0578125 0.1359375
0 0.3625 0.615625 0.021875 0.0234375
1 0.3875 0.696875 0.0640625 0.1765625
0 0.3953125 0.6265625 0.0296875 0.034375
1 0.45 0.7328125 0.0421875 0.1640625
0 0.453125 0.6640625 0.021875 0.0203125
1 0.471875 0.734375 0.0640625 0.2203125
0 0.4671875 0.64375 0.0296875 0.0328125
1 0.45 0.6734375 0.034375 0.109375
0 0.4515625 0.63125 0.0140625 0.0171875
1 0.4625 0.6375 0.03125 0.1046875
0 0.46875 0.596875 0.0171875 0.0203125
1 0.53125 0.7046875 0.0796875 0.2
0 0.5265625 0.6203125 0.021875 0.0234375
1 0.5390625 0.6703125 0.05 0.140625
0 0.5375 0.615625 0.021875 0.021875
1 0.5546875 0.6671875 0.0453125 0.1375
0 0.5546875 0.6125 0.015625 0.015625
1 0.571875 0.6625 0.0484375 0.1390625
0 0.571875 0.60625 0.0140625 0.01875
1 0.60625 0.671875 0.0546875 0.1515625
0 0.6078125 0.60625 0.0171875 0.0171875
1 0.6375 0.6609375 0.0484375 0.140625
0 0.63125 0.603125 0.0140625 0.0171875
1 0.6625 0.6484375 0.034375 0.109375
0 0.6609375 0.6015625 0.0140625 0.015625
1 0.6765625 0.6625 0.034375 0.134375
0 0.6828125 0.6078125 0.015625 0.0171875
1 0.7125 0.671875 0.046875 0.1375
0 0.709375 0.615625 0.015625 0.015625
1 0.703125 0.6671875 0.0421875 0.134375
0 0.7015625 0.6125 0.0171875 0.0203125
1 0.740625 0.6625 0.046875 0.1125
0 0.7359375 0.6171875 0.0171875 0.0171875
1 0.746875 0.64375 0.0390625 0.1015625
0 0.746875 0.603125 0.0140625 0.0171875
1 0.7796875 0.684375 0.0625 0.16875
0 0.79375 0.6140625 0.0234375 0.028125
1 0.709375 0.753125 0.109375 0.2390625
0 0.7296875 0.665625 0.0515625 0.059375
1 0.771875 0.7578125 0.121875 0.2265625
0 0.7640625 0.6765625 0.046875 0.053125
1 0.825 0.75 0.08125 0.2453125
0 0.8125 0.64375 0.0296875 0.034375
1 0.884375 0.734375 0.071875 0.2109375
0 0.875 0.646875 0.0234375 0.0296875
1 0.8484375 0.6875 0.0484375 0.165625
0 0.846875 0.621875 0.025 0.028125
1 0.9125 0.7125 0.0875 0.215625
0 0.8875 0.625 0.025 0.028125
1 0.9421875 0.7 0.0640625 0.2015625
0 0.9375 0.621875 0.0203125 0.021875
1 0.9796875 0.721875 0.0328125 0.234375
0 0.98125 0.628125 0.03125 0.0359375