1 0.65 0.54375 0.3453125 0.584375
0 0.7234375 0.315625 0.0765625 0.1046875
1 0.325 0.5453125 0.390625 0.5984375
0 0.253125 0.3046875 0.084375 0.10625
1 0.5875 0.45 0.23125 0.55
0 0.5640625 0.225 0.071875 0.0875
1 0.38125 0.4421875 0.259375 0.5421875
0 0.4609375 0.221875 0.0671875 0.0890625
1 0.85 0.465625 0.2921875 0.5015625
0 0.884375 0.2765625 0.0609375 0.0796875
1 0.884375 0.415625 0.2234375 0.40625
0 0 0.109375 0 0
1 0.1828125 0.503125 0.3546875 0.4953125
0 0.103125 0.3015625 0.0765625 0.0890625
1 0.109375 0.4359375 0.2140625 0.434375
0 0.034375 0.2609375 0.06875 0.0765625