1 0.8375 0.7875 0.084375 0.1828125
0 0.8453125 0.709375 0.0234375 0.025
1 0.8296875 0.7796875 0.0734375 0.1703125
0 0.8359375 0.7078125 0.01875 0.0203125
1 0.7546875 0.7953125 0.0359375 0.0734375
0 0.753125 0.765625 0.0140625 0.0125
1 0.7046875 0.7625 0.0625 0.1359375
0 0.7046875 0.70625 0.0171875 0.0171875
1 0.40625 0.790625 0.075 0.20625
0 0.4078125 0.703125 0.025 0.025
1 0.48125 0.746875 0.0265625 0.0984375
0 0.4796875 0.70625 0.0109375 0.015625
1 0.5203125 0.74375 0.0296875 0.084375
0 0.521875 0.7078125 0.0109375 0.0125
1 0.5484375 0.73125 0.015625 0.046875
0 0.5484375 0.7125 0.0046875 0.0078125
1 0.5546875 0.725 0.009375 0.03125
0 0.5546875 0.7109375 0.003125 0.003125
1 0.5421875 0.7234375 0.0109375 0.03125
0 0.5421875 0.7109375 0.003125 0.0046875
1 0.5078125 0.7265625 0.0109375 0.03125
0 0.509375 0.7140625 0.003125 0.0046875
1 0.503125 0.721875 0.00625 0.021875
0 0.503125 0.7140625 0.003125 0.003125
1 0.4640625 0.721875 0.0109375 0.028125
0 0.4625 0.7109375 0.003125 0.003125
1 0.365625 0.7421875 0.025 0.08125
0 0.36875 0.7078125 0.009375 0.0109375
1 0.3484375 0.7390625 0.0265625 0.0765625
0 0.3515625 0.70625 0.0078125 0.009375
1 0.41875 0.7375 0.025 0.0796875
0 0.421875 0.7046875 0.009375 0.009375
1 0.621875 0.73125 0.015625 0.0484375
0 0.621875 0.7109375 0.00625 0.0078125
1 0.6 0.725 0.0109375 0.0359375
0 0.6 0.7109375 0.003125 0.0046875