1 0.296875 0.575 0.190625 0.4671875
0 0.30625 0.3859375 0.0734375 0.0828125
1 0.5296875 0.65 0.203125 0.359375
0 0.5546875 0.528125 0.0703125 0.0859375
1 0.74375 0.5046875 0.153125 0.353125
0 0.7484375 0.3984375 0.0734375 0.0765625
1 0.8578125 0.5796875 0.2359375 0.5
0 0.846875 0.3765625 0.0859375 0.109375
1 0.6921875 0.578125 0.253125 0.5015625
0 0.6625 0.3609375 0.0765625 0.0984375
1 0.5078125 0.5546875 0.3078125 0.55
0 0.534375 0.3359375 0.0734375 0.096875
1 0.4484375 0.5984375 0.209375 0.4625
0 0.4640625 0.421875 0.0734375 0.0875
1 0.2 0.578125 0.3390625 0.5015625
0 0.234375 0.34375 0.09375 0.1234375