1 0.8921875 0.6265625 0.1875 0.4046875
0 0.8921875 0.4671875 0.075 0.084375
1 0.803125 0.653125 0.121875 0.3484375
0 0.796875 0.5171875 0.059375 0.0671875
1 0.753125 0.6546875 0.1015625 0.3484375
0 0.753125 0.5125 0.0515625 0.0640625
1 0.690625 0.6484375 0.1109375 0.359375
0 0.68125 0.4984375 0.0421875 0.0515625
1 0.503125 0.59375 0.3390625 0.4703125
0 0.43125 0.4796875 0.0640625 0.0796875
1 0.3671875 0.65625 0.1296875 0.34375
0 0.35 0.521875 0.0671875 0.0703125
1 0.1453125 0.6796875 0.2265625 0.296875
0 0.1203125 0.5734375 0.0765625 0.075
1 0.1875 0.65 0.1625 0.35625
0 0.1796875 0.515625 0.071875 0.0734375
1 0.0515625 0.659375 0.1015625 0.3375
0 0.025 0.525 0.0484375 0.0671875
1 0.2515625 0.6234375 0.0890625 0.3296875
0 0.23125 0.4859375 0.0390625 0.046875
1 0.2984375 0.603125 0.0671875 0.2734375
0 0.290625 0.4921875 0.0390625 0.04375
1 0.5921875 0.64375 0.109375 0.3703125
0 0.5921875 0.515625 0.040625 0.040625
1 0.753125 0.64375 0.1171875 0.3671875
0 0.746875 0.4953125 0.0453125 0.05625
1 0.9609375 0.6296875 0.071875 0.3953125
0 0.9828125 0.478125 0.0296875 0.0703125
1 0.6421875 0.6359375 0.0875 0.371875
0 0.6421875 0.503125 0.040625 0.040625
1 0.953125 0.5890625 0.0890625 0.3234375
0 0.965625 0.459375 0.0359375 0.04375