1 0.20625 0.7375 0.028125 0.1203125
0 0.203125 0.6859375 0.0140625 0.015625
1 0.1453125 0.7296875 0.025 0.10625
0 0.1453125 0.6859375 0.0125 0.015625
1 0.1171875 0.75 0.05 0.1078125
0 0.1171875 0.7046875 0.0140625 0.015625
1 0.0234375 0.715625 0.034375 0.0765625
0 0.0203125 0.6875 0.0109375 0.0125
1 0.1390625 0.728125 0.0203125 0.08125
0 0.140625 0.696875 0.009375 0.0125
1 0.7203125 0.678125 0.021875 0.0828125
0 0.721875 0.646875 0.0109375 0.0140625
1 0.740625 0.66875 0.0265625 0.08125
0 0.7484375 0.634375 0.0109375 0.0125
1 0.7640625 0.6671875 0.0359375 0.075
0 0.7671875 0.6375 0.009375 0.0125
1 0.934375 0.4796875 0.0078125 0.01875
0 0.9359375 0.471875 0.003125 0.003125
1 0.91875 0.4734375 0.009375 0.0265625
0 0.9203125 0.4640625 0.003125 0.003125
1 0.9203125 0.478125 0.00625 0.015625
0 0.921875 0.4734375 0.0015625 0.003125
1 0.90625 0.471875 0.0125 0.0265625
0 0.9078125 0.4625 0.0046875 0.0046875
1 0.9875 0.434375 0.00625 0.0140625
0 0.9875 0.43125 0.0015625 0.0015625
1 0.7640625 0.4734375 0.0078125 0.028125
0 0.7640625 0.4609375 0.003125 0.003125
1 0.7375 0.471875 0.0125 0.0296875
0 0.7359375 0.459375 0.003125 0.003125
1 0.728125 0.46875 0.0078125 0.03125
0 0.7296875 0.45625 0.003125 0.0046875
1 0.6890625 0.44375 0.0078125 0.0171875
0 0.6890625 0.4375 0.003125 0.003125
1 0.6703125 0.4421875 0.00625 0.0203125
0 0.671875 0.434375 0.003125 0.0015625
1 0.625 0.490625 0.015625 0.028125
0 0.625 0.4796875 0.0046875 0.0046875
1 0.5859375 0.4875 0.015625 0.0375
0 0.5859375 0.471875 0.0046875 0.0046875
1 0.171875 0.5015625 0.025 0.01875
0 0.1796875 0.4953125 0.0046875 0.0046875