1 0.1234375 0.44375 0.1171875 0.2125
0 0.1125 0.39375 0.021875 0.025
1 0.1875 0.484375 0.08125 0.2125
0 0.1921875 0.396875 0.028125 0.03125
1 0.1609375 0.521875 0.08125 0.2328125
0 0.1671875 0.4265625 0.028125 0.0375
1 0.2609375 0.4625 0.084375 0.19375
0 0.2734375 0.3921875 0.0234375 0.025
1 0.325 0.45 0.05625 0.15625
0 0.3203125 0.3890625 0.01875 0.021875
1 0.3390625 0.4984375 0.071875 0.1765625
0 0.3296875 0.4296875 0.025 0.03125
1 0.3734375 0.4640625 0.115625 0.221875
0 0.359375 0.4125 0.025 0.0296875
1 0.3703125 0.440625 0.075 0.225
0 0.3609375 0.384375 0.0296875 0.03125
1 0.265625 0.484375 0.1078125 0.2328125
0 0.271875 0.425 0.03125 0.040625
1 0.1046875 0.621875 0.1046875 0.2828125
0 0.1234375 0.5046875 0.03125 0.0390625
1 0.171875 0.63125 0.1078125 0.2515625
0 0.171875 0.528125 0.03125 0.0359375
1 0.1875 0.5703125 0.0734375 0.2078125
0 0.196875 0.484375 0.0265625 0.0328125
1 0.253125 0.5625 0.075 0.2203125
0 0.253125 0.475 0.0265625 0.0375
1 0.30625 0.575 0.0828125 0.2375
0 0.3078125 0.478125 0.0296875 0.034375
1 0.346875 0.553125 0.078125 0.2375
0 0.3421875 0.459375 0.025 0.0375
1 0.38125 0.6 0.078125 0.271875
0 0.38125 0.4890625 0.0265625 0.0375
1 0.4140625 0.4453125 0.071875 0.221875
0 0.4140625 0.3765625 0.0265625 0.028125
1 0.421875 0.49375 0.078125 0.2
0 0.425 0.4125 0.025 0.0296875
1 0.415625 0.5078125 0.15625 0.278125
0 0.4078125 0.428125 0.0296875 0.034375
1 0.459375 0.4359375 0.0625 0.1578125
0 0.46875 0.3734375 0.0234375 0.0265625
1 0.4875 0.453125 0.075 0.2375
0 0.4921875 0.4 0.025 0.028125
1 0.503125 0.484375 0.08125 0.21875
0 0.5171875 0.40625 0.025 0.03125
1 0.4625 0.5421875 0.078125 0.240625
0 0.4703125 0.4453125 0.03125 0.0375
1 0.4625 0.590625 0.103125 0.278125
0 0.4609375 0.475 0.03125 0.040625
1 0.5171875 0.6 0.078125 0.2703125
0 0.5109375 0.4875 0.03125 0.040625
1 0.55 0.58125 0.084375 0.278125
0 0.5515625 0.4671875 0.03125 0.040625
1 0.5328125 0.553125 0.0671875 0.221875
0 0.53125 0.459375 0.025 0.0296875
1 0.590625 0.56875 0.0734375 0.2359375
0 0.5828125 0.475 0.028125 0.0375
1 0.5546875 0.4671875 0.05625 0.2
0 0.553125 0.4140625 0.025 0.028125
1 0.5390625 0.428125 0.0609375 0.15625
0 0.5375 0.3671875 0.021875 0.028125
1 0.5953125 0.48125 0.1 0.2546875
0 0.5921875 0.415625 0.0296875 0.034375
1 0.6265625 0.4953125 0.090625 0.228125
0 0.628125 0.4328125 0.028125 0.0359375
1 0.615625 0.459375 0.084375 0.2171875
0 0.625 0.403125 0.021875 0.0296875
1 0.68125 0.465625 0.06875 0.1796875
0 0.675 0.3921875 0.025 0.028125
1 0.7046875 0.5015625 0.075 0.19375
0 0.6984375 0.425 0.028125 0.034375
1 0.70625 0.5453125 0.09375 0.2421875
0 0.70625 0.4484375 0.028125 0.040625
1 0.6625 0.59375 0.0953125 0.275
0 0.65 0.4765625 0.0296875 0.0375
1 0.7515625 0.60625 0.140625 0.3125
0 0.725 0.471875 0.03125 0.0390625
1 0.7546875 0.425 0.15625 0.203125
0 0.746875 0.371875 0.025 0.028125
1 0.75625 0.496875 0.071875 0.190625
0 0.7515625 0.4203125 0.0234375 0.034375
1 0.8265625 0.4734375 0.1390625 0.171875
0 0.803125 0.409375 0.025 0.0265625
1 0.8390625 0.5015625 0.0734375 0.221875
0 0.83125 0.409375 0.0265625 0.034375
1 0.8046875 0.5234375 0.11875 0.215625
0 0.79375 0.4359375 0.03125 0.0375
1 0.8359375 0.5515625 0.1109375 0.25
0 0.8171875 0.4484375 0.0328125 0.034375
1 0.8015625 0.6015625 0.078125 0.259375
0 0.7953125 0.490625 0.0234375 0.03125
1 0.95625 0.546875 0.08125 0.13125
0 0.9390625 0.4984375 0.0234375 0.028125
1 0.0953125 0.696875 0.190625 0.2046875
0 0.146875 0.6171875 0.0359375 0.0421875
1 0.228125 0.721875 0.1125 0.24375
0 0.2375 0.628125 0.0390625 0.0515625
1 0.2875 0.7609375 0.140625 0.2390625
0 0.309375 0.665625 0.03125 0.0421875
1 0.271875 0.6453125 0.1015625 0.2265625
0 0.2984375 0.5546875 0.0359375 0.0421875
1 0.3625 0.6328125 0.0875 0.2640625
0 0.3640625 0.5265625 0.03125 0.0453125
1 0.43125 0.690625 0.0875 0.2171875
0 0.43125 0.6109375 0.034375 0.0453125
1 0.5015625 0.75625 0.10625 0.2375
0 0.5078125 0.6609375 0.034375 0.0453125
1 0.5921875 0.7609375 0.09375 0.2328125
0 0.596875 0.6703125 0.0375 0.0453125
1 0.69375 0.7609375 0.103125 0.234375
0 0.6921875 0.6703125 0.0375 0.0453125
1 0.9125 0.7171875 0.16875 0.29375
0 0.853125 0.6390625 0.0375 0.0515625
1 0.7359375 0.5296875 0.078125 0.2203125
0 0.7359375 0.4375 0.0234375 0.028125
1 0.6203125 0.603125 0.121875 0.26875
0 0.6125 0.4890625 0.0265625 0.0390625
1 0.7234375 0.621875 0.09375 0.259375
0 0.7203125 0.5203125 0.0375 0.0453125