1 0.4546875 0.803125 0.10625 0.284375
0 0.4578125 0.68125 0.03125 0.040625
1 0.5453125 0.809375 0.1171875 0.2765625
0 0.54375 0.690625 0.03125 0.0375
1 0.5921875 0.76875 0.0625 0.175
0 0.5890625 0.7 0.0171875 0.0234375
1 0.5640625 0.7046875 0.01875 0.078125
0 0.5640625 0.671875 0.009375 0.0109375
1 0.628125 0.6984375 0.0140625 0.046875
0 0.628125 0.678125 0.0046875 0.0046875
1 0.6359375 0.7265625 0.040625 0.1125
0 0.6390625 0.6796875 0.0140625 0.0171875
1 0.6515625 0.7234375 0.025 0.0953125
0 0.65 0.6828125 0.0109375 0.0125
1 0.6609375 0.71875 0.01875 0.08125
0 0.6609375 0.684375 0.009375 0.0125
1 0.675 0.728125 0.0375 0.109375
0 0.6765625 0.6828125 0.0109375 0.0140625
1 0.734375 0.7375 0.040625 0.11875
0 0.7375 0.6859375 0.0125 0.015625
1 0.70625 0.721875 0.0265625 0.08125
0 0.7078125 0.690625 0.009375 0.0125
1 0.1984375 0.7046875 0.0203125 0.0765625
0 0.19375 0.6734375 0.0125 0.0109375
1 0.221875 0.6953125 0.021875 0.0515625
0 0.225 0.6796875 0.0078125 0.0109375
1 0.240625 0.69375 0.015625 0.046875
0 0.240625 0.6765625 0.009375 0.0109375
1 0.246875 0.6890625 0.01875 0.0515625
0 0.246875 0.6703125 0.00625 0.0078125
1 0.265625 0.6875 0.015625 0.05
0 0.26875 0.6671875 0.00625 0.0078125
1 0.278125 0.6859375 0.0203125 0.0484375
0 0.2765625 0.6671875 0.0078125 0.0078125
1 0.2921875 0.690625 0.0203125 0.05
0 0.29375 0.671875 0.0078125 0.009375
1 0.30625 0.6859375 0.0171875 0.0546875
0 0.3046875 0.6640625 0.0078125 0.0078125
1 0.3109375 0.6890625 0.0203125 0.0515625
0 0.3140625 0.66875 0.00625 0.009375
1 0.3171875 0.690625 0.0234375 0.0515625
0 0.325 0.6703125 0.0078125 0.0078125
1 0.328125 0.690625 0.015625 0.05
0 0.3328125 0.671875 0.00625 0.0078125
1 0.340625 0.6890625 0.0140625 0.040625
0 0.340625 0.6734375 0.00625 0.00625
1 0.3484375 0.69375 0.0203125 0.046875
0 0.3453125 0.6765625 0.0078125 0.009375
1 0.3671875 0.69375 0.021875 0.0546875
0 0.3671875 0.6703125 0.00625 0.009375