1 0.86875 0.528125 0.2578125 0.6453125
0 0.9375 0.2046875 0.1234375 0.1171875
1 0.834375 0.4890625 0.2 0.4984375
0 0.89375 0.284375 0.0484375 0.0734375
1 0.675 0.503125 0.240625 0.696875
0 0.7125 0.2015625 0.0765625 0.1
1 0.471875 0.36875 0.125 0.3265625
0 0.503125 0.225 0.0328125 0.0390625
1 0.446875 0.3609375 0.0734375 0.2421875
0 0.4625 0.25625 0.025 0.028125
1 0.328125 0.478125 0.3125 0.6625
0 0.3296875 0.1671875 0.0734375 0.0390625
1 0.29375 0.41875 0.146875 0.459375
0 0.28125 0.225 0.05 0.0578125
1 0.215625 0.3421875 0.0921875 0.3484375
0 0.228125 0.1984375 0.034375 0.053125
1 0.1765625 0.3578125 0.115625 0.365625
0 0.1984375 0.20625 0.046875 0.053125
1 0.0890625 0.4609375 0.178125 0.628125
0 0.1015625 0.1703125 0.078125 0.0453125