1 0.03984375 0.42109375 0.0796875 0.2359375
0 0.0375 0.3265625 0.025 0.025
1 0.1015625 0.4203125 0.0703125 0.2125
0 0.1078125 0.334375 0.0265625 0.0328125
1 0.1484375 0.4171875 0.1359375 0.28125
0 0.1703125 0.2984375 0.0359375 0.0359375
1 0.1953125 0.465625 0.1125 0.39375
0 0.2 0.3 0.0390625 0.053125
1 0.325 0.50625 0.2953125 0.625
0 0.3671875 0.2453125 0.0859375 0.090625
1 0.5046875 0.496875 0.2015625 0.6390625
0 0.5015625 0.2265625 0.0765625 0.0953125
1 0.6796875 0.509375 0.25 0.6203125
0 0.6484375 0.2515625 0.071875 0.090625
1 0.9375 0.475 0.1171875 0.35625
0 0.9375 0.3296875 0.04375 0.0484375