1 0.921875 0.459375 0.0640625 0.10625
0 0.915625 0.425 0.0109375 0.0109375
1 0.90625 0.465625 0.0328125 0.0890625
0 0.9109375 0.4265625 0.009375 0.009375
1 0.78125 0.475 0.0671875 0.146875
0 0.7828125 0.415625 0.0171875 0.0203125
1 0.6828125 0.4796875 0.0640625 0.1578125
0 0.6765625 0.4140625 0.0234375 0.021875
1 0.5828125 0.56875 0.1296875 0.4203125
0 0.5734375 0.3890625 0.0546875 0.0578125
1 0.4484375 0.465625 0.0390625 0.09375
0 0.45 0.428125 0.0125 0.0125
1 0.425 0.45625 0.0171875 0.0453125
0 0.425 0.4359375 0.0046875 0.0046875
1 0.3734375 0.475 0.0421875 0.1140625
0 0.3765625 0.4296875 0.0125 0.015625
1 0.334375 0.453125 0.0171875 0.0375
0 0.334375 0.4390625 0.0046875 0.0046875
1 0.2859375 0.45625 0.03125 0.06875
0 0.2859375 0.4296875 0.009375 0.009375
1 0.265625 0.459375 0.0203125 0.0625
0 0.2640625 0.4375 0.0078125 0.0078125
1 0.1421875 0.54375 0.1484375 0.3359375
0 0.15 0.415625 0.034375 0.040625
1 0.0484375 0.465625 0.0328125 0.075
0 0.0484375 0.4375 0.0125 0.0125
1 0.0828125 0.4625 0.0453125 0.09375
0 0.08125 0.425 0.0109375 0.0125