1 0.215625 0.4796875 0.2734375 0.6015625
0 0.2671875 0.2296875 0.06875 0.0953125
1 0.3 0.5921875 0.2078125 0.5
0 0.31875 0.39375 0.05625 0.0859375
1 0.3921875 0.4921875 0.2 0.584375
0 0.3796875 0.25625 0.0734375 0.1
1 0.5421875 0.4703125 0.19375 0.6109375
0 0.54375 0.225 0.0671875 0.0921875
1 0.7359375 0.5171875 0.240625 0.596875
0 0.6890625 0.2734375 0.071875 0.0953125
1 0.8109375 0.5046875 0.20625 0.6890625
0 0.8109375 0.225 0.08125 0.1140625
1 0.609375 0.5890625 0.21875 0.5078125
0 0.6265625 0.3828125 0.0671875 0.084375
1 0.46875 0.59375 0.190625 0.5140625
0 0.453125 0.384375 0.065625 0.090625