1 0.753125 0.5328125 0.15 0.315625
0 0.7578125 0.403125 0.0390625 0.05
1 0.7265625 0.5546875 0.109375 0.3328125
0 0.71875 0.4171875 0.0375 0.0453125
1 0.5859375 0.5921875 0.1625 0.3796875
0 0.6203125 0.434375 0.0390625 0.05
1 0.6453125 0.5453125 0.090625 0.334375
0 0.65 0.4046875 0.0390625 0.0515625
1 0.609375 0.5328125 0.078125 0.3203125
0 0.6078125 0.4 0.0375 0.04375
1 0.5609375 0.5640625 0.1 0.3515625
0 0.5625 0.421875 0.0375 0.0453125
1 0.5234375 0.5484375 0.090625 0.334375
0 0.525 0.40625 0.0359375 0.0453125
1 0.4546875 0.5296875 0.115625 0.3984375
0 0.4609375 0.3640625 0.0390625 0.0546875
1 0.4140625 0.565625 0.128125 0.3984375
0 0.4140625 0.403125 0.040625 0.0546875
1 0.309375 0.615625 0.1625 0.4125
0 0.33125 0.4453125 0.0484375 0.0625
1 0.2078125 0.6390625 0.228125 0.409375
0 0.2796875 0.4640625 0.046875 0.0515625
1 0.2546875 0.5734375 0.14375 0.384375
0 0.2578125 0.4125 0.04375 0.0515625
1 0.30625 0.5640625 0.1046875 0.3953125
0 0.3140625 0.3984375 0.0453125 0.05625
1 0.36875 0.5453125 0.09375 0.3671875
0 0.36875 0.3921875 0.040625 0.040625
1 0.05625 0.4359375 0.034375 0.084375
0 0.0546875 0.4 0.0109375 0.0109375