1 0.025 0.6671875 0.0453125 0.2640625
0 0.009375 0.5546875 0.015625 0.0359375
1 0.0890625 0.675 0.0890625 0.2640625
0 0.0984375 0.559375 0.0296875 0.03125
1 0.0546875 0.6125 0.0390625 0.1265625
0 0.053125 0.559375 0.0140625 0.015625
1 0.1171875 0.603125 0.0390625 0.109375
0 0.1203125 0.55625 0.0109375 0.0125
1 0.146875 0.6015625 0.0375 0.10625
0 0.153125 0.55625 0.0109375 0.0125
1 0.16875 0.6015625 0.040625 0.1015625
0 0.171875 0.559375 0.0109375 0.0125
1 0.2 0.603125 0.0375 0.096875
0 0.2015625 0.5625 0.0109375 0.0109375
1 0.2375 0.58125 0.03125 0.0984375
0 0.23125 0.540625 0.0140625 0.0125
1 0.2171875 0.5828125 0.025 0.0859375
0 0.2171875 0.5453125 0.009375 0.009375
1 0.9890625 0.5515625 0.015625 0.06875
0 0.9890625 0.521875 0.009375 0.009375
1 0.953125 0.5453125 0.0265625 0.078125
0 0.95625 0.5125 0.0078125 0.0078125
1 0.96875 0.5484375 0.01875 0.071875
0 0.9671875 0.5203125 0.009375 0.009375
1 0.975 0.5484375 0.0203125 0.065625
0 0.975 0.521875 0.009375 0.009375
1 0.9125 0.553125 0.021875 0.0640625
0 0.9109375 0.528125 0.0078125 0.0078125
1 0.903125 0.553125 0.0203125 0.065625
0 0.9046875 0.5265625 0.009375 0.009375
1 0.8890625 0.553125 0.0375 0.071875
0 0.88125 0.5265625 0.0078125 0.009375
1 0.8265625 0.559375 0.034375 0.0640625
0 0.8328125 0.5296875 0.009375 0.009375
1 0.765625 0.565625 0.021875 0.053125
0 0.76875 0.5453125 0.00625 0.009375
1 0.7453125 0.5671875 0.01875 0.053125
0 0.7453125 0.54375 0.00625 0.0078125
1 0.725 0.5734375 0.0203125 0.0421875
0 0.7265625 0.5578125 0.00625 0.00625
1 0.684375 0.571875 0.01875 0.0453125
0 0.6828125 0.5546875 0.00625 0.0046875
1 0.659375 0.571875 0.01875 0.0453125
0 0.6609375 0.5546875 0.00625 0.00625
1 0.64375 0.5734375 0.01875 0.0421875
0 0.6453125 0.55625 0.0046875 0.0046875
1 0.609375 0.5640625 0.009375 0.028125
0 0.609375 0.5546875 0.003125 0.003125
1 0.94375 0.55 0.01875 0.071875
0 0.9484375 0.51875 0.0078125 0.009375