1 0.209375 0.440625 0.0171875 0.0328125
0 0.2125 0.4296875 0.00625 0.00625
1 0.63125 0.4984375 0.0078125 0.0140625
0 0.63125 0.4984375 0.0078125 0.0140625
1 0.7390625 0.50625 0.009375 0.0203125
0 0.740625 0.5 0.003125 0.003125
1 0.9734375 0.521875 0.0296875 0.0515625
0 0.975 0.5 0.00625 0.00625
1 0.425 0.6234375 0.0953125 0.2546875
0 0.44375 0.5171875 0.03125 0.0359375
1 0.5203125 0.6078125 0.0953125 0.2453125
0 0.515625 0.5046875 0.0265625 0.034375
1 0.68125 0.603125 0.08125 0.2265625
0 0.6859375 0.50625 0.025 0.03125
1 0.7390625 0.6203125 0.059375 0.2109375
0 0.7375 0.53125 0.021875 0.03125
1 0.69375 0.640625 0.071875 0.240625
0 0.703125 0.54375 0.0296875 0.0421875
1 0.8671875 0.646875 0.13125 0.29375
0 0.86875 0.5234375 0.0359375 0.0390625