1 0.80625 0.5046875 0.09375 0.61875
0 0.8359375 0.2390625 0.0359375 0.075
1 0.7453125 0.5875 0.215625 0.6265625
0 0.775 0.3375 0.0734375 0.10625
1 0.48125 0.5671875 0.225 0.659375
0 0.46875 0.284375 0.0703125 0.0828125
1 0.2 0.5484375 0.1125 0.678125
0 0.1546875 0.2578125 0.0234375 0.09375
1 0.50625 0.4859375 0.1140625 0.4640625
0 0.5 0.2921875 0.0484375 0.059375
1 0.4140625 0.528125 0.1484375 0.5203125
0 0.403125 0.3078125 0.0578125 0.0671875
1 0.31875 0.503125 0.1390625 0.45625
0 0.3203125 0.3109375 0.0453125 0.0609375
1 0.2375 0.534375 0.1875 0.525
0 0.21875 0.3203125 0.05625 0.0640625
1 0.3703125 0.4421875 0.1171875 0.3765625
0 0.371875 0.284375 0.0375 0.05