1 0.1625 0.5984375 0.3140625 0.49375
0 0.2421875 0.353125 0.1140625 0.1328125
1 0.334375 0.58125 0.3875 0.528125
0 0.390625 0.3203125 0.10625 0.1359375
1 0.571875 0.5859375 0.315625 0.5171875
0 0.603125 0.3484375 0.09375 0.1234375
1 0.828125 0.575 0.325 0.540625
0 0.7640625 0.3140625 0.096875 0.1296875
1 0.959375 0.546875 0.075 0.4796875
0 0.9828125 0.34375 0.028125 0.0703125
1 0.884375 0.55625 0.13125 0.4671875
0 0.90625 0.3578125 0.0515625 0.0625
1 0.13125 0.4890625 0.146875 0.46875
0 0.1484375 0.2953125 0.053125 0.0609375
1 0.071875 0.4921875 0.11875 0.3703125
0 0.06875 0.3421875 0.05625 0.05625