1 0.8515625 0.603125 0.2515625 0.4515625
0 0.853125 0.35625 0.1140625 0.1390625
1 0.6984375 0.6046875 0.196875 0.45
0 0.6984375 0.365625 0.109375 0.146875
1 0.45625 0.6109375 0.375 0.4375
0 0.5484375 0.3734375 0.096875 0.134375
1 0.3578125 0.6109375 0.24375 0.4359375
0 0.3546875 0.365625 0.11875 0.159375
1 0.1609375 0.6171875 0.290625 0.425
0 0.1953125 0.3671875 0.125 0.159375
1 0.609375 0.5171875 0.121875 0.44375
0 0.6109375 0.3359375 0.046875 0.0625
1 0.50625 0.5546875 0.1390625 0.55
0 0.4875 0.346875 0.084375 0.0890625