1 0.2703125 0.8390625 0.146875 0.3140625
0 0.284375 0.7171875 0.0375 0.0484375
1 0.6390625 0.821875 0.1171875 0.3296875
0 0.634375 0.6796875 0.0359375 0.0375
1 0.61875 0.8046875 0.1328125 0.321875
0 0.6078125 0.6703125 0.0359375 0.040625
1 0.6109375 0.6421875 0.0515625 0.1328125
0 0.60625 0.5859375 0.015625 0.0140625
1 0.6484375 0.6421875 0.053125 0.1125
0 0.6453125 0.5953125 0.0140625 0.0125
1 0.6890625 0.64375 0.0375 0.1125
0 0.6859375 0.596875 0.0140625 0.015625
1 0.5171875 0.5859375 0.0421875 0.1046875
0 0.5140625 0.5484375 0.009375 0.0140625
1 0.5828125 0.575 0.025 0.075
0 0.5875 0.54375 0.009375 0.0078125
1 0.6078125 0.565625 0.0375 0.08125
0 0.609375 0.5359375 0.009375 0.0078125
1 0.575 0.5765625 0.0234375 0.0578125
0 0.5734375 0.553125 0.00625 0.0078125
1 0.4859375 0.596875 0.0265625 0.05625
0 0.4859375 0.575 0.0078125 0.0078125