1 0.9234375 0.653125 0.146875 0.3234375
0 0.971875 0.5265625 0.05 0.0546875
1 0.796875 0.584375 0.13125 0.2640625
0 0.80625 0.475 0.0328125 0.0375
1 0.43125 0.678125 0.1375 0.3
0 0.4140625 0.565625 0.05 0.0671875
1 0.58125 0.6546875 0.1546875 0.346875
0 0.58125 0.51875 0.05625 0.0640625
1 0.6484375 0.6375 0.165625 0.3796875
0 0.64375 0.4828125 0.0515625 0.0671875
1 0.6890625 0.4359375 0.059375 0.121875
0 0.6859375 0.3859375 0.015625 0.0171875
1 0.7 0.515625 0.0546875 0.1421875
0 0.7 0.459375 0.021875 0.021875
1 0.6765625 0.5328125 0.0625 0.16875
0 0.675 0.465625 0.021875 0.0265625
1 0.58125 0.4609375 0.0421875 0.1
0 0.5765625 0.428125 0.0140625 0.0171875
1 0.5515625 0.4796875 0.040625 0.1140625
0 0.553125 0.4328125 0.015625 0.0140625
1 0.5125 0.6015625 0.09375 0.2625
0 0.509375 0.4984375 0.034375 0.0453125
1 0.4421875 0.6125 0.0890625 0.23125
0 0.44375 0.51875 0.040625 0.0375
1 0.4734375 0.5078125 0.0625 0.1375
0 0.46875 0.4515625 0.0234375 0.0234375
1 0.484375 0.5 0.05625 0.1078125
0 0.484375 0.4546875 0.015625 0.0140625
1 0.484375 0.4796875 0.040625 0.1
0 0.4859375 0.4390625 0.015625 0.0171875
1 0.51875 0.490625 0.0515625 0.1265625
0 0.51875 0.4390625 0.01875 0.01875
1 0.5046875 0.4609375 0.034375 0.08125
0 0.5078125 0.4296875 0.009375 0.0109375
1 0.48125 0.4296875 0.0234375 0.0515625
0 0.4828125 0.4109375 0.00625 0.00625
1 0.365625 0.5046875 0.0484375 0.1265625
0 0.3671875 0.4515625 0.0140625 0.015625
1 0.38125 0.48125 0.03125 0.0875
0 0.38125 0.4453125 0.009375 0.009375
1 0.4 0.4703125 0.0265625 0.0921875
0 0.396875 0.4359375 0.0125 0.0171875
1 0.1796875 0.6859375 0.1921875 0.284375
0 0.1484375 0.5796875 0.0703125 0.0625
1 0.2875 0.6703125 0.1640625 0.3140625
0 0.246875 0.5484375 0.0515625 0.0625
1 0.0453125 0.6359375 0.0875 0.3390625
0 0.0125 0.49375 0.0203125 0.05
1 0.10625 0.6265625 0.1765625 0.275
0 0.0515625 0.5125 0.0421875 0.046875
1 0.05625 0.6046875 0.1125 0.2625
0 0.0328125 0.5015625 0.0421875 0.0453125
1 0.1421875 0.5703125 0.0921875 0.1953125
0 0.125 0.4921875 0.0375 0.034375
1 0.178125 0.5765625 0.075 0.1984375
0 0.1734375 0.496875 0.028125 0.03125
1 0.309375 0.5203125 0.05 0.13125
0 0.3046875 0.4640625 0.021875 0.01875
1 0.2546875 0.515625 0.059375 0.146875
0 0.2390625 0.4578125 0.0234375 0.0234375
1 0.225 0.5453125 0.05625 0.1640625
0 0.221875 0.4796875 0.025 0.01875
1 0.20625 0.5578125 0.071875 0.18125
0 0.19375 0.4828125 0.0265625 0.0296875
1 0.3140625 0.48125 0.0328125 0.084375
0 0.315625 0.4484375 0.0125 0.0125
1 0.34375 0.4734375 0.034375 0.0875
0 0.3390625 0.4375 0.0125 0.0125
1 0.2765625 0.490625 0.0375 0.084375
0 0.271875 0.4578125 0.0125 0.0125
1 0.3109375 0.496875 0.04375 0.0921875
0 0.3109375 0.4578125 0.0125 0.0125