1 0.94375 0.5796875 0.10625 0.3828125
0 0.9890625 0.4140625 0.0171875 0.046875
1 0.9640625 0.503125 0.0515625 0.1671875
0 0.965625 0.43125 0.0140625 0.0140625
1 0.93125 0.528125 0.059375 0.1765625
0 0.9421875 0.4546875 0.0265625 0.0265625
1 0.909375 0.509375 0.0640625 0.171875
0 0.9171875 0.440625 0.0171875 0.0171875
1 0.875 0.4984375 0.0578125 0.18125
0 0.878125 0.425 0.021875 0.0265625
1 0.8046875 0.5109375 0.059375 0.1828125
0 0.7984375 0.4328125 0.021875 0.021875
1 0.7953125 0.5640625 0.084375 0.2859375
0 0.8171875 0.4453125 0.0375 0.04375
1 0.74375 0.553125 0.1046875 0.315625
0 0.765625 0.4234375 0.040625 0.046875
1 0.7203125 0.4921875 0.0390625 0.13125
0 0.7296875 0.4375 0.0171875 0.0171875
1 0.684375 0.521875 0.075 0.1640625
0 0.7046875 0.4546875 0.0171875 0.021875
1 0.64375 0.490625 0.0421875 0.1203125
0 0.6453125 0.4390625 0.0140625 0.0140625
1 0.625 0.4890625 0.034375 0.1109375
0 0.634375 0.44375 0.0125 0.015625
1 0.59375 0.4890625 0.0328125 0.1125
0 0.6046875 0.4421875 0.0125 0.015625
1 0.5515625 0.4984375 0.046875 0.1515625
0 0.546875 0.4359375 0.01875 0.0234375
1 0.5125 0.490625 0.0421875 0.1453125
0 0.525 0.43125 0.0140625 0.0203125
1 0.509375 0.503125 0.071875 0.1640625
0 0.5140625 0.4328125 0.021875 0.021875
1 0.4828125 0.475 0.0265625 0.09375
0 0.48125 0.4390625 0.0109375 0.0125
1 0.459375 0.4734375 0.0296875 0.103125
0 0.459375 0.43125 0.009375 0.0140625
1 0.4515625 0.4734375 0.0296875 0.0953125
0 0.4546875 0.4359375 0.009375 0.0109375
1 0.4078125 0.5890625 0.2109375 0.340625
0 0.434375 0.453125 0.0375 0.0375
1 0.259375 0.584375 0.1421875 0.334375
0 0.2796875 0.4453125 0.0421875 0.0484375
1 0.2625 0.55 0.13125 0.2828125
0 0.2625 0.4296875 0.0328125 0.0359375
1 0.390625 0.4796875 0.0390625 0.1125
0 0.3921875 0.43125 0.0140625 0.0140625
1 0.3703125 0.48125 0.03125 0.109375
0 0.3765625 0.4359375 0.0125 0.0140625
1 0.3546875 0.4703125 0.021875 0.078125
0 0.35625 0.4390625 0.009375 0.0109375
1 0.3515625 0.4640625 0.0171875 0.0703125
0 0.3546875 0.4375 0.0078125 0.009375
1 0.3421875 0.4734375 0.0265625 0.078125
0 0.340625 0.44375 0.009375 0.0125
1 0.3390625 0.465625 0.0234375 0.0765625
0 0.3375 0.434375 0.0109375 0.0125
1 0.3140625 0.5078125 0.0390625 0.121875
0 0.3140625 0.4578125 0.015625 0.0203125
1 0.3328125 0.484375 0.0421875 0.1078125
0 0.328125 0.4421875 0.0140625 0.0171875
1 0.3125 0.4703125 0.0296875 0.084375
0 0.315625 0.4375 0.009375 0.0140625
1 0.3125 0.475 0.0296875 0.08125
0 0.3078125 0.440625 0.00625 0.009375
1 0.328125 0.4890625 0.034375 0.109375
0 0.328125 0.44375 0.0140625 0.015625
1 0.2140625 0.4703125 0.028125 0.084375
0 0.21875 0.4359375 0.009375 0.0125
1 0.2265625 0.4578125 0.0265625 0.075
0 0.228125 0.4296875 0.009375 0.009375
1 0.24375 0.465625 0.0359375 0.08125
0 0.2390625 0.434375 0.0125 0.0109375
1 0.1734375 0.5390625 0.0421875 0.06875
0 0.16875 0.51875 0.0140625 0.01875
1 0.1828125 0.4921875 0.0484375 0.1515625
0 0.1796875 0.4296875 0.021875 0.021875
1 0.2015625 0.4640625 0.015625 0.053125
0 0.2046875 0.44375 0.0078125 0.0078125
1 0.146875 0.50625 0.075 0.19375
0 0.14375 0.428125 0.025 0.0234375
1 0.084375 0.5203125 0.1 0.2375
0 0.0859375 0.4171875 0.025 0.0265625
1 0.1515625 0.5015625 0.0515625 0.1484375
0 0.153125 0.4375 0.0109375 0.0140625
1 0.0734375 0.478125 0.0390625 0.115625
0 0.0734375 0.4296875 0.0140625 0.0125
1 0.0578125 0.4671875 0.0375 0.08125
0 0.0625 0.434375 0.009375 0.009375
1 0.0421875 0.465625 0.0171875 0.059375
0 0.040625 0.4421875 0.00625 0.00625
1 0.02109375 0.484375 0.0421875 0.11875
0 0.0234375 0.4375 0.015625 0.0171875
1 0.0109375 0.4578125 0.021875 0.05625
0 0.009375 0.4375 0.00625 0.009375