1 0.9265625 0.4640625 0.1234375 0.484375
0 0.9328125 0.2671875 0.0609375 0.0859375
1 0.8375 0.46875 0.1359375 0.3828125
0 0.846875 0.3140625 0.05 0.0671875
1 0.7984375 0.4421875 0.1109375 0.3890625
0 0.796875 0.28125 0.05 0.0609375
1 0.5625 0.659375 0.165625 0.2375
0 0.5140625 0.5828125 0.0578125 0.075
1 0.03125 0.53125 0.0296875 0.075
0 0.0359375 0.5015625 0.0109375 0.0109375
1 0.2125 0.546875 0.021875 0.046875
0 0.2078125 0.5296875 0.0046875 0.00625
1 0.278125 0.53125 0.0140625 0.0359375
0 0.278125 0.51875 0.0046875 0.0046875
1 0.28125 0.521875 0.0125 0.025
0 0.28125 0.5140625 0.003125 0.0046875
1 0.2703125 0.5234375 0.0109375 0.025
0 0.26875 0.5140625 0.003125 0.0046875
1 0.2625 0.5234375 0.0109375 0.025
0 0.2625 0.5140625 0.003125 0.0015625
1 0.2953125 0.4515625 0.0109375 0.021875
0 0.296875 0.44375 0.003125 0.0046875