1 0.16171875 0.65859375 0.3234375 0.3921875
0 0.1921875 0.4046875 0.11875 0.1390625
1 0.49375 0.6609375 0.275 0.3875
0 0.4984375 0.446875 0.0890625 0.1109375
1 0.853125 0.6765625 0.2890625 0.3546875
0 0.8515625 0.4859375 0.0921875 0.1078125
1 0.915625 0.6171875 0.165625 0.4734375
0 0.9296875 0.3921875 0.0796875 0.0921875
1 0.1296875 0.659375 0.2578125 0.3875
0 0.096875 0.4484375 0.0578125 0.065625
1 0.2515625 0.65 0.1765625 0.4078125
0 0.253125 0.4921875 0.059375 0.0734375
1 0.371875 0.6546875 0.159375 0.396875
0 0.3703125 0.49375 0.0515625 0.0671875
1 0.453125 0.634375 0.2390625 0.4390625
0 0.4390625 0.4625 0.065625 0.0828125
1 0.3234375 0.6390625 0.1265625 0.43125
0 0.31875 0.45625 0.05 0.0609375
1 0.090625 0.6296875 0.1796875 0.45
0 0.1015625 0.4546875 0.071875 0.0828125