1 0.91875 0.653125 0.1546875 0.3515625
0 0.9265625 0.5109375 0.0640625 0.0609375
1 0.953125 0.6296875 0.0875 0.359375
0 0.9609375 0.4703125 0.034375 0.0375
1 0.91875 0.5828125 0.08125 0.3046875
0 0.9171875 0.4546875 0.0390625 0.0421875
1 0.875 0.6375 0.11875 0.378125
0 0.8765625 0.4765625 0.04375 0.0453125
1 0.828125 0.634375 0.10625 0.3453125
0 0.84375 0.4921875 0.034375 0.046875
1 0.775 0.634375 0.0953125 0.3609375
0 0.7765625 0.4875 0.0390625 0.0515625
1 0.6109375 0.6375 0.390625 0.384375
0 0.6046875 0.38125 0.1125 0.1359375
1 0.5109375 0.615625 0.1984375 0.428125
0 0.5203125 0.484375 0.0671875 0.084375
1 0.4578125 0.6515625 0.23125 0.35625
0 0.4515625 0.5265625 0.0890625 0.1046875
1 0.3421875 0.6609375 0.38125 0.3390625
0 0.3359375 0.521875 0.1109375 0.1421875
1 0.2640625 0.621875 0.18125 0.4171875
0 0.26875 0.4609375 0.0703125 0.084375
1 0.2515625 0.640625 0.1546875 0.378125
0 0.246875 0.5015625 0.05625 0.0625
1 0.1765625 0.6296875 0.1171875 0.4
0 0.159375 0.4625 0.0484375 0.0625
1 0.1390625 0.6453125 0.1703125 0.3671875
0 0.0953125 0.496875 0.05625 0.0671875
1 0.0609375 0.6359375 0.1203125 0.3875
0 0.0375 0.4828125 0.071875 0.0734375
1 0.9609375 0.6578125 0.0734375 0.3453125
0 0.9765625 0.6578125 0.0421875 0.3453125
1 0.6671875 0.634375 0.2765625 0.3890625
0 0.6515625 0.4265625 0.08125 0.10625