1 0.7421875 0.734375 0.1328125 0.409375
0 0.759375 0.5625 0.04375 0.0578125
1 0.6359375 0.634375 0.071875 0.184375
0 0.63125 0.559375 0.01875 0.028125
1 0.5625 0.634375 0.0515625 0.184375
0 0.5640625 0.5578125 0.0203125 0.025
1 0.51875 0.6328125 0.08125 0.2328125
0 0.50625 0.5359375 0.025 0.0328125
1 0.43125 0.6390625 0.0828125 0.2203125
0 0.434375 0.55 0.028125 0.0328125
1 0.353125 0.659375 0.071875 0.2359375
0 0.3546875 0.5609375 0.0296875 0.0359375
1 0.2703125 0.665625 0.075 0.225
0 0.26875 0.5703125 0.0265625 0.0328125
1 0.2421875 0.684375 0.1046875 0.309375
0 0.2375 0.5546875 0.0359375 0.0453125
1 0.2015625 0.6234375 0.028125 0.04375
0 0.1875 0.615625 0.0015625 0.0078125
1 0.3375 0.6140625 0.0640625 0.16875
0 0.340625 0.54375 0.0171875 0.0203125
1 0.3125 0.6328125 0.0453125 0.13125
0 0.3109375 0.578125 0.0171875 0.0203125
1 0.296875 0.6046875 0.034375 0.0875
0 0.2984375 0.56875 0.0109375 0.0125
1 0.40625 0.64375 0.034375 0.1140625
0 0.40625 0.596875 0.0140625 0.0140625
1 0.4 0.615625 0.01875 0.0578125
0 0.3984375 0.59375 0.00625 0.009375
1 0.484375 0.5953125 0.0234375 0.0703125
0 0.4859375 0.565625 0.0078125 0.0078125
1 0.4734375 0.6109375 0.009375 0.028125
0 0.4734375 0.6 0.003125 0.003125
1 0.584375 0.596875 0.0234375 0.059375
0 0.584375 0.571875 0.00625 0.00625