1 0.0484375 0.6296875 0.0953125 0.4015625
0 0.0265625 0.4671875 0.0515625 0.1125
1 0.0703125 0.625 0.1375 0.4125
0 0.05625 0.4640625 0.075 0.0703125
1 0.1203125 0.65 0.1046875 0.359375
0 0.1265625 0.5046875 0.0578125 0.0546875
1 0.51875 0.609375 0.078125 0.2234375
0 0.521875 0.51875 0.025 0.0296875
1 0.184375 0.615625 0.090625 0.196875
0 0.1953125 0.5328125 0.028125 0.025
1 0.2171875 0.5453125 0.0140625 0.0390625
0 0.2171875 0.53125 0.0046875 0.003125
1 0.225 0.5484375 0.028125 0.04375
0 0.228125 0.5328125 0.00625 0.00625
1 0.2625 0.60625 0.0640625 0.1734375
0 0.26875 0.5359375 0.025 0.025
1 0.26875 0.6140625 0.096875 0.20625
0 0.2890625 0.5296875 0.0265625 0.0328125
1 0.296875 0.6015625 0.0671875 0.2
0 0.2984375 0.51875 0.01875 0.025
1 0.359375 0.6234375 0.0796875 0.2140625
0 0.35 0.5359375 0.0265625 0.028125
1 0.3515625 0.6515625 0.1453125 0.3484375
0 0.378125 0.503125 0.0390625 0.0453125
1 0.3984375 0.584375 0.04375 0.1453125
0 0.4 0.525 0.0171875 0.01875
1 0.4265625 0.590625 0.046875 0.140625
0 0.41875 0.53125 0.015625 0.01875
1 0.4296875 0.6109375 0.0671875 0.2140625
0 0.4296875 0.521875 0.021875 0.028125
1 0.4671875 0.5546875 0.0140625 0.0390625
0 0.465625 0.5390625 0.00625 0.0046875
1 0.4765625 0.5546875 0.0171875 0.0421875
0 0.478125 0.5390625 0.0046875 0.0046875
1 0.5515625 0.5984375 0.0734375 0.1515625
0 0.5375 0.5375 0.0171875 0.0203125
1 0.5671875 0.6 0.0625 0.1921875
0 0.56875 0.51875 0.0234375 0.025
1 0.5765625 0.5921875 0.053125 0.1640625
0 0.578125 0.521875 0.0171875 0.0203125
1 0.6171875 0.6 0.059375 0.1703125
0 0.61875 0.5296875 0.0203125 0.0234375
1 0.64375 0.6609375 0.146875 0.328125
0 0.6484375 0.521875 0.0359375 0.0421875
1 0.671875 0.6171875 0.075 0.1703125
0 0.671875 0.55 0.0296875 0.034375
1 0.6890625 0.5875 0.0359375 0.1
0 0.6890625 0.546875 0.0125 0.0125
1 0.70625 0.5875 0.0375 0.096875
0 0.7046875 0.5453125 0.0125 0.0125
1 0.7140625 0.58125 0.03125 0.0984375
0 0.709375 0.54375 0.009375 0.0140625
1 0.7265625 0.571875 0.0328125 0.0921875
0 0.7296875 0.534375 0.009375 0.0109375
1 0.759375 0.571875 0.025 0.08125
0 0.7625 0.5421875 0.009375 0.009375
1 0.7546875 0.5734375 0.028125 0.075
0 0.7609375 0.5421875 0.0078125 0.009375
1 0.7796875 0.575 0.021875 0.084375
0 0.78125 0.540625 0.0109375 0.0125
1 0.8140625 0.5703125 0.028125 0.0921875
0 0.8125 0.534375 0.0125 0.0125
1 0.803125 0.5828125 0.0375 0.0953125
0 0.8 0.5453125 0.0125 0.0171875
1 0.834375 0.5984375 0.0421875 0.1375
0 0.8359375 0.5390625 0.0140625 0.015625
1 0.8484375 0.6046875 0.0828125 0.1625
0 0.85 0.5359375 0.0203125 0.021875
1 0.8546875 0.621875 0.0875 0.1734375
0 0.8578125 0.55 0.021875 0.025
1 0.9015625 0.5953125 0.0421875 0.1171875
0 0.903125 0.546875 0.0140625 0.015625
1 0.8984375 0.571875 0.0359375 0.0890625
0 0.9015625 0.5390625 0.0125 0.0125
1 0.8875 0.565625 0.021875 0.0796875
0 0.8859375 0.5328125 0.009375 0.0125
1 0.9328125 0.5984375 0.04375 0.11875
0 0.934375 0.5484375 0.0125 0.0125
1 0.9515625 0.6078125 0.0703125 0.1765625
0 0.95 0.5359375 0.025 0.025
1 0.9859375 0.609375 0.0234375 0.140625
0 0.9921875 0.5515625 0.0109375 0.021875
1 0.7828125 0.58125 0.03125 0.084375
0 0.7828125 0.546875 0.009375 0.0125
1 0.771875 0.575 0.03125 0.08125
0 0.7796875 0.5390625 0.009375 0.0125