1 0.23125 0.496875 0.0609375 0.33125
0 0.24375 0.3515625 0.0265625 0.034375
1 0.2890625 0.4796875 0.1125 0.3875
0 0.2734375 0.31875 0.046875 0.05625
1 0.2046875 0.5296875 0.125 0.4671875
0 0.215625 0.328125 0.0484375 0.059375
1 0.2890625 0.5421875 0.1578125 0.4546875
0 0.2875 0.3484375 0.053125 0.059375
1 0.43125 0.459375 0.1125 0.3546875
0 0.4359375 0.309375 0.0453125 0.046875
1 0.5109375 0.478125 0.08125 0.3203125
0 0.503125 0.3421875 0.0421875 0.0453125
1 0.45 0.534375 0.1375 0.4578125
0 0.4453125 0.3421875 0.053125 0.0609375
1 0.590625 0.5453125 0.2078125 0.4765625
0 0.578125 0.34375 0.0546875 0.0703125
1 0.6828125 0.53125 0.1328125 0.4421875
0 0.6765625 0.34375 0.0515625 0.0640625
1 0.790625 0.4734375 0.1265625 0.309375
0 0.775 0.346875 0.0390625 0.05
1 0.90625 0.4921875 0.11875 0.3484375
0 0.9078125 0.34375 0.0375 0.0484375
1 0.946875 0.425 0.078125 0.2734375
0 0.9359375 0.3109375 0.028125 0.040625
1 0.9640625 0.4875 0.065625 0.3703125
0 0.984375 0.3328125 0.0265625 0.0578125
1 0.7203125 0.29375 0.0171875 0.04375
0 0.7203125 0.278125 0.00625 0.00625
1 0.75 0.2921875 0.0171875 0.0453125
0 0.75 0.275 0.0046875 0.00625