1 0.021875 0.6140625 0.0421875 0.1671875
0 0.015625 0.5453125 0.0171875 0.0203125
1 0.125 0.69375 0.1 0.2484375
0 0.1296875 0.59375 0.0328125 0.03125
1 0.19375 0.65625 0.071875 0.184375
0 0.2046875 0.5796875 0.025 0.0234375
1 0.24375 0.6546875 0.065625 0.1953125
0 0.25 0.5734375 0.0296875 0.03125
1 0.2921875 0.5953125 0.059375 0.1640625
0 0.2953125 0.5265625 0.0171875 0.0203125
1 0.1328125 0.5421875 0.0328125 0.0796875
0 0.1328125 0.509375 0.009375 0.0125
1 0.1578125 0.5578125 0.0359375 0.084375
0 0.15625 0.525 0.009375 0.009375
1 0.175 0.55 0.0203125 0.06875
0 0.175 0.521875 0.009375 0.0109375
1 0.1765625 0.5390625 0.01875 0.0640625
0 0.1765625 0.5125 0.0078125 0.00625
1 0.196875 0.5640625 0.0359375 0.0953125
0 0.2 0.5234375 0.009375 0.0125
1 0.1953125 0.5359375 0.015625 0.0546875
0 0.1984375 0.5140625 0.0046875 0.00625
1 0.2359375 0.54375 0.025 0.0703125
0 0.234375 0.515625 0.0078125 0.009375
1 0.259375 0.5390625 0.0234375 0.0578125
0 0.2578125 0.51875 0.0046875 0.0046875
1 0.2671875 0.5578125 0.0296875 0.0953125
0 0.2671875 0.5171875 0.009375 0.0125
1 0.2828125 0.540625 0.021875 0.053125
0 0.284375 0.5203125 0.0078125 0.0078125
1 0.2765625 0.5671875 0.0203125 0.0765625
0 0.275 0.5359375 0.009375 0.009375
1 0.3015625 0.559375 0.0171875 0.0703125
0 0.303125 0.5328125 0.009375 0.0109375
1 0.3109375 0.553125 0.0234375 0.0734375
0 0.3109375 0.525 0.0109375 0.0140625
1 0.34375 0.5625 0.025 0.0859375
0 0.34375 0.5296875 0.0109375 0.0125
1 0.365625 0.5625 0.0390625 0.0890625
0 0.3625 0.5265625 0.009375 0.0125
1 0.4 0.5765625 0.0421875 0.121875
0 0.4 0.525 0.0125 0.0140625
1 0.4078125 0.6140625 0.0640625 0.134375
0 0.4234375 0.5578125 0.0125 0.01875
1 0.44375 0.5609375 0.025 0.0875
0 0.440625 0.525 0.009375 0.0125
1 0.4625 0.559375 0.03125 0.0859375
0 0.4671875 0.525 0.009375 0.0109375
1 0.45625 0.5328125 0.0171875 0.05
0 0.45625 0.5140625 0.0046875 0.0046875
1 0.4515625 0.534375 0.0125 0.0421875
0 0.4515625 0.51875 0.0046875 0.0046875
1 0.465625 0.5328125 0.0125 0.0484375
0 0.4625 0.5140625 0.0046875 0.0046875
1 0.496875 0.5421875 0.0203125 0.0671875
0 0.4984375 0.5125 0.00625 0.0046875
1 0.50625 0.546875 0.0171875 0.0609375
0 0.5078125 0.521875 0.0078125 0.0078125
1 0.6 0.534375 0.0125 0.0265625
0 0.603125 0.521875 0.0015625 0.0015625
1 0.6046875 0.55 0.028125 0.034375
0 0.5984375 0.5375 0.0046875 0.0046875
1 0.621875 0.553125 0.021875 0.0296875
0 0.6171875 0.5421875 0.0046875 0.00625
1 0.6203125 0.528125 0.0109375 0.0375
0 0.621875 0.5109375 0.003125 0.003125
1 0.6296875 0.53125 0.0125 0.0359375
0 0.628125 0.515625 0.0046875 0.0046875
1 0.6390625 0.5234375 0.0078125 0.0203125
0 0.6390625 0.5140625 0.0015625 0.0015625
1 0.6484375 0.5296875 0.0171875 0.0375
0 0.6515625 0.515625 0.003125 0.003125
1 0.6609375 0.5328125 0.0109375 0.0328125
0 0.6609375 0.5203125 0.0046875 0.0046875
1 0.6796875 0.525 0.009375 0.025
0 0.6796875 0.5140625 0.0015625 0.0015625
1 0.721875 0.5265625 0.009375 0.0296875
0 0.7234375 0.515625 0.0046875 0.003125
1 0.725 0.5171875 0.0078125 0.01875
0 0.725 0.5109375 0.003125 0.003125
1 0.7375 0.528125 0.009375 0.0265625
0 0.7359375 0.51875 0.003125 0.003125
1 0.753125 0.528125 0.0171875 0.0359375
0 0.7546875 0.5140625 0.0046875 0.0046875
1 0.7453125 0.525 0.009375 0.0296875
0 0.7453125 0.5140625 0.003125 0.003125
1 0.7734375 0.5359375 0.015625 0.0390625
0 0.771875 0.5203125 0.0046875 0.0046875
1 0.7875 0.5375 0.021875 0.0390625
0 0.7875 0.521875 0.0046875 0.0046875
1 0.721875 0.51875 0.0046875 0.01875
0 0.7234375 0.5125 0.0015625 0.0015625
1 0.7765625 0.5578125 0.0265625 0.0625
0 0.7828125 0.5328125 0.0078125 0.0078125
1 0.7921875 0.5453125 0.0171875 0.0296875
0 0.7921875 0.534375 0.0046875 0.0046875
1 0.8625 0.5359375 0.0140625 0.0453125
0 0.865625 0.51875 0.0046875 0.003125
1 0.85625 0.528125 0.0140625 0.03125
0 0.8578125 0.5171875 0.0046875 0.0046875
1 0.8875 0.55 0.0203125 0.0609375
0 0.8875 0.5265625 0.00625 0.009375
1 0.884375 0.534375 0.0125 0.034375
0 0.884375 0.521875 0.0046875 0.0046875
1 0.95625 0.5453125 0.021875 0.065625
0 0.95625 0.51875 0.0046875 0.00625
1 0.9890625 0.5859375 0.0171875 0.1125
0 0.99375 0.5390625 0.00625 0.015625
1 0.703125 0.628125 0.0546875 0.146875
0 0.6984375 0.56875 0.0171875 0.0203125
1 0.778125 0.6109375 0.0546875 0.1625
0 0.775 0.540625 0.0171875 0.01875
1 0.6984375 0.5515625 0.021875 0.05
0 0.6984375 0.53125 0.0046875 0.0046875
1 0.2296875 0.5578125 0.025 0.0828125
0 0.23125 0.5234375 0.009375 0.009375
1 0.4328125 0.5328125 0.009375 0.040625
0 0.434375 0.515625 0.0046875 0.0046875
1 0.64375 0.51875 0.00625 0.0171875
0 0.6453125 0.5125 0.0015625 0.0015625
1 0.8125 0.54375 0.025 0.0375
0 0.8171875 0.53125 0.0078125 0.009375