1 0.06875 0.5828125 0.134375 0.421875
0 0.065625 0.4078125 0.0515625 0.0625
1 0.1015625 0.6015625 0.1984375 0.4546875
0 0.140625 0.4234375 0.0765625 0.0859375
1 0.5046875 0.565625 0.08125 0.228125
0 0.49375 0.471875 0.0375 0.034375
1 0.5890625 0.6234375 0.2015625 0.39375
0 0.6046875 0.45625 0.05625 0.053125
1 0.76875 0.5546875 0.096875 0.246875
0 0.784375 0.4515625 0.028125 0.0359375
1 0.846875 0.5265625 0.053125 0.1359375
0 0.85 0.475 0.01875 0.0203125
1 0.85 0.5390625 0.05 0.159375
0 0.85 0.475 0.01875 0.0203125
1 0.9484375 0.5515625 0.0984375 0.171875
0 0.9515625 0.478125 0.021875 0.021875
1 0.96875 0.54375 0.0578125 0.1453125
0 0.9859375 0.484375 0.01875 0.021875