1 0.58125 0.615625 0.4046875 0.428125
0 0.590625 0.4921875 0.096875 0.1078125
1 0.2734375 0.5515625 0.2875 0.5578125
0 0.3265625 0.3765625 0.103125 0.1453125
1 0.43125 0.565625 0.5078125 0.53125
0 0.4859375 0.35 0.1125 0.1265625
1 0.9796875 0.5234375 0.034375 0.2
0 0.9890625 0.4390625 0.0171875 0.025
1 0.9265625 0.5171875 0.103125 0.1828125
0 0.9140625 0.440625 0.021875 0.0265625
1 0.8671875 0.453125 0.071875 0.109375
0 0.85625 0.409375 0.0140625 0.0140625
1 0.8453125 0.4578125 0.04375 0.0890625
0 0.8421875 0.4234375 0.0109375 0.0140625
1 0.796875 0.4703125 0.0328125 0.0515625
0 0.7890625 0.4515625 0.009375 0.009375
1 0.6625 0.471875 0.0203125 0.0578125
0 0.665625 0.45 0.009375 0.009375
1 0.7046875 0.440625 0.040625 0.1078125
0 0.709375 0.3984375 0.0140625 0.015625
1 0.5890625 0.425 0.059375 0.1296875
0 0.5859375 0.3703125 0.0140625 0.0171875
1 0.5046875 0.4453125 0.028125 0.0765625
0 0.5078125 0.415625 0.0109375 0.0109375
1 0.1515625 0.515625 0.1 0.15625
0 0.1578125 0.459375 0.0234375 0.03125
1 0.046875 0.496875 0.075 0.1484375
0 0.05 0.434375 0.0234375 0.021875
1 0.021875 0.4984375 0.0390625 0.1390625
0 0.0296875 0.4421875 0.0203125 0.0203125