1 0.1890625 0.5765625 0.2109375 0.509375
0 0.209375 0.378125 0.0671875 0.0828125
1 0.2421875 0.5890625 0.1671875 0.4609375
0 0.2328125 0.3984375 0.046875 0.0609375
1 0.290625 0.521875 0.115625 0.3125
0 0.3 0.3890625 0.03125 0.034375
1 0.3671875 0.5671875 0.134375 0.390625
0 0.35625 0.4 0.0375 0.046875
1 0.4625 0.578125 0.15625 0.46875
0 0.4578125 0.384375 0.0484375 0.0546875
1 0.515625 0.5421875 0.1046875 0.3046875
0 0.5125 0.4171875 0.0390625 0.04375
1 0.534375 0.5265625 0.0734375 0.2265625
0 0.5421875 0.434375 0.0265625 0.0328125
1 0.390625 0.5953125 0.234375 0.471875
0 0.39375 0.421875 0.0671875 0.0828125
1 0.625 0.540625 0.125 0.325
0 0.590625 0.4078125 0.0375 0.0453125
1 0.6171875 0.5828125 0.171875 0.40625
0 0.6265625 0.415625 0.046875 0.0578125
1 0.8203125 0.540625 0.109375 0.3390625
0 0.8171875 0.4046875 0.040625 0.0484375
1 0.778125 0.571875 0.1765625 0.43125
0 0.7796875 0.3921875 0.046875 0.0625
1 0.74375 0.60625 0.2390625 0.446875
0 0.75625 0.43125 0.0625 0.0765625
1 0.925 0.5984375 0.146875 0.465625
0 0.971875 0.403125 0.0515625 0.0609375