1 0.7625 0.640625 0.10625 0.3375
0 0.7609375 0.5015625 0.0375 0.04375
1 0.653125 0.65625 0.125 0.3140625
0 0.678125 0.525 0.0375 0.0375
1 0.540625 0.65 0.0921875 0.3015625
0 0.5390625 0.525 0.0390625 0.0390625
1 0.06875 0.54375 0.0171875 0.04375
0 0.0703125 0.528125 0.00625 0.00625
1 0.125 0.55625 0.025 0.053125
0 0.1296875 0.534375 0.00625 0.00625
1 0.140625 0.5484375 0.01875 0.034375
0 0.140625 0.5375 0.00625 0.00625
1 0.1609375 0.553125 0.025 0.0546875
0 0.1609375 0.5328125 0.0078125 0.0078125
1 0.259375 0.5515625 0.0203125 0.05
0 0.2609375 0.5328125 0.00625 0.00625
1 0.2734375 0.546875 0.0171875 0.040625
0 0.275 0.5328125 0.0046875 0.00625
1 0.31875 0.5609375 0.015625 0.0328125
0 0.31875 0.55 0.0046875 0.00625
1 0.3328125 0.546875 0.0171875 0.0421875
0 0.334375 0.53125 0.00625 0.00625
1 0.3453125 0.553125 0.0140625 0.03125
0 0.3453125 0.54375 0.0046875 0.00625
1 0.353125 0.546875 0.015625 0.0421875
0 0.353125 0.53125 0.00625 0.00625
1 0.365625 0.546875 0.01875 0.0375
0 0.365625 0.5328125 0.00625 0.00625
1 0.3890625 0.546875 0.0171875 0.04375
0 0.390625 0.53125 0.00625 0.00625
1 0.4140625 0.5625 0.0125 0.0359375
0 0.4140625 0.546875 0.003125 0.0046875
1 0.4484375 0.5453125 0.0171875 0.040625
0 0.446875 0.5296875 0.00625 0.00625
1 0.490625 0.5578125 0.0109375 0.0265625
0 0.490625 0.5484375 0.0046875 0.0046875
1 0.559375 0.55 0.0203125 0.053125
0 0.559375 0.53125 0.00625 0.0078125
1 0.5625 0.55 0.01875 0.0484375
0 0.565625 0.5359375 0.00625 0.00625
1 0.584375 0.546875 0.01875 0.046875
0 0.584375 0.5296875 0.00625 0.00625
1 0.609375 0.5484375 0.01875 0.0421875
0 0.609375 0.5328125 0.00625 0.00625
1 0.621875 0.55 0.015625 0.04375
0 0.621875 0.5328125 0.00625 0.00625
1 0.39375 0.553125 0.0109375 0.03125
0 0.396875 0.5421875 0.0046875 0.0046875
1 0.3796875 0.54375 0.0171875 0.0390625
0 0.38125 0.5296875 0.0046875 0.00625