1 0.078125 0.5796875 0.115625 0.2703125
0 0.0625 0.4703125 0.0296875 0.0375
1 0.090625 0.5484375 0.0828125 0.2171875
0 0.0859375 0.4625 0.028125 0.0328125
1 0.2078125 0.5078125 0.046875 0.1265625
0 0.2109375 0.4578125 0.0140625 0.0171875
1 0.2421875 0.553125 0.0796875 0.2109375
0 0.2453125 0.4640625 0.021875 0.028125
1 0.321875 0.5515625 0.065625 0.1984375
0 0.3234375 0.46875 0.025 0.028125
1 0.3453125 0.5296875 0.0515625 0.140625
0 0.340625 0.4734375 0.0171875 0.0203125
1 0.3578125 0.5109375 0.0296875 0.0921875
0 0.359375 0.4765625 0.009375 0.0140625
1 0.3671875 0.503125 0.021875 0.059375
0 0.365625 0.48125 0.0078125 0.009375
1 0.39375 0.55 0.0671875 0.1546875
0 0.3875 0.484375 0.0171875 0.01875
1 0.4 0.5140625 0.0390625 0.1
0 0.396875 0.4765625 0.0125 0.0140625
1 0.421875 0.4984375 0.01875 0.059375
0 0.4234375 0.4734375 0.0078125 0.0078125
1 0.4328125 0.5078125 0.028125 0.071875
0 0.4328125 0.4796875 0.0078125 0.0109375
1 0.4703125 0.5765625 0.1140625 0.2828125
0 0.4765625 0.45625 0.0296875 0.034375
1 0.596875 0.584375 0.0765625 0.246875
0 0.59375 0.4796875 0.03125 0.03125
1 0.5609375 0.5296875 0.03125 0.0609375
0 0.5671875 0.50625 0.009375 0.009375
1 0.5390625 0.5140625 0.015625 0.040625
0 0.5375 0.4984375 0.00625 0.00625
1 0.559375 0.5078125 0.015625 0.0390625
0 0.5578125 0.4953125 0.0078125 0.009375
1 0.5671875 0.5015625 0.0203125 0.0546875
0 0.565625 0.4828125 0.009375 0.0109375
1 0.6375 0.540625 0.0421875 0.1265625
0 0.6375 0.4875 0.0140625 0.0171875
1 0.6703125 0.50625 0.0203125 0.0546875
0 0.6703125 0.4859375 0.0078125 0.009375
1 0.7078125 0.54375 0.0515625 0.125
0 0.709375 0.49375 0.0125 0.0140625
1 0.696875 0.5265625 0.0296875 0.0796875
0 0.696875 0.49375 0.0109375 0.009375
1 0.75625 0.528125 0.0453125 0.1125
0 0.7546875 0.484375 0.0140625 0.0140625
1 0.7984375 0.55625 0.03125 0.046875
0 0.796875 0.540625 0.009375 0.0109375
1 0.8203125 0.55625 0.021875 0.0453125
0 0.8203125 0.5421875 0.009375 0.0109375
1 0.7890625 0.53125 0.04375 0.084375
0 0.7890625 0.53125 0.04375 0.084375
1 0.815625 0.5359375 0.0265625 0.090625
0 0.81875 0.5 0.0109375 0.0125
1 0.8390625 0.53125 0.0328125 0.0984375
0 0.84375 0.4921875 0.0140625 0.0140625
1 0.875 0.5671875 0.078125 0.1953125
0 0.8765625 0.490625 0.0234375 0.0328125
1 0.9109375 0.53125 0.034375 0.1140625
0 0.9109375 0.4875 0.0125 0.0125
1 0.9734375 0.58125 0.05 0.1875
0 0.984375 0.503125 0.021875 0.021875
1 0.946875 0.5609375 0.065625 0.1796875
0 0.946875 0.4859375 0.0265625 0.025