1 0.79375 0.746875 0.0328125 0.20625
0 0.8046875 0.6625 0.009375 0.028125
1 0.603125 0.7453125 0.0578125 0.1609375
0 0.6015625 0.68125 0.0203125 0.025
1 0.5734375 0.7390625 0.0640625 0.1875
0 0.584375 0.659375 0.021875 0.025
1 0.5234375 0.7421875 0.0625 0.1625
0 0.528125 0.675 0.0171875 0.025
1 0.490625 0.734375 0.05 0.146875
0 0.4859375 0.6734375 0.0171875 0.0171875
1 0.434375 0.7359375 0.0546875 0.153125
0 0.4421875 0.671875 0.0171875 0.0203125
1 0.3984375 0.7328125 0.046875 0.1328125
0 0.3984375 0.6765625 0.0125 0.015625
1 0.4375 0.728125 0.04375 0.128125
0 0.4375 0.6765625 0.0140625 0.0171875
1 0.3765625 0.746875 0.0640625 0.171875
0 0.3765625 0.671875 0.0171875 0.0171875
1 0.309375 0.725 0.05 0.1265625
0 0.303125 0.671875 0.0140625 0.0171875
1 0.2375 0.6890625 0.0296875 0.0921875
0 0.2390625 0.6515625 0.009375 0.0140625
1 0.209375 0.7125 0.0265625 0.065625
0 0.2125 0.6859375 0.0078125 0.0078125