1 0.6625 0.5546875 0.0140625 0.04375
0 0.6625 0.5375 0.0046875 0.0046875
1 0.653125 0.559375 0.015625 0.0453125
0 0.653125 0.54375 0.0046875 0.00625
1 0.64375 0.5515625 0.0140625 0.0421875
0 0.64375 0.5375 0.0046875 0.0046875
1 0.6671875 0.56875 0.0203125 0.0640625
0 0.6703125 0.5421875 0.00625 0.0078125
1 0.6703125 0.596875 0.0375 0.0953125
0 0.675 0.5578125 0.0125 0.0125
1 0.70625 0.6296875 0.0796875 0.16875
0 0.715625 0.5578125 0.01875 0.021875
1 0.765625 0.5578125 0.0234375 0.0546875
0 0.765625 0.534375 0.00625 0.00625
1 0.921875 0.571875 0.03125 0.0796875
0 0.9203125 0.540625 0.0109375 0.0140625
1 0.8796875 0.571875 0.0359375 0.0734375
0 0.8734375 0.5453125 0.0109375 0.015625
1 0.8671875 0.6859375 0.090625 0.21875
0 0.8796875 0.5953125 0.0234375 0.0328125
1 0.7859375 0.6296875 0.0484375 0.146875
0 0.7921875 0.5671875 0.01875 0.021875
1 0.61875 0.609375 0.040625 0.121875
0 0.6171875 0.5578125 0.0140625 0.015625
1 0.609375 0.5984375 0.040625 0.09375
0 0.609375 0.559375 0.0109375 0.0125
1 0.628125 0.5578125 0.0125 0.03125
0 0.628125 0.546875 0.003125 0.003125
1 0.603125 0.5578125 0.015625 0.04375
0 0.603125 0.5421875 0.0046875 0.00625
1 0.59375 0.5640625 0.015625 0.046875
0 0.59375 0.546875 0.0046875 0.00625
1 0.58125 0.559375 0.0203125 0.0484375
0 0.5828125 0.540625 0.00625 0.00625
1 0.5375 0.5609375 0.01875 0.0546875
0 0.5375 0.5390625 0.0046875 0.0078125
1 0.5609375 0.553125 0.0109375 0.0390625
0 0.5609375 0.5375 0.0046875 0.0046875
1 0.5484375 0.55625 0.0109375 0.0390625
0 0.55 0.5421875 0.0046875 0.0046875
1 0.559375 0.6203125 0.04375 0.1015625
0 0.5578125 0.5796875 0.0109375 0.015625
1 0.5 0.6453125 0.065625 0.1859375
0 0.5 0.565625 0.021875 0.0265625
1 0.4140625 0.6515625 0.0609375 0.16875
0 0.415625 0.5796875 0.0203125 0.025
1 0.3921875 0.6265625 0.0359375 0.1453125
0 0.3921875 0.5640625 0.015625 0.01875
1 0.390625 0.596875 0.0328125 0.1078125
0 0.39375 0.5515625 0.009375 0.0140625
1 0.365625 0.64375 0.0484375 0.1640625
0 0.3671875 0.575 0.021875 0.028125
1 0.36875 0.625 0.046875 0.146875
0 0.3640625 0.5625 0.015625 0.0171875
1 0.2578125 0.6453125 0.05625 0.1390625
0 0.25 0.590625 0.0203125 0.025
1 0.1796875 0.65625 0.0671875 0.175
0 0.1703125 0.5828125 0.0234375 0.0234375
1 0.153125 0.6609375 0.05625 0.1546875
0 0.1546875 0.5953125 0.015625 0.0203125
1 0.0796875 0.54375 0.0140625 0.034375
0 0.0828125 0.5296875 0.0046875 0.0046875
1 0.153125 0.546875 0.009375 0.0265625
0 0.153125 0.5359375 0.003125 0.003125