1 0.0640625 0.6671875 0.1265625 0.3953125
0 0.0171875 0.5234375 0.03125 0.08125
1 0.10625 0.7 0.1453125 0.3265625
0 0.121875 0.5828125 0.0515625 0.0734375
1 0.1 0.5453125 0.0390625 0.0890625
0 0.1 0.5109375 0.0140625 0.0171875
1 0.115625 0.5265625 0.025 0.0578125
0 0.1140625 0.5046875 0.009375 0.0109375
1 0.0625 0.5203125 0.021875 0.0734375
0 0.0625 0.4921875 0.009375 0.0140625
1 0.0828125 0.5328125 0.0328125 0.0859375
0 0.084375 0.5 0.0125 0.0140625
1 0.1515625 0.5328125 0.03125 0.08125
0 0.153125 0.5015625 0.0125 0.0140625
1 0.140625 0.5296875 0.0296875 0.071875
0 0.1421875 0.5046875 0.0125 0.0140625
1 0.1328125 0.503125 0.0328125 0.078125
0 0.1296875 0.46875 0.009375 0.0109375
1 0.140625 0.4921875 0.021875 0.06875
0 0.1421875 0.465625 0.009375 0.0125
1 0.1453125 0.4703125 0.021875 0.0484375
0 0.15 0.4515625 0.0078125 0.0078125
1 0.6453125 0.4359375 0.021875 0.05
0 0.6453125 0.4203125 0.009375 0.0109375
1 0.19375 0.4421875 0.0140625 0.0390625
0 0.19375 0.4296875 0.0078125 0.00625
1 0.24375 0.7234375 0.175 0.28125
0 0.2625 0.6296875 0.0671875 0.08125
1 0.340625 0.7328125 0.175 0.2609375
0 0.35 0.6484375 0.0640625 0.0796875
1 0.4 0.803125 0.0703125 0.1234375
0 0.4125 0.771875 0.028125 0.046875
1 0.496875 0.7359375 0.1671875 0.2546875
0 0.4875 0.6453125 0.0484375 0.0609375
1 0.5453125 0.725 0.15625 0.278125
0 0.5421875 0.6203125 0.0484375 0.05
1 0.7203125 0.740625 0.1953125 0.2453125
0 0.7390625 0.6703125 0.0796875 0.1
1 0.865625 0.684375 0.2421875 0.359375
0 0.925 0.578125 0.1203125 0.1328125
1 0.9484375 0.725 0.096875 0.278125
0 0.9703125 0.6421875 0.053125 0.0921875
1 0.7921875 0.6453125 0.059375 0.134375
0 0.7859375 0.5984375 0.021875 0.03125
1 0.76875 0.615625 0.0515625 0.103125
0 0.7703125 0.56875 0.0171875 0.0140625
1 0.7359375 0.7109375 0.1 0.2515625
0 0.734375 0.60625 0.0328125 0.0359375
1 0.6453125 0.728125 0.125 0.271875
0 0.646875 0.621875 0.034375 0.0453125
1 0.6796875 0.646875 0.05 0.1453125
0 0.6796875 0.590625 0.0203125 0.0203125
1 0.725 0.61875 0.0640625 0.1265625
0 0.728125 0.5671875 0.0203125 0.0203125
1 0.65 0.665625 0.06875 0.1515625
0 0.65 0.603125 0.0203125 0.0203125
1 0.6328125 0.6265625 0.05 0.1125
0 0.640625 0.584375 0.0203125 0.021875
1 0.6171875 0.63125 0.0515625 0.1265625
0 0.6203125 0.58125 0.0203125 0.0203125
1 0.64375 0.5890625 0.028125 0.0890625
0 0.6421875 0.5515625 0.009375 0.009375
1 0.6203125 0.5984375 0.0484375 0.1
0 0.628125 0.5609375 0.009375 0.0140625
1 0.6171875 0.575 0.040625 0.0796875
0 0.6203125 0.5453125 0.015625 0.015625
1 0.6125 0.55 0.0296875 0.0671875
0 0.615625 0.525 0.009375 0.0078125
1 0.6109375 0.565625 0.03125 0.0796875
0 0.6140625 0.5375 0.0125 0.0171875
1 0.5890625 0.60625 0.0359375 0.0828125
0 0.596875 0.578125 0.0171875 0.01875
1 0.5890625 0.6515625 0.0625 0.140625
0 0.5875 0.5953125 0.0203125 0.021875
1 0.540625 0.653125 0.0703125 0.1765625
0 0.5421875 0.578125 0.0203125 0.021875
1 0.525 0.628125 0.05 0.1359375
0 0.525 0.5734375 0.0171875 0.01875
1 0.4921875 0.6203125 0.05625 0.146875
0 0.49375 0.5609375 0.0171875 0.021875
1 0.5171875 0.6015625 0.0359375 0.1015625
0 0.51875 0.5609375 0.0171875 0.01875
1 0.5671875 0.575 0.0328125 0.1265625
0 0.5703125 0.521875 0.0171875 0.0171875
1 0.5390625 0.5625 0.0375 0.0890625
0 0.5390625 0.53125 0.0125 0.0171875
1 0.521875 0.5828125 0.040625 0.1125
0 0.5296875 0.5390625 0.0203125 0.0203125
1 0.48125 0.609375 0.0484375 0.125
0 0.490625 0.5625 0.0140625 0.01875
1 0.5109375 0.565625 0.0328125 0.0859375
0 0.50625 0.534375 0.015625 0.0171875
1 0.4859375 0.58125 0.05 0.1171875
0 0.484375 0.5328125 0.015625 0.015625
1 0.5203125 0.5375 0.0265625 0.0828125
0 0.5203125 0.509375 0.0125 0.015625
1 0.5078125 0.55 0.0328125 0.08125
0 0.5078125 0.51875 0.015625 0.015625
1 0.5 0.528125 0.028125 0.071875
0 0.5 0.5015625 0.009375 0.0140625
1 0.478125 0.5671875 0.0421875 0.10625
0 0.478125 0.525 0.015625 0.0171875
1 0.475 0.5484375 0.0328125 0.08125
0 0.475 0.51875 0.0140625 0.015625
1 0.4875 0.525 0.0296875 0.078125
0 0.4828125 0.4953125 0.0125 0.015625
1 0.4734375 0.51875 0.0328125 0.0703125
0 0.475 0.49375 0.0125 0.0140625
1 0.4609375 0.4984375 0.021875 0.0515625
0 0.459375 0.4796875 0.0078125 0.009375
1 0.4296875 0.7515625 0.0921875 0.225
0 0.4375 0.665625 0.0375 0.046875
1 0.4140625 0.74375 0.075 0.215625
0 0.4171875 0.6609375 0.0359375 0.0421875
1 0.4296875 0.7015625 0.05625 0.18125
0 0.4296875 0.634375 0.028125 0.0328125
1 0.4515625 0.6671875 0.0453125 0.125
0 0.45 0.6234375 0.01875 0.025
1 0.5 0.6765625 0.071875 0.1609375
0 0.4953125 0.6234375 0.0296875 0.040625
1 0.390625 0.703125 0.0734375 0.2515625
0 0.3875 0.603125 0.0390625 0.0421875
1 0.44375 0.6515625 0.0546875 0.1421875
0 0.440625 0.596875 0.021875 0.021875
1 0.4375 0.6234375 0.059375 0.1453125
0 0.440625 0.5671875 0.0203125 0.0265625
1 0.4265625 0.6046875 0.040625 0.1015625
0 0.4296875 0.565625 0.0171875 0.0203125
1 0.4140625 0.603125 0.0453125 0.1015625
0 0.4125 0.565625 0.0140625 0.0203125
1 0.378125 0.684375 0.0796875 0.2390625
0 0.378125 0.59375 0.0375 0.0421875
1 0.3296875 0.6515625 0.05 0.146875
0 0.3328125 0.59375 0.0234375 0.0234375
1 0.3109375 0.6375 0.0375 0.0921875
0 0.309375 0.6046875 0.01875 0.021875
1 0.2828125 0.6515625 0.04375 0.1328125
0 0.2890625 0.5984375 0.0171875 0.0203125
1 0.2046875 0.6703125 0.05 0.1625
0 0.209375 0.6046875 0.0234375 0.0265625
1 0.365625 0.59375 0.040625 0.1
0 0.3578125 0.55625 0.015625 0.01875
1 0.3734375 0.58125 0.0359375 0.09375
0 0.3703125 0.5453125 0.0140625 0.015625
1 0.3859375 0.5828125 0.03125 0.078125
0 0.3828125 0.5578125 0.0125 0.015625
1 0.403125 0.5859375 0.0328125 0.0953125
0 0.4015625 0.5515625 0.0171875 0.01875
1 0.415625 0.5828125 0.053125 0.1125
0 0.421875 0.5390625 0.0140625 0.0203125
1 0.45 0.5796875 0.0296875 0.0921875
0 0.45 0.546875 0.0140625 0.0171875
1 0.3484375 0.5734375 0.0296875 0.078125
0 0.3484375 0.546875 0.0140625 0.0171875
1 0.36875 0.5546875 0.0328125 0.0734375
0 0.3703125 0.528125 0.009375 0.0171875
1 0.2921875 0.5859375 0.065625 0.084375
0 0.3078125 0.5578125 0.01875 0.015625
1 0.2890625 0.5796875 0.0375 0.090625
0 0.2953125 0.54375 0.0125 0.0140625
1 0.20625 0.590625 0.0703125 0.1015625
0 0.19375 0.5546875 0.015625 0.0203125
1 0.2171875 0.5578125 0.05 0.1
0 0.215625 0.5171875 0.0125 0.0125
1 0.21875 0.5984375 0.040625 0.078125
0 0.2171875 0.5671875 0.0125 0.0125
1 0.2578125 0.5671875 0.0453125 0.1140625
0 0.25625 0.521875 0.0125 0.0125
1 0.3171875 0.5359375 0.0265625 0.0828125
0 0.3171875 0.503125 0.0140625 0.0140625
1 0.325 0.5328125 0.025 0.0671875
0 0.328125 0.5109375 0.0109375 0.015625
1 0.3453125 0.528125 0.0328125 0.06875
0 0.340625 0.5046875 0.0109375 0.0140625
1 0.38125 0.5234375 0.0296875 0.0671875
0 0.3828125 0.5 0.0125 0.0140625
1 0.3921875 0.546875 0.0296875 0.0796875
0 0.3953125 0.5171875 0.015625 0.015625
1 0.4015625 0.5546875 0.03125 0.075
0 0.4015625 0.5296875 0.0109375 0.015625
1 0.409375 0.5703125 0.0453125 0.1140625
0 0.4140625 0.525 0.015625 0.01875
1 0.4203125 0.5296875 0.0265625 0.0609375
0 0.4203125 0.5078125 0.0125 0.0140625
1 0.4375 0.54375 0.0453125 0.0890625
0 0.4359375 0.5109375 0.015625 0.0171875
1 0.45 0.528125 0.025 0.0625
0 0.446875 0.50625 0.0109375 0.0140625
1 0.4421875 0.515625 0.0328125 0.059375
0 0.4421875 0.49375 0.0109375 0.0140625
1 0.4390625 0.5046875 0.025 0.0578125
0 0.4421875 0.4828125 0.009375 0.0109375
1 0.41875 0.5046875 0.025 0.065625
0 0.415625 0.4796875 0.009375 0.0109375
1 0.40625 0.509375 0.0203125 0.059375
0 0.4046875 0.490625 0.009375 0.009375
1 0.3546875 0.521875 0.025 0.065625
0 0.35625 0.496875 0.009375 0.0125
1 0.35 0.5078125 0.021875 0.065625
0 0.3515625 0.484375 0.009375 0.0125
1 0.35625 0.5046875 0.021875 0.065625
0 0.359375 0.48125 0.0125 0.0125
1 0.3234375 0.515625 0.0328125 0.084375
0 0.3234375 0.4828125 0.0125 0.015625
1 0.2953125 0.525 0.0296875 0.0859375
0 0.303125 0.4890625 0.009375 0.0109375
1 0.275 0.534375 0.0265625 0.06875
0 0.2703125 0.5078125 0.009375 0.0125
1 0.2453125 0.53125 0.040625 0.0921875
0 0.2421875 0.4921875 0.009375 0.0140625
1 0.203125 0.534375 0.04375 0.090625
0 0.2 0.5015625 0.015625 0.015625
1 0.25 0.5015625 0.0296875 0.0734375
0 0.25 0.471875 0.009375 0.0109375
1 0.2953125 0.5046875 0.025 0.065625
0 0.3 0.4796875 0.009375 0.0109375
1 0.3 0.496875 0.0296875 0.065625
0 0.3015625 0.4703125 0.009375 0.0078125
1 0.3171875 0.4859375 0.0234375 0.05625
0 0.31875 0.465625 0.0078125 0.0109375
1 0.3515625 0.4953125 0.0296875 0.065625
0 0.3578125 0.4703125 0.009375 0.009375
1 0.384375 0.484375 0.0234375 0.059375
0 0.3859375 0.4609375 0.009375 0.0109375
1 0.375 0.4859375 0.0265625 0.0640625
0 0.375 0.4625 0.009375 0.0109375
1 0.440625 0.4859375 0.021875 0.053125
0 0.4421875 0.465625 0.009375 0.009375
1 0.45625 0.4828125 0.0203125 0.05625
0 0.4578125 0.4609375 0.0046875 0.0046875
1 0.4328125 0.484375 0.01875 0.0515625
0 0.4328125 0.484375 0.01875 0.0515625
1 0.409375 0.453125 0.0171875 0.04375
0 0.409375 0.4375 0.0078125 0.0078125
1 0.3953125 0.4640625 0.0203125 0.0421875
0 0.396875 0.4484375 0.0078125 0.0078125
1 0.36875 0.475 0.0171875 0.0484375
0 0.3703125 0.4578125 0.0078125 0.00625
1 0.3828125 0.45625 0.01875 0.0390625
0 0.3828125 0.440625 0.00625 0.00625
1 0.375 0.44375 0.0125 0.0328125
0 0.375 0.43125 0.0015625 0.0015625
1 0.365625 0.45 0.0125 0.0375
0 0.365625 0.4359375 0.0046875 0.003125
1 0.3703125 0.4515625 0.0125 0.0328125
0 0.3703125 0.440625 0.00625 0.00625
1 0.3890625 0.453125 0.0125 0.0328125
0 0.3890625 0.4390625 0.003125 0.003125
1 0.353125 0.4703125 0.025 0.05625
0 0.3546875 0.45 0.0078125 0.009375
1 0.3359375 0.465625 0.0203125 0.0515625
0 0.3359375 0.4484375 0.0078125 0.009375
1 0.3171875 0.475 0.0265625 0.0671875
0 0.3171875 0.4484375 0.0109375 0.009375
1 0.2984375 0.4734375 0.021875 0.0578125
0 0.2984375 0.4515625 0.0078125 0.009375
1 0.275 0.4828125 0.0265625 0.0734375
0 0.2765625 0.453125 0.0078125 0.0078125
1 0.309375 0.4578125 0.0140625 0.0375
0 0.3109375 0.44375 0.0046875 0.00625
1 0.3140625 0.4484375 0.015625 0.0421875
0 0.315625 0.4328125 0.0046875 0.00625
1 0.29375 0.4484375 0.0109375 0.0328125
0 0.2953125 0.4359375 0.0046875 0.0046875
1 0.2875 0.459375 0.0140625 0.0375
0 0.290625 0.4453125 0.00625 0.00625
1 0.2796875 0.45 0.0171875 0.0390625
0 0.2796875 0.434375 0.0078125 0.009375