1 0.16875 0.571875 0.3328125 0.515625
0 0.0703125 0.3796875 0.0765625 0.1109375
1 0.1828125 0.59375 0.3609375 0.4703125
0 0.215625 0.4171875 0.08125 0.096875
1 0.2796875 0.559375 0.45625 0.540625
0 0.3265625 0.35 0.0828125 0.0859375
1 0.5140625 0.575 0.5265625 0.509375
0 0.546875 0.39375 0.0703125 0.0953125
1 0.7265625 0.5578125 0.4609375 0.5453125
0 0.8046875 0.3328125 0.0984375 0.1078125
1 0.7265625 0.5796875 0.359375 0.5
0 0.75 0.3890625 0.075 0.0984375
1 0.8125 0.5265625 0.259375 0.6078125
0 0.853125 0.25625 0.09375 0.096875