1 0.025 0.571875 0.040625 0.1453125
0 0.0328125 0.509375 0.015625 0.0171875
1 0.0296875 0.5625 0.05625 0.234375
0 0.00625 0.475 0.0109375 0.03125
1 0.196875 0.5671875 0.0859375 0.19375
0 0.20625 0.4890625 0.0234375 0.0265625
1 0.2828125 0.5640625 0.04375 0.1390625
0 0.28125 0.5046875 0.0171875 0.0171875
1 0.265625 0.5796875 0.1140625 0.3453125
0 0.2515625 0.4453125 0.046875 0.0546875
1 0.3984375 0.5703125 0.096875 0.2546875
0 0.3953125 0.4796875 0.021875 0.0296875
1 0.459375 0.534375 0.2421875 0.4875
0 0.4453125 0.3265625 0.06875 0.0953125
1 0.5265625 0.584375 0.15 0.3265625
0 0.50625 0.446875 0.0390625 0.0390625
1 0.5796875 0.5625 0.059375 0.1640625
0 0.5796875 0.49375 0.01875 0.0234375
1 0.628125 0.571875 0.090625 0.2296875
0 0.634375 0.475 0.025 0.0296875
1 0.7296875 0.5234375 0.2625 0.5109375
0 0.740625 0.296875 0.0984375 0.1
1 0.76875 0.565625 0.0703125 0.23125
0 0.7734375 0.4640625 0.021875 0.0234375
1 0.8984375 0.56875 0.1546875 0.2921875
0 0.8796875 0.4484375 0.0390625 0.0421875
1 0.9390625 0.559375 0.06875 0.1921875
0 0.9375 0.4796875 0.0265625 0.0265625
1 0.9640625 0.58125 0.0671875 0.234375
0 0.9875 0.4890625 0.0203125 0.0453125