1 0.3625 0.5671875 0.228125 0.59375
0 0.3640625 0.3296875 0.0734375 0.1015625
1 0.6234375 0.559375 0.228125 0.609375
0 0.615625 0.3109375 0.0734375 0.096875
1 0.1453125 0.5078125 0.15 0.503125
0 0.146875 0.3015625 0.0609375 0.0796875
1 0.1875 0.471875 0.1296875 0.3890625
0 0.190625 0.3140625 0.04375 0.059375
1 0.03125 0.45625 0.059375 0.3140625
0 0.0125 0.3296875 0.021875 0.0515625
1 0.040625 0.3984375 0.078125 0.20625
0 0.034375 0.315625 0.028125 0.0359375
1 0.04375 0.3765625 0.0625 0.20625
0 0.040625 0.290625 0.025 0.0265625
1 0.515625 0.3765625 0.1109375 0.30625
0 0.50625 0.2484375 0.0375 0.040625
1 0.95625 0.3828125 0.08125 0.2671875
0 0.959375 0.2765625 0.0375 0.0390625