1 0.0171875 0.5375 0.0296875 0.1421875
0 0.0078125 0.48125 0.015625 0.021875
1 0.06875 0.578125 0.10625 0.2734375
0 0.05625 0.4625 0.03125 0.034375
1 0.06875 0.4703125 0.0484375 0.078125
0 0.06875 0.4453125 0.015625 0.0203125
1 0.0953125 0.4578125 0.0390625 0.109375
0 0.096875 0.4171875 0.0140625 0.0171875
1 0.1078125 0.5859375 0.059375 0.1921875
0 0.115625 0.5078125 0.021875 0.0265625
1 0.1390625 0.5734375 0.040625 0.146875
0 0.1390625 0.515625 0.0140625 0.0171875
1 0.15 0.4875 0.0375 0.103125
0 0.15 0.4484375 0.015625 0.021875
1 0.184375 0.5765625 0.109375 0.25625
0 0.16875 0.4703125 0.034375 0.0390625
1 0.20625 0.43125 0.059375 0.1265625
0 0.2046875 0.378125 0.0140625 0.0203125
1 0.26875 0.6078125 0.053125 0.1703125
0 0.2640625 0.5421875 0.021875 0.025
1 0.275 0.5921875 0.0765625 0.190625
0 0.271875 0.5171875 0.0265625 0.0328125
1 0.2640625 0.5671875 0.0625 0.203125
0 0.2671875 0.484375 0.021875 0.028125
1 0.3203125 0.5703125 0.071875 0.21875
0 0.3234375 0.48125 0.0265625 0.028125
1 0.3640625 0.621875 0.0765625 0.20625
0 0.36875 0.534375 0.028125 0.028125
1 0.3609375 0.6 0.0640625 0.19375
0 0.3640625 0.5171875 0.0265625 0.0265625
1 0.3640625 0.578125 0.071875 0.2
0 0.3609375 0.4953125 0.0234375 0.025
1 0.3796875 0.5 0.0484375 0.165625
0 0.378125 0.4390625 0.021875 0.021875
1 0.4296875 0.4921875 0.0484375 0.13125
0 0.425 0.4390625 0.0171875 0.0171875
1 0.421875 0.565625 0.0609375 0.228125
0 0.4375 0.46875 0.021875 0.0203125
1 0.475 0.609375 0.096875 0.25625
0 0.475 0.5078125 0.028125 0.0328125
1 0.44375 0.5953125 0.11875 0.24375
0 0.4703125 0.4984375 0.03125 0.0375
1 0.484375 0.571875 0.075 0.215625
0 0.478125 0.48125 0.025 0.0265625
1 0.51875 0.584375 0.08125 0.234375
0 0.525 0.4859375 0.0265625 0.03125
1 0.5734375 0.6140625 0.1515625 0.3375
0 0.58125 0.4703125 0.040625 0.0453125
1 0.6203125 0.6109375 0.08125 0.2578125
0 0.6296875 0.5046875 0.0296875 0.034375
1 0.659375 0.640625 0.071875 0.1828125
0 0.6625 0.5703125 0.025 0.0296875
1 0.7421875 0.6203125 0.140625 0.325
0 0.746875 0.4859375 0.0375 0.0484375
1 0.7671875 0.6125 0.159375 0.309375
0 0.7796875 0.48125 0.034375 0.04375
1 0.70625 0.5859375 0.09375 0.240625
0 0.7078125 0.4875 0.0265625 0.0375
1 0.7375 0.621875 0.1265625 0.309375
0 0.7359375 0.4890625 0.03125 0.0390625
1 0.8859375 0.4125 0.0515625 0.1375
0 0.884375 0.359375 0.0234375 0.028125
1 0.790625 0.425 0.0625 0.1484375
0 0.79375 0.3640625 0.0140625 0.021875
1 0.7734375 0.415625 0.040625 0.11875
0 0.7703125 0.36875 0.015625 0.021875
1 0.71875 0.4484375 0.08125 0.1
0 0.7203125 0.4171875 0.021875 0.028125
1 0.6515625 0.4140625 0.0609375 0.1625
0 0.6640625 0.346875 0.01875 0.021875
1 0.71875 0.41875 0.06875 0.146875
0 0.7234375 0.35625 0.0171875 0.0203125
1 0.5484375 0.434375 0.0390625 0.1078125
0 0.55 0.3875 0.0125 0.0109375
1 0.50625 0.428125 0.05 0.11875
0 0.50625 0.3765625 0.0140625 0.015625
1 0.315625 0.4328125 0.053125 0.1203125
0 0.31875 0.3734375 0.0109375 0.0109375
1 0.271875 0.41875 0.0234375 0.0671875
0 0.275 0.3953125 0.0125 0.015625
1 0.253125 0.4171875 0.0265625 0.0734375
0 0.2625 0.390625 0.0125 0.0140625