1 0.0296875 0.7109375 0.05625 0.140625
0 0.0109375 0.6578125 0.0203125 0.021875
1 0.0515625 0.7015625 0.0625 0.14375
0 0.05625 0.646875 0.0203125 0.028125
1 0.084375 0.7078125 0.1 0.24375
0 0.0890625 0.61875 0.0359375 0.0453125
1 0.153125 0.709375 0.08125 0.2390625
0 0.1484375 0.6140625 0.0359375 0.040625
1 0.221875 0.7 0.0625 0.19375
0 0.2203125 0.6265625 0.021875 0.025
1 0.3265625 0.68125 0.071875 0.178125
0 0.3296875 0.603125 0.01875 0.01875
1 0.3671875 0.6609375 0.0421875 0.1203125
0 0.36875 0.6109375 0.0125 0.0140625
1 0.409375 0.65625 0.0484375 0.0984375
0 0.403125 0.6171875 0.0109375 0.0109375
1 0.4265625 0.6453125 0.025 0.06875
0 0.425 0.6203125 0.0078125 0.009375
1 0.43125 0.640625 0.0203125 0.05
0 0.4328125 0.621875 0.00625 0.00625
1 0.453125 0.6484375 0.028125 0.0734375
0 0.45 0.61875 0.0078125 0.0078125
1 0.45625 0.6625 0.03125 0.1015625
0 0.459375 0.61875 0.0125 0.0125
1 0.484375 0.6625 0.040625 0.11875
0 0.4828125 0.6140625 0.0125 0.0140625
1 0.515625 0.6671875 0.0359375 0.1
0 0.51875 0.6265625 0.0125 0.0125
1 0.540625 0.6671875 0.040625 0.121875
0 0.540625 0.615625 0.0140625 0.0140625
1 0.571875 0.64375 0.0296875 0.071875
0 0.575 0.6140625 0.009375 0.009375
1 0.6171875 0.6390625 0.015625 0.0515625
0 0.6203125 0.6203125 0.00625 0.00625
1 0.6015625 0.6375 0.0125 0.034375
0 0.603125 0.6234375 0.003125 0.003125
1 0.609375 0.6390625 0.0125 0.0375
0 0.6125 0.6234375 0.003125 0.003125
1 0.6359375 0.64375 0.0171875 0.053125
0 0.634375 0.621875 0.0046875 0.00625
1 0.65 0.6359375 0.0171875 0.0515625
0 0.65 0.615625 0.0046875 0.00625
1 0.6625 0.6734375 0.0453125 0.140625
0 0.665625 0.615625 0.0171875 0.01875
1 0.7015625 0.671875 0.0703125 0.1265625
0 0.6890625 0.6203125 0.0171875 0.0140625
1 0.709375 0.640625 0.0203125 0.0625
0 0.7109375 0.6171875 0.0078125 0.0109375
1 0.7296875 0.64375 0.0375 0.0875
0 0.728125 0.609375 0.009375 0.0125
1 0.7546875 0.6453125 0.0265625 0.08125
0 0.759375 0.615625 0.0078125 0.009375
1 0.76875 0.65 0.040625 0.0984375
0 0.775 0.6109375 0.0109375 0.0125
1 0.790625 0.6640625 0.0546875 0.11875
0 0.8 0.615625 0.015625 0.0140625
1 0.8265625 0.6609375 0.040625 0.1203125
0 0.8265625 0.6125 0.015625 0.015625
1 0.853125 0.6375 0.025 0.0640625
0 0.8515625 0.6140625 0.0078125 0.009375
1 0.8640625 0.653125 0.0328125 0.09375
0 0.8640625 0.6171875 0.0109375 0.0109375
1 0.8734375 0.640625 0.0234375 0.0703125
0 0.875 0.6125 0.009375 0.0109375
1 0.8890625 0.65625 0.0453125 0.096875
0 0.8953125 0.6140625 0.0125 0.0125
1 0.9328125 0.65 0.0453125 0.09375
0 0.934375 0.6109375 0.0109375 0.0109375
1 0.975 0.6515625 0.028125 0.090625
0 0.9765625 0.6140625 0.0078125 0.0078125
1 0.9890625 0.665625 0.0171875 0.1109375
0 0.99375 0.6171875 0.0078125 0.0109375
1 0.9734375 0.6515625 0.0296875 0.0875
0 0.9703125 0.6171875 0.009375 0.009375
1 0.109375 0.7046875 0.0625 0.1875
0 0.109375 0.6265625 0.0171875 0.025