1 0.096875 0.6265625 0.190625 0.4921875
0 0.109375 0.4203125 0.059375 0.075
1 0.1875 0.646875 0.1640625 0.45
0 0.16875 0.45625 0.05625 0.0578125
1 0.165625 0.5875 0.1390625 0.3875
0 0.1578125 0.428125 0.04375 0.05
1 0.2578125 0.64375 0.190625 0.4578125
0 0.240625 0.45 0.05625 0.0625
1 0.3078125 0.559375 0.09375 0.2765625
0 0.30625 0.4453125 0.0359375 0.0421875
1 0.31875 0.640625 0.1375 0.41875
0 0.3390625 0.459375 0.04375 0.0515625
1 0.3890625 0.6546875 0.184375 0.434375
0 0.3765625 0.46875 0.046875 0.059375
1 0.4125 0.5515625 0.128125 0.3
0 0.4015625 0.4484375 0.0359375 0.04375
1 0.4671875 0.534375 0.1609375 0.2921875
0 0.45 0.41875 0.0265625 0.040625
1 0.453125 0.6375 0.171875 0.425
0 0.4953125 0.45625 0.0421875 0.05625
1 0.5796875 0.6828125 0.13125 0.36875
0 0.5703125 0.528125 0.04375 0.05625
1 0.6609375 0.6828125 0.10625 0.36875
0 0.6609375 0.5265625 0.040625 0.05
1 0.778125 0.68125 0.1765625 0.38125
0 0.73125 0.525 0.0359375 0.053125
1 0.8984375 0.6640625 0.196875 0.4171875
0 0.9 0.4953125 0.053125 0.078125
1 0.8609375 0.671875 0.159375 0.390625
0 0.828125 0.503125 0.04375 0.05
1 0.759375 0.671875 0.1359375 0.34375
0 0.734375 0.5265625 0.046875 0.0515625
1 0.6734375 0.61875 0.1265625 0.3328125
0 0.6890625 0.48125 0.034375 0.040625
1 0.609375 0.615625 0.13125 0.34375
0 0.609375 0.471875 0.03125 0.04375
1 0.5921875 0.5390625 0.096875 0.265625
0 0.5921875 0.434375 0.0296875 0.040625
1 0.8296875 0.4390625 0.01875 0.04375
0 0.83125 0.421875 0.00625 0.00625
1 0.8828125 0.45 0.01875 0.0390625
0 0.884375 0.434375 0.003125 0.003125
1 0.93125 0.446875 0.0234375 0.04375
0 0.93125 0.4296875 0.00625 0.00625
1 0.95625 0.4453125 0.021875 0.0484375
0 0.95625 0.4265625 0.00625 0.00625