1 0.5921875 0.515625 0.35625 0.8875
0 0.60625 0.15 0.109375 0.121875
1 0.90625 0.315625 0.1671875 0.5640625
0 0.9171875 0.0828125 0.06875 0.0953125
1 0.134375 0.2953125 0.2265625 0.4953125
0 0.1453125 0.0921875 0.0640625 0.09375
1 0.409375 0.240625 0.16875 0.44375
0 0.375 0.05625 0.0453125 0.0609375
1 0.3265625 0.19375 0.1171875 0.31875
0 0.3234375 0.05625 0.0328125 0.0375
1 0.4765625 0.1953125 0.109375 0.325
0 0.484375 0.059375 0.034375 0.046875
1 0.5265625 0.2265625 0.10625 0.2984375
0 0.528125 0.1078125 0.0375 0.040625
1 0.7078125 0.2234375 0.0953125 0.2859375
0 0.7171875 0.109375 0.0375 0.0484375
1 0.7890625 0.1875 0.0953125 0.2734375
0 0.7859375 0.0765625 0.0328125 0.0390625
1 0.8515625 0.1484375 0.0859375 0.2453125
0 0.8390625 0.053125 0.0296875 0.0328125
1 0.9546875 0.134375 0.0609375 0.19375
0 0.9578125 0.05 0.0171875 0.0203125
1 0.86875 0.2078125 0.078125 0.2328125
0 0.8625 0.128125 0.0328125 0.0421875
1 0.8671875 0.1 0.0359375 0.11875
0 0.8734375 0.0578125 0.015625 0.01875
1 0.8828125 0.1078125 0.0421875 0.1046875
0 0.8828125 0.0671875 0.0125 0.0125
1 0.7921875 0.134375 0.0671875 0.2296875
0 0.78125 0.04375 0.03125 0.0359375
1 0.7515625 0.146875 0.078125 0.259375
0 0.75 0.0375 0.028125 0.0359375
1 0.675 0.1671875 0.0796875 0.2515625
0 0.66875 0.0578125 0.025 0.0265625
1 0.6875 0.1359375 0.05625 0.171875
0 0.690625 0.0671875 0.0171875 0.021875
1 0.634375 0.146875 0.0703125 0.1875
0 0.6328125 0.0765625 0.0328125 0.0390625
1 0.6484375 0.1671875 0.075 0.1984375
0 0.640625 0.0984375 0.0390625 0.0484375
1 0.6015625 0.1546875 0.0703125 0.2
0 0.603125 0.0765625 0.03125 0.0390625
1 0.5671875 0.1484375 0.078125 0.2078125
0 0.5734375 0.06875 0.025 0.0359375
1 0.5546875 0.1390625 0.0734375 0.203125
0 0.553125 0.0609375 0.0296875 0.0328125
1 0.45 0.146875 0.0625 0.18125
0 0.440625 0.0703125 0.025 0.025
1 0.4609375 0.13125 0.0546875 0.1734375
0 0.4625 0.0640625 0.025 0.0296875
1 0.40625 0.1390625 0.075 0.190625
0 0.4078125 0.0703125 0.0203125 0.0265625
1 0.2328125 0.1796875 0.0671875 0.1875
0 0.2296875 0.103125 0.0203125 0.0203125
1 0.0328125 0.18125 0.0625 0.209375
0 0.0296875 0.090625 0.025 0.025
1 0.26875 0.178125 0.0875 0.21875
0 0.259375 0.0921875 0.0234375 0.0328125
1 0.296875 0.1828125 0.090625 0.2359375
0 0.278125 0.0921875 0.028125 0.034375
1 0.31875 0.1734375 0.0796875 0.2515625
0 0.3140625 0.0703125 0.028125 0.034375