1 0.0203125 0.44375 0.0375 0.1296875
0 0.0125 0.390625 0.01875 0.0234375
1 0.065625 0.5328125 0.1296875 0.3828125
0 0.0640625 0.3890625 0.04375 0.04375
1 0.134375 0.490625 0.1421875 0.3234375
0 0.1453125 0.365625 0.0375 0.040625
1 0.190625 0.440625 0.0484375 0.1578125
0 0.1859375 0.3765625 0.01875 0.021875
1 0.2125 0.44375 0.06875 0.1515625
0 0.21875 0.384375 0.01875 0.0234375
1 0.240625 0.44375 0.040625 0.1515625
0 0.2390625 0.3796875 0.0171875 0.021875
1 0.2609375 0.44375 0.04375 0.1515625
0 0.2625 0.38125 0.01875 0.021875
1 0.2953125 0.4328125 0.0578125 0.16875
0 0.29375 0.365625 0.01875 0.021875
1 0.334375 0.4421875 0.0578125 0.1546875
0 0.3296875 0.3796875 0.01875 0.0234375
1 0.3625 0.44375 0.05 0.146875
0 0.359375 0.3828125 0.0203125 0.021875
1 0.353125 0.4359375 0.046875 0.15625
0 0.353125 0.3703125 0.01875 0.0203125
1 0.3765625 0.3953125 0.0296875 0.0859375
0 0.378125 0.3609375 0.0109375 0.0109375
1 0.3921875 0.3953125 0.028125 0.08125
0 0.390625 0.3625 0.009375 0.009375
1 0.4015625 0.4453125 0.046875 0.15
0 0.403125 0.3875 0.0203125 0.0265625
1 0.40625 0.4328125 0.0484375 0.1671875
0 0.4078125 0.36875 0.0171875 0.0234375
1 0.4515625 0.4265625 0.059375 0.178125
0 0.45625 0.353125 0.01875 0.0234375
1 0.484375 0.5265625 0.265625 0.46875
0 0.5046875 0.3609375 0.0515625 0.053125
1 0.5578125 0.4453125 0.0578125 0.146875
0 0.55625 0.384375 0.01875 0.0234375
1 0.5921875 0.434375 0.0578125 0.1671875
0 0.5875 0.3640625 0.021875 0.0234375
1 0.6453125 0.46875 0.1265625 0.290625
0 0.621875 0.3578125 0.0390625 0.05
1 0.6546875 0.428125 0.04375 0.153125
0 0.6578125 0.3671875 0.0171875 0.021875
1 0.69375 0.4390625 0.05 0.146875
0 0.6921875 0.3796875 0.01875 0.021875
1 0.721875 0.4390625 0.046875 0.1515625
0 0.7203125 0.3734375 0.01875 0.01875
1 0.7359375 0.4265625 0.0546875 0.159375
0 0.7390625 0.359375 0.0203125 0.0234375
1 0.7734375 0.44375 0.046875 0.14375
0 0.7734375 0.384375 0.01875 0.021875
1 0.8015625 0.4328125 0.0453125 0.153125
0 0.8015625 0.3671875 0.01875 0.021875
1 0.8234375 0.4328125 0.05625 0.1546875
0 0.8234375 0.3703125 0.01875 0.025
1 0.8640625 0.4796875 0.1609375 0.371875
0 0.8546875 0.3453125 0.046875 0.046875
1 0.896875 0.4359375 0.04375 0.1453125
0 0.896875 0.3765625 0.0171875 0.0234375
1 0.93125 0.4328125 0.0515625 0.15
0 0.9265625 0.3703125 0.0171875 0.01875
1 0.9703125 0.44375 0.0546875 0.146875
0 0.9703125 0.3828125 0.021875 0.0234375
1 0.959375 0.4359375 0.0421875 0.1484375
0 0.9578125 0.375 0.0171875 0.021875
1 0.9875 0.3953125 0.01875 0.134375
0 0.99375 0.3375 0.00625 0.01875
1 0.25625 0.46875 0.04375 0.1015625
0 0.2546875 0.43125 0.015625 0.01875