1 0.653125 0.3796875 0.0140625 0.04375
0 0.653125 0.3625 0.0046875 0.00625
1 0.6421875 0.3765625 0.01875 0.0484375
0 0.6453125 0.3578125 0.00625 0.0078125
1 0.5875 0.43125 0.05 0.109375
0 0.5953125 0.3875 0.0125 0.0171875
1 0.5375 0.43125 0.046875 0.1171875
0 0.540625 0.38125 0.0140625 0.015625
1 0.5171875 0.39375 0.0171875 0.0484375
0 0.515625 0.3734375 0.00625 0.0046875
1 0.5 0.3921875 0.021875 0.0515625
0 0.5 0.371875 0.0046875 0.00625
1 0.4875 0.3984375 0.01875 0.0453125
0 0.484375 0.3796875 0.0046875 0.00625
1 0.475 0.39375 0.0171875 0.0484375
0 0.475 0.375 0.00625 0.00625
1 0.4453125 0.3890625 0.015625 0.0453125
0 0.44375 0.371875 0.0046875 0.0046875
1 0.43125 0.3859375 0.0078125 0.0265625
0 0.4328125 0.3765625 0.003125 0.003125
1 0.4171875 0.3859375 0.009375 0.028125
0 0.41875 0.375 0.0015625 0.003125
1 0.4234375 0.390625 0.015625 0.04375
0 0.4234375 0.3734375 0.0046875 0.00625
1 0.40625 0.38125 0.0078125 0.01875
0 0.4046875 0.375 0.0015625 0.0015625
1 0.128125 0.428125 0.0140625 0.0265625
0 0.1296875 0.41875 0.003125 0.0046875
1 0.1328125 0.43125 0.01875 0.025
0 0.1328125 0.421875 0.0046875 0.0046875