1 0.8546875 0.634375 0.2875 0.39375
0 0.884375 0.4890625 0.1140625 0.1515625
1 0.978125 0.5828125 0.040625 0.1609375
0 0.9890625 0.5203125 0.0171875 0.0234375
1 0.8 0.5703125 0.046875 0.1359375
0 0.7984375 0.5203125 0.01875 0.025
1 0.7828125 0.584375 0.046875 0.1375
0 0.778125 0.53125 0.021875 0.0265625
1 0.84375 0.5859375 0.0609375 0.1671875
0 0.8328125 0.515625 0.015625 0.021875
1 0.8640625 0.6640625 0.1453125 0.3328125
0 0.8640625 0.6640625 0.1453125 0.334375
1 0.834375 0.5640625 0.0421875 0.1265625
0 0.8328125 0.515625 0.015625 0.021875
1 0.7109375 0.6703125 0.13125 0.3203125
0 0.7140625 0.5359375 0.0375 0.0421875
1 0.659375 0.5984375 0.0609375 0.1578125
0 0.6796875 0.5203125 0.01875 0.0171875
1 0.603125 0.625 0.109375 0.26875
0 0.6 0.5125 0.028125 0.0359375
1 0.6390625 0.5640625 0.0390625 0.121875
0 0.6453125 0.5140625 0.0125 0.0171875
1 0.559375 0.584375 0.059375 0.171875
0 0.5625 0.5109375 0.0171875 0.0203125
1 0.5671875 0.5625 0.0375 0.1140625
0 0.5734375 0.515625 0.0109375 0.0140625
1 0.5453125 0.540625 0.0375 0.0984375
0 0.546875 0.496875 0.009375 0.0109375
1 0.5703125 0.5390625 0.0265625 0.0921875
0 0.5703125 0.5 0.009375 0.0109375
1 0.528125 0.5625 0.0375 0.1125
0 0.534375 0.5125 0.0109375 0.0109375
1 0.5296875 0.5484375 0.028125 0.096875
0 0.53125 0.50625 0.009375 0.0125
1 0.5234375 0.540625 0.0296875 0.0921875
0 0.5265625 0.5015625 0.009375 0.0125
1 0.5109375 0.534375 0.0265625 0.0890625
0 0.5140625 0.496875 0.009375 0.009375
1 0.4359375 0.65625 0.109375 0.3078125
0 0.440625 0.5328125 0.0359375 0.0421875
1 0.4734375 0.6484375 0.178125 0.3640625
0 0.478125 0.5015625 0.05625 0.0640625
1 0.3515625 0.5875 0.08125 0.2609375
0 0.35625 0.4765625 0.0296875 0.0296875
1 0.3234375 0.5734375 0.0671875 0.23125
0 0.334375 0.478125 0.0234375 0.0359375
1 0.409375 0.5765625 0.0515625 0.1859375
0 0.4078125 0.5015625 0.01875 0.0234375
1 0.3796875 0.553125 0.046875 0.146875
0 0.3890625 0.4953125 0.021875 0.0265625
1 0.44375 0.55 0.0515625 0.14375
0 0.4421875 0.490625 0.0171875 0.01875
1 0.421875 0.5234375 0.025 0.075
0 0.4234375 0.49375 0.009375 0.0109375
1 0.290625 0.5734375 0.0546875 0.19375
0 0.2953125 0.4890625 0.021875 0.0234375
1 0.2125 0.6609375 0.1453125 0.340625
0 0.2078125 0.515625 0.0375 0.05
1 0.225 0.59375 0.1015625 0.2515625
0 0.2296875 0.4890625 0.028125 0.0328125
1 0.2484375 0.5875 0.0859375 0.246875
0 0.2328125 0.48125 0.03125 0.0328125
1 0.259375 0.515625 0.021875 0.06875
0 0.259375 0.4890625 0.0078125 0.009375
1 0.2703125 0.5125 0.01875 0.071875
0 0.271875 0.4828125 0.0078125 0.009375
1 0.209375 0.5359375 0.034375 0.1390625
0 0.209375 0.4796875 0.015625 0.021875
1 0.165625 0.5421875 0.05625 0.1453125
0 0.16875 0.484375 0.0171875 0.021875
1 0.078125 0.58125 0.0953125 0.2390625
0 0.090625 0.48125 0.034375 0.0375
1 0.134375 0.53125 0.046875 0.1546875
0 0.1390625 0.46875 0.0171875 0.01875
1 0.015625 0.55625 0.03125 0.1734375
0 0.0078125 0.4828125 0.0140625 0.0203125
1 0.3046875 0.5109375 0.025 0.08125
0 0.30625 0.4796875 0.0109375 0.015625
1 0.375 0.5140625 0.0203125 0.0609375
0 0.378125 0.4890625 0.0078125 0.009375
1 0.615625 0.5203125 0.0140625 0.0453125
0 0.6125 0.5015625 0.00625 0.00625