1 0.1421875 0.5375 0.2796875 0.7296875
0 0.1015625 0.23125 0.08125 0.1015625
1 0.29375 0.5015625 0.3078125 0.696875
0 0.29375 0.2109375 0.0859375 0.090625
1 0.2953125 0.484375 0.3 0.5921875
0 0.26875 0.228125 0.05625 0.0625
1 0.421875 0.5140625 0.13125 0.5203125
0 0.396875 0.290625 0.0484375 0.0625
1 0.5328125 0.496875 0.25625 0.6015625
0 0.54375 0.2421875 0.0703125 0.0703125
1 0.6421875 0.5171875 0.14375 0.4953125
0 0.61875 0.30625 0.0515625 0.046875
1 0.7734375 0.5 0.3609375 0.7703125
0 0.7328125 0.18125 0.1 0.103125
1 0.896875 0.528125 0.196875 0.5359375
0 0.9140625 0.296875 0.0734375 0.0546875