1 0.0171875 0.553125 0.034375 0.14375
0 0.0078125 0.4953125 0.015625 0.0234375
1 0.134375 0.6 0.1234375 0.234375
0 0.140625 0.5 0.028125 0.034375
1 0.184375 0.5375 0.0359375 0.09375
0 0.1828125 0.5 0.0109375 0.0140625
1 0.2 0.54375 0.028125 0.071875
0 0.2046875 0.5140625 0.009375 0.0109375
1 0.346875 0.5546875 0.0421875 0.1546875
0 0.3421875 0.4890625 0.0171875 0.01875
1 0.3671875 0.5484375 0.040625 0.0796875
0 0.365625 0.51875 0.009375 0.015625
1 0.4078125 0.5734375 0.08125 0.171875
0 0.43125 0.5046875 0.0203125 0.021875
1 0.421875 0.5703125 0.0609375 0.1578125
0 0.4328125 0.5046875 0.021875 0.0203125
1 0.4421875 0.54375 0.0421875 0.109375
0 0.4484375 0.496875 0.0125 0.0140625
1 0.4546875 0.5453125 0.034375 0.0984375
0 0.459375 0.503125 0.0109375 0.0140625
1 0.5625 0.55 0.0546875 0.140625
0 0.559375 0.50625 0.0140625 0.01875
1 0.5703125 0.5546875 0.0453125 0.1140625
0 0.575 0.50625 0.0125 0.0140625
1 0.5890625 0.578125 0.08125 0.171875
0 0.59375 0.50625 0.0234375 0.025
1 0.6015625 0.58125 0.0609375 0.15
0 0.621875 0.521875 0.0203125 0.0203125
1 0.64375 0.5515625 0.04375 0.109375
0 0.65 0.50625 0.0140625 0.01875
1 0.715625 0.56875 0.046875 0.0765625
0 0.7234375 0.5375 0.0125 0.0140625
1 0.771875 0.5515625 0.0359375 0.0921875
0 0.7734375 0.5140625 0.0109375 0.0125
1 0.76875 0.546875 0.0375 0.0984375
0 0.76875 0.5078125 0.0109375 0.0140625
1 0.8 0.54375 0.0296875 0.0890625
0 0.803125 0.5078125 0.009375 0.0140625