1 0.1734375 0.8453125 0.0203125 0.1046875
0 0.1671875 0.803125 0.0078125 0.015625
1 0.1984375 0.8375 0.0421875 0.0953125
0 0.1984375 0.8 0.0109375 0.0140625
1 0.246875 0.8734375 0.040625 0.1078125
0 0.24375 0.8296875 0.0109375 0.0171875
1 0.253125 0.8 0.034375 0.090625
0 0.246875 0.7609375 0.0125 0.0109375
1 0.2125 0.7640625 0.028125 0.08125
0 0.2140625 0.7296875 0.009375 0.0109375
1 0.240625 0.7609375 0.03125 0.0796875
0 0.24375 0.7265625 0.009375 0.0109375
1 0.271875 0.7609375 0.0359375 0.0796875
0 0.2703125 0.7265625 0.0109375 0.0125
1 0.234375 0.70625 0.025 0.065625
0 0.23125 0.68125 0.00625 0.0078125
1 0.265625 0.7203125 0.025 0.0625
0 0.26875 0.6953125 0.009375 0.009375
1 0.2890625 0.7203125 0.025 0.0640625
0 0.2875 0.6953125 0.00625 0.0078125
1 0.290625 0.6671875 0.0203125 0.0546875
0 0.290625 0.6453125 0.00625 0.0078125
1 0.3125 0.6625 0.0234375 0.0546875
0 0.315625 0.640625 0.00625 0.009375
1 0.3328125 0.6640625 0.0171875 0.05
0 0.3328125 0.6421875 0.00625 0.00625
1 0.3609375 0.6609375 0.0203125 0.05
0 0.3625 0.640625 0.003125 0.0046875
1 0.375 0.6734375 0.021875 0.0515625
0 0.3734375 0.6515625 0.003125 0.0078125
1 0.3765625 0.603125 0.0125 0.03125
0 0.378125 0.590625 0.003125 0.0046875
1 0.3921875 0.69375 0.0234375 0.0671875
0 0.39375 0.665625 0.00625 0.009375
1 0.340625 0.734375 0.025 0.071875
0 0.3421875 0.7046875 0.00625 0.009375
1 0.3234375 0.80625 0.0328125 0.0984375
0 0.3203125 0.765625 0.0109375 0.0125
1 0.6546875 0.7078125 0.01875 0.059375
0 0.6515625 0.684375 0.00625 0.0078125
1 0.596875 0.63125 0.0171875 0.040625
0 0.5984375 0.615625 0.003125 0.0046875
1 0.5734375 0.603125 0.0140625 0.0328125
0 0.575 0.590625 0.003125 0.0046875
1 0.559375 0.60625 0.0078125 0.0171875
0 0.5609375 0.6 0 0.0015625
1 0.575 0.590625 0.009375 0.0203125
0 0.575 0.5828125 0.0015625 0.0015625
1 0.565625 0.5921875 0.009375 0.028125
0 0.565625 0.58125 0.0015625 0.0015625
1 0.5625 0.5765625 0.00625 0.0203125
0 0.5625 0.5703125 0.0015625 0.0015625
1 0.178125 0.5640625 0.0296875 0.125
0 0.16875 0.5109375 0.0140625 0.015625
1 0.2015625 0.5375 0.040625 0.090625
0 0.1953125 0.5 0.0109375 0.0125
1 0.18125 0.5421875 0.025 0.0828125
0 0.1765625 0.5078125 0.009375 0.009375
1 0.30625 0.525 0.015625 0.0453125
0 0.3078125 0.5078125 0.0046875 0.0046875
1 0.3265625 0.5203125 0.015625 0.04375
0 0.33125 0.503125 0.003125 0.0046875
1 0.3328125 0.521875 0.0125 0.0421875
0 0.334375 0.5046875 0.0046875 0.0046875
1 0.340625 0.5203125 0.0109375 0.040625
0 0.3390625 0.5046875 0.003125 0.0046875
1 0.3515625 0.51875 0.0125 0.0359375
0 0.35 0.5046875 0.003125 0.0046875
1 0.35625 0.51875 0.009375 0.0296875
0 0.3546875 0.50625 0.003125 0.003125
1 0.3671875 0.5203125 0.0140625 0.040625
0 0.3671875 0.503125 0.003125 0.0046875
1 0.525 0.5171875 0.009375 0.025
0 0.525 0.5078125 0.0015625 0.0015625
1 0.65 0.534375 0.0203125 0.0546875
0 0.65 0.5109375 0.00625 0.0046875
1 0.6703125 0.5453125 0.040625 0.078125
0 0.6671875 0.5140625 0.0109375 0.0125