1 0.0859375 0.546875 0.16875 0.4640625
0 0.0125 0.3484375 0.0234375 0.053125
1 0.11875 0.4515625 0.1484375 0.290625
0 0.109375 0.3328125 0.0375 0.046875
1 0.421875 0.4328125 0.0671875 0.184375
0 0.41875 0.3640625 0.0234375 0.0328125
1 0.4203125 0.4171875 0.078125 0.1734375
0 0.40625 0.346875 0.025 0.028125
1 0.3515625 0.4046875 0.0546875 0.165625
0 0.3515625 0.334375 0.0171875 0.0234375
1 0.4890625 0.4109375 0.0640625 0.153125
0 0.4921875 0.346875 0.01875 0.021875
1 0.540625 0.425 0.06875 0.1921875
0 0.5296875 0.3453125 0.021875 0.025
1 0.5421875 0.3859375 0.05 0.1375
0 0.5390625 0.3296875 0.0171875 0.01875
1 0.61875 0.5140625 0.196875 0.528125
0 0.603125 0.29375 0.065625 0.0859375
1 0.6890625 0.4859375 0.13125 0.375
0 0.675 0.328125 0.040625 0.05625
1 0.9578125 0.465625 0.0796875 0.2890625
0 0.978125 0.34375 0.034375 0.04375
1 0.8 0.4140625 0.0890625 0.228125
0 0.8015625 0.325 0.025 0.0328125
1 0.778125 0.4015625 0.059375 0.1640625
0 0.784375 0.334375 0.0203125 0.025
1 0.73125 0.3765625 0.0328125 0.1203125
0 0.73125 0.3296875 0.0140625 0.0171875
1 0.69375 0.3875 0.0421875 0.1359375
0 0.69375 0.3328125 0.0171875 0.025
1 0.7265625 0.35625 0.0265625 0.0921875
0 0.7265625 0.31875 0.0125 0.0125
1 0.821875 0.35 0.03125 0.0890625
0 0.821875 0.3140625 0.0125 0.0109375
1 0.9234375 0.346875 0.0390625 0.084375
0 0.9265625 0.3125 0.0125 0.0125
1 0.3640625 0.35625 0.021875 0.05625
0 0.3640625 0.3359375 0.00625 0.0078125
1 0.3765625 0.353125 0.0171875 0.0578125
0 0.375 0.3296875 0.00625 0.009375
1 0.359375 0.346875 0.01875 0.0703125
0 0.359375 0.3171875 0.009375 0.009375
1 0.3203125 0.3546875 0.01875 0.0671875
0 0.3171875 0.328125 0.0078125 0.0078125
1 0.2953125 0.3578125 0.0328125 0.0828125
0 0.290625 0.3234375 0.0109375 0.0109375
1 0.275 0.3546875 0.0265625 0.0734375
0 0.271875 0.3265625 0.009375 0.0109375
1 0.2625 0.35 0.021875 0.075
0 0.2625 0.3203125 0.0109375 0.0109375
1 0.246875 0.35 0.01875 0.0703125
0 0.253125 0.321875 0.009375 0.009375
1 0.1875 0.3578125 0.025 0.0671875
0 0.1859375 0.3296875 0.00625 0.009375
1 0.2 0.35625 0.0265625 0.0640625
0 0.196875 0.3328125 0.009375 0.009375
1 0.1328125 0.3578125 0.025 0.06875
0 0.1375 0.33125 0.00625 0.009375
1 0.0828125 0.36875 0.0265625 0.059375
0 0.0765625 0.3453125 0.009375 0.009375
1 0.06875 0.3609375 0.0234375 0.0609375
0 0.065625 0.3390625 0.00625 0.009375