1 0.0578125 0.6390625 0.1125 0.378125
0 0.046875 0.484375 0.05 0.059375
1 0.0609375 0.61875 0.115625 0.30625
0 0.0546875 0.49375 0.034375 0.0328125
1 0.275 0.6296875 0.1671875 0.3984375
0 0.271875 0.4640625 0.059375 0.0625
1 0.1140625 0.51875 0.0390625 0.084375
0 0.11875 0.4859375 0.0078125 0.0109375
1 0.1828125 0.540625 0.0375 0.1015625
0 0.1796875 0.5 0.0125 0.015625
1 0.4109375 0.625 0.1109375 0.315625
0 0.409375 0.4921875 0.0375 0.046875
1 0.5109375 0.621875 0.14375 0.3546875
0 0.509375 0.478125 0.0421875 0.053125
1 0.49375 0.6125 0.1390625 0.3265625
0 0.48125 0.4703125 0.0328125 0.0390625
1 0.596875 0.6125 0.0921875 0.315625
0 0.590625 0.48125 0.034375 0.046875
1 0.646875 0.61875 0.0875 0.2796875
0 0.65 0.5078125 0.0375 0.0421875
1 0.7296875 0.625 0.1046875 0.2859375
0 0.7375 0.5078125 0.034375 0.0421875
1 0.7921875 0.6125 0.0875 0.2546875
0 0.8015625 0.5109375 0.0265625 0.0421875
1 0.8359375 0.590625 0.10625 0.3125
0 0.834375 0.4671875 0.040625 0.053125
1 0.221875 0.5515625 0.05 0.1
0 0.2171875 0.5125 0.0140625 0.0171875
1 0.1890625 0.49375 0.025 0.0625
0 0.190625 0.4703125 0.00625 0.00625