1 0.2390625 0.9203125 0.05 0.1359375
0 0.240625 0.8609375 0.0140625 0.0125
1 0.509375 0.9734375 0.01875 0.046875
0 0.5109375 0.9578125 0.0125 0.009375
1 0.5109375 0.96875 0.028125 0.0546875
0 0.5109375 0.9515625 0.0109375 0.0125
1 0.346875 0.953125 0.025 0.0484375
0 0.3453125 0.9375 0.0078125 0.009375
1 0.3625 0.9640625 0.021875 0.0484375
0 0.3609375 0.946875 0.00625 0.0078125
1 0.28125 0.9359375 0.028125 0.08125
0 0.271875 0.9046875 0.0078125 0.0125
1 0.30625 0.946875 0.025 0.05
0 0.30625 0.9296875 0.00625 0.009375
1 0.28125 0.8734375 0.0125 0.0234375
0 0.28125 0.8640625 0.003125 0.0046875
1 0.4171875 0.95625 0.0171875 0.0375
0 0.41875 0.9421875 0.003125 0.0046875