1 0.1171875 0.7546875 0.16875 0.2328125
0 0.13125 0.75 0.0765625 0.0953125
1 0.025 0.6546875 0.04375 0.1296875
0 0.025 0.6046875 0.015625 0.0140625
1 0.1734375 0.684375 0.0625 0.0921875
0 0.1796875 0.653125 0.021875 0.0203125
1 0.165625 0.65 0.046875 0.103125
0 0.1734375 0.609375 0.015625 0.0171875
1 0.296875 0.640625 0.0390625 0.1140625
0 0.3 0.5921875 0.009375 0.0125
1 0.3140625 0.6171875 0.034375 0.078125
0 0.3140625 0.5890625 0.009375 0.0125
1 0.353125 0.659375 0.05 0.078125
0 0.359375 0.6328125 0.0078125 0.009375
1 0.38125 0.646875 0.0359375 0.075
0 0.3796875 0.6203125 0.0109375 0.015625
1 0.41875 0.6390625 0.03125 0.09375
0 0.4203125 0.6046875 0.0125 0.0171875
1 0.59375 0.7859375 0.125 0.171875
0 0.6046875 0.721875 0.034375 0.0390625
1 0.6921875 0.6984375 0.0546875 0.175
0 0.6859375 0.6265625 0.0234375 0.0265625
1 0.6109375 0.640625 0.0328125 0.0921875
0 0.6109375 0.603125 0.009375 0.0125
1 0.5796875 0.6328125 0.028125 0.0609375
0 0.584375 0.609375 0.0078125 0.009375
1 0.5578125 0.6390625 0.025 0.0671875
0 0.5609375 0.6171875 0.009375 0.009375
1 0.540625 0.6359375 0.03125 0.0609375
0 0.5421875 0.6109375 0.0078125 0.009375
1 0.64375 0.621875 0.0171875 0.0484375
0 0.6453125 0.603125 0.0046875 0.00625
1 0.646875 0.625 0.01875 0.046875
0 0.6453125 0.6078125 0.0046875 0.00625
1 0.6625 0.6203125 0.0171875 0.05
0 0.6625 0.6015625 0.0078125 0.0078125
1 0.7609375 0.6265625 0.028125 0.08125
0 0.7625 0.590625 0.0078125 0.0078125
1 0.79375 0.6296875 0.028125 0.075
0 0.7921875 0.596875 0.0078125 0.009375
1 0.8359375 0.60625 0.0109375 0.028125
0 0.8359375 0.5953125 0.0046875 0.00625
1 0.875 0.625 0.0265625 0.040625
0 0.8734375 0.6125 0.0078125 0.00625
1 0.875 0.609375 0.0140625 0.034375
0 0.875 0.596875 0.0046875 0.00625
1 0.8828125 0.6140625 0.015625 0.03125
0 0.88125 0.6046875 0.003125 0.00625
1 0.9015625 0.621875 0.01875 0.0359375
0 0.9 0.609375 0.00625 0.00625
1 0.9078125 0.6140625 0.01875 0.03125
0 0.9078125 0.6046875 0.00625 0.00625
1 0.928125 0.6078125 0.0171875 0.034375
0 0.928125 0.596875 0.003125 0.00625
1 0.925 0.63125 0.021875 0.046875
0 0.925 0.6140625 0.00625 0.00625
1 0.9390625 0.7453125 0.0984375 0.115625
0 0.946875 0.703125 0.0234375 0.028125
1 0.3234375 0.45 0.021875 0.0703125
0 0.328125 0.4234375 0.009375 0.009375
1 0.5 0.675 0.0390625 0.0890625
0 0.503125 0.640625 0.015625 0.015625