1 0.2109375 0.7078125 0.0921875 0.2078125
0 0.2109375 0.6203125 0.03125 0.0296875
1 0.271875 0.7015625 0.0796875 0.2390625
0 0.278125 0.5984375 0.0296875 0.0296875
1 0.3171875 0.6703125 0.08125 0.1640625
0 0.321875 0.603125 0.021875 0.0265625
1 0.35 0.6734375 0.0484375 0.14375
0 0.3515625 0.6125 0.0171875 0.01875
1 0.3609375 0.6796875 0.06875 0.1546875
0 0.375 0.6203125 0.01875 0.025
1 0.4125 0.6796875 0.065625 0.15625
0 0.4078125 0.615625 0.021875 0.0234375
1 0.4359375 0.6375 0.025 0.06875
0 0.434375 0.609375 0.0078125 0.009375
1 0.4421875 0.6453125 0.034375 0.078125
0 0.446875 0.615625 0.0109375 0.0125
1 0.471875 0.68125 0.053125 0.1515625
0 0.4734375 0.621875 0.015625 0.0203125
1 0.4984375 0.6890625 0.0609375 0.175
0 0.50625 0.61875 0.0234375 0.028125
1 0.5046875 0.678125 0.0703125 0.1625
0 0.509375 0.615625 0.025 0.028125
1 0.5375 0.634375 0.0234375 0.059375
0 0.5390625 0.6125 0.00625 0.0046875
1 0.553125 0.64375 0.040625 0.075
0 0.5546875 0.6140625 0.009375 0.0109375
1 0.5671875 0.6859375 0.0484375 0.1640625
0 0.5671875 0.615625 0.015625 0.021875
1 0.584375 0.6875 0.0796875 0.175
0 0.5765625 0.615625 0.01875 0.0265625
1 0.5859375 0.6640625 0.0609375 0.0828125
0 0.5921875 0.63125 0.015625 0.0125
1 0.6 0.6515625 0.0265625 0.090625
0 0.6015625 0.6125 0.0125 0.0125
1 0.65 0.7109375 0.0578125 0.1203125
0 0.6515625 0.6640625 0.01875 0.0234375
1 0.7765625 0.7046875 0.1109375 0.25
0 0.7609375 0.6 0.0265625 0.0328125
1 0.7046875 0.64375 0.053125 0.046875
0 0.7140625 0.6328125 0.009375 0.0125