1 0.884375 0.490625 0.1859375 0.453125
0 0.878125 0.3 0.053125 0.0578125
1 0.9671875 0.40625 0.0609375 0.2
0 0.9671875 0.3234375 0.01875 0.01875
1 0.734375 0.4421875 0.084375 0.265625
0 0.7265625 0.33125 0.0265625 0.03125
1 0.6671875 0.3984375 0.0265625 0.084375
0 0.665625 0.3640625 0.009375 0.009375
1 0.64375 0.4 0.0328125 0.075
0 0.6375 0.36875 0.0078125 0.009375
1 0.5078125 0.4234375 0.03125 0.08125
0 0.5046875 0.3921875 0.009375 0.0109375
1 0.396875 0.546875 0.1890625 0.465625
0 0.35 0.353125 0.0515625 0.05625
1 0.415625 0.45625 0.109375 0.2890625
0 0.4046875 0.3328125 0.034375 0.0375
1 0.2875 0.4265625 0.034375 0.08125
0 0.28125 0.396875 0.009375 0.0109375
1 0.225 0.528125 0.228125 0.503125
0 0.2 0.325 0.0546875 0.0671875
1 0.0171875 0.459375 0.021875 0.059375
0 0.0140625 0.434375 0.009375 0.009375