1 0.00859375 0.62421875 0.0171875 0.0265625
0 0.0109375 0.615625 0.00625 0.00625
1 0.034375 0.625 0.0125 0.0203125
0 0.0359375 0.61875 0.003125 0.003125
1 0.0453125 0.6265625 0.0125 0.021875
0 0.0453125 0.6203125 0.0046875 0.0046875
1 0.1 0.6296875 0.015625 0.0265625
0 0.103125 0.621875 0.00625 0.00625
1 0.1296875 0.634375 0.0140625 0.021875
0 0.128125 0.628125 0.0046875 0.00625
1 0.1390625 0.634375 0.0125 0.0203125
0 0.1390625 0.6296875 0.003125 0.003125
1 0.15 0.634375 0.0125 0.0234375
0 0.15 0.628125 0.0046875 0.0046875
1 0.175 0.6265625 0.0125 0.021875
0 0.175 0.61875 0.0046875 0.0046875
1 0.28125 0.6265625 0.0125 0.0203125
0 0.284375 0.6203125 0.0046875 0.0046875
1 0.265625 0.6265625 0.0125 0.0203125
0 0.26875 0.6203125 0.0046875 0.0046875
1 0.678125 0.6390625 0.0125 0.034375
0 0.678125 0.6265625 0.00625 0.00625
1 0.7296875 0.6375 0.0125 0.0265625
0 0.7328125 0.6296875 0.0046875 0.0046875
1 0.740625 0.6390625 0.0125 0.0296875
0 0.7421875 0.6296875 0.003125 0.003125
1 0.7625 0.6390625 0.0125 0.028125
0 0.7625 0.6296875 0.00625 0.00625
1 0.775 0.6390625 0.0125 0.025
0 0.775 0.6296875 0.0046875 0.0046875
1 0.0421875 0.69375 0.0171875 0.0375
0 0.0421875 0.6796875 0.00625 0.00625
1 0.0515625 0.69375 0.01875 0.0390625
0 0.0515625 0.678125 0.0046875 0.00625
1 0.0640625 0.6890625 0.0171875 0.0375
0 0.0640625 0.675 0.0046875 0.00625
1 0.0609375 0.7234375 0.01875 0.0546875
0 0.0609375 0.703125 0.00625 0.0078125
1 0.0671875 0.6984375 0.01875 0.0375
0 0.0671875 0.68125 0.0046875 0.0046875
1 0.075 0.715625 0.0171875 0.0484375
0 0.075 0.6984375 0.0078125 0.0078125
1 0.0828125 0.703125 0.01875 0.046875
0 0.0828125 0.6859375 0.00625 0.00625
1 0.0875 0.690625 0.0125 0.03125
0 0.0859375 0.6765625 0.0046875 0.0046875
1 0.09375 0.6953125 0.0125 0.0328125
0 0.09375 0.6828125 0.00625 0.00625
1 0.10625 0.6953125 0.0125 0.0375
0 0.1046875 0.6796875 0.00625 0.00625
1 0.090625 0.7265625 0.021875 0.05
0 0.0890625 0.7078125 0.00625 0.00625
1 0.0953125 0.71875 0.0171875 0.0484375
0 0.09375 0.7015625 0.00625 0.0078125
1 0.1109375 0.7265625 0.025 0.0578125
0 0.1171875 0.703125 0.0078125 0.0078125
1 0.1546875 0.7203125 0.01875 0.0578125
0 0.1546875 0.6984375 0.00625 0.0078125
1 0.16875 0.71875 0.01875 0.053125
0 0.16875 0.6984375 0.00625 0.00625
1 0.1359375 0.7109375 0.028125 0.0453125
0 0.1296875 0.69375 0.0078125 0.0078125
1 0.075 0.759375 0.021875 0.0734375
0 0.0796875 0.73125 0.0078125 0.009375
1 0.0390625 0.796875 0.0234375 0.0796875
0 0.040625 0.765625 0.0125 0.0125
1 0.0484375 0.80625 0.0390625 0.0765625
0 0.0578125 0.778125 0.0125 0.0125
1 0.1203125 0.753125 0.0234375 0.0640625
0 0.128125 0.728125 0.0078125 0.009375
1 0.11875 0.7828125 0.025 0.0671875
0 0.1265625 0.7578125 0.0078125 0.0078125
1 0.1234375 0.803125 0.034375 0.0765625
0 0.1328125 0.7734375 0.0125 0.0140625
1 0.15 0.7671875 0.021875 0.0734375
0 0.15625 0.7390625 0.0078125 0.0078125
1 0.159375 0.7703125 0.03125 0.08125
0 0.16875 0.7375 0.009375 0.009375
1 0.184375 0.73125 0.0234375 0.0453125
0 0.190625 0.7140625 0.00625 0.00625
1 0.196875 0.709375 0.0171875 0.0390625
0 0.1953125 0.6984375 0.0046875 0.00625
1 0.1921875 0.7625 0.040625 0.053125
0 0.203125 0.74375 0.0078125 0.009375
1 0.209375 0.7078125 0.01875 0.0375
0 0.2078125 0.6953125 0.0046875 0.0046875
1 0.2296875 0.7171875 0.025 0.046875
0 0.221875 0.7 0.0078125 0.00625
1 0.2328125 0.6984375 0.01875 0.0375
0 0.234375 0.6828125 0.00625 0.00625
1 0.23125 0.771875 0.0546875 0.03125
0 0.2109375 0.765625 0.009375 0.0078125
1 0.203125 0.8125 0.0328125 0.0703125
0 0.2140625 0.7859375 0.0125 0.0125
1 0.16875 0.809375 0.046875 0.0765625
0 0.178125 0.7796875 0.0109375 0.0109375
1 0.2515625 0.6984375 0.015625 0.034375
0 0.25 0.6859375 0.00625 0.00625
1 0.2625 0.703125 0.01875 0.0390625
0 0.2609375 0.6890625 0.00625 0.00625
1 0.26875 0.696875 0.0203125 0.040625
0 0.26875 0.68125 0.00625 0.00625
1 0.2734375 0.7515625 0.025 0.0640625
0 0.2765625 0.7265625 0.00625 0.00625
1 0.3046875 0.696875 0.0234375 0.0375
0 0.303125 0.6859375 0.00625 0.00625
1 0.30625 0.721875 0.01875 0.053125
0 0.30625 0.7 0.00625 0.00625
1 0.33125 0.7171875 0.0140625 0.0484375
0 0.3296875 0.6984375 0.00625 0.00625
1 0.325 0.6984375 0.015625 0.0359375
0 0.325 0.6859375 0.00625 0.0078125
1 0.3328125 0.7 0.015625 0.04375
0 0.3296875 0.684375 0.00625 0.00625
1 0.3421875 0.7 0.0140625 0.046875
0 0.340625 0.68125 0.00625 0.00625
1 0.3515625 0.7234375 0.021875 0.05
0 0.35 0.7046875 0.00625 0.00625
1 0.3609375 0.703125 0.0203125 0.0453125
0 0.35625 0.6859375 0.00625 0.0078125
1 0.371875 0.721875 0.0125 0.04375
0 0.371875 0.7015625 0.00625 0.00625
1 0.4 0.725 0.0203125 0.0609375
0 0.396875 0.7015625 0.0078125 0.009375
1 0.421875 0.7109375 0.0140625 0.0484375
0 0.421875 0.6921875 0.00625 0.0078125
1 0.43125 0.7 0.01875 0.040625
0 0.43125 0.684375 0.00625 0.0078125
1 0.4359375 0.7171875 0.025 0.0484375
0 0.434375 0.7 0.00625 0.00625
1 0.45 0.7078125 0.025 0.025
0 0.44375 0.7015625 0.00625 0.0046875
1 0.4515625 0.6984375 0.01875 0.03125
0 0.4453125 0.690625 0.00625 0.00625
1 0.465625 0.7078125 0.021875 0.0453125
0 0.4671875 0.6890625 0.00625 0.00625
1 0.3046875 0.8140625 0.034375 0.0765625
0 0.3046875 0.7859375 0.0109375 0.0125
1 0.334375 0.8078125 0.0328125 0.0765625
0 0.3375 0.7796875 0.009375 0.0125
1 0.371875 0.8125 0.0328125 0.0734375
0 0.3796875 0.784375 0.0109375 0.0125
1 0 0.14375 0 0
0 0.4046875 0.7921875 0.0125 0.0125
1 0.3890625 0.759375 0.034375 0.0796875
0 0.3984375 0.73125 0.0109375 0.0125
1 0.425 0.765625 0.025 0.0703125
0 0.4296875 0.7390625 0.009375 0.009375
1 0.4625 0.75625 0.01875 0.0515625
0 0.4625 0.7359375 0.0078125 0.0078125
1 0.475 0.7578125 0.025 0.06875
0 0.478125 0.734375 0.0109375 0.0125
1 0.4859375 0.7265625 0.01875 0.0640625
0 0.4859375 0.7 0.0078125 0.0078125
1 0.56875 0.7140625 0.0171875 0.0453125
0 0.5671875 0.6953125 0.00625 0.00625
1 0.584375 0.7046875 0.01875 0.0453125
0 0.584375 0.6890625 0.00625 0.00625
1 0.6171875 0.7078125 0.015625 0.046875
0 0.6140625 0.6890625 0.00625 0.00625
1 0.6265625 0.7171875 0.0171875 0.046875
0 0.6265625 0.6984375 0.0078125 0.0078125
1 0.6421875 0.7203125 0.01875 0.0453125
0 0.6390625 0.70625 0.00625 0.0078125
1 0.653125 0.721875 0.015625 0.0515625
0 0.6515625 0.7046875 0.00625 0.0078125
1 0.678125 0.7015625 0.0125 0.040625
0 0.6765625 0.6859375 0.00625 0.00625
1 0.6984375 0.70625 0.0234375 0.0453125
0 0.69375 0.6875 0.00625 0.00625
1 0.7046875 0.721875 0.0171875 0.05
0 0.7015625 0.7046875 0.00625 0.00625
1 0.7203125 0.734375 0.0171875 0.0515625
0 0.7203125 0.7140625 0.0046875 0.00625
1 0.7359375 0.7421875 0.0203125 0.0421875
0 0.7359375 0.7265625 0.00625 0.0046875
1 0.7421875 0.765625 0.0234375 0.05625
0 0.7390625 0.74375 0.00625 0.00625
1 0.7609375 0.73125 0.0265625 0.059375
0 0.759375 0.7078125 0.00625 0.00625
1 0.7515625 0.7125 0.015625 0.046875
0 0.75 0.69375 0.00625 0.00625
1 0.759375 0.7109375 0.0125 0.0359375
0 0.75625 0.6984375 0.00625 0.00625
1 0.7765625 0.7734375 0.0296875 0.0734375
0 0.784375 0.74375 0.009375 0.0125
1 0.8125 0.7046875 0.015625 0.0359375
0 0.8109375 0.6921875 0.00625 0.00625
1 0.8234375 0.7015625 0.0171875 0.03125
0 0.81875 0.6921875 0.00625 0.00625
1 0.8390625 0.7109375 0.0125 0.0390625
0 0.8375 0.69375 0.00625 0.0046875
1 0.840625 0.7078125 0.01875 0.0453125
0 0.8359375 0.690625 0.00625 0.00625
1 0.8453125 0.703125 0.0171875 0.040625
0 0.84375 0.6875 0.00625 0.00625
1 0.853125 0.7140625 0.0125 0.0484375
0 0.8515625 0.6953125 0.00625 0.009375
1 0.8859375 0.7109375 0.0171875 0.0453125
0 0.884375 0.6921875 0.00625 0.00625
1 0.903125 0.7046875 0.0203125 0.0390625
0 0.9 0.690625 0.00625 0.00625
1 0.9109375 0.715625 0.01875 0.046875
0 0.909375 0.6984375 0.00625 0.0078125
1 0.9296875 0.7125 0.01875 0.05
0 0.9265625 0.6953125 0.0078125 0.009375
1 0.909375 0.7703125 0.025 0.06875
0 0.9109375 0.74375 0.0078125 0.0078125
1 0.8078125 0.74375 0.021875 0.053125
0 0.8078125 0.721875 0.00625 0.00625
1 0.8203125 0.75 0.025 0.05625
0 0.825 0.73125 0.00625 0.0078125
1 0.5984375 0.7546875 0.021875 0.05
0 0.6 0.7359375 0.0078125 0.0078125
1 0.5421875 0.759375 0.028125 0.0828125
0 0.55 0.7265625 0.00625 0.0078125
1 0.534375 0.8078125 0.0203125 0.0703125
0 0.5390625 0.7796875 0.009375 0.009375
1 0.5515625 0.8078125 0.0265625 0.078125
0 0.5515625 0.778125 0.0125 0.0140625
1 0.603125 0.790625 0.0265625 0.0671875
0 0.60625 0.7640625 0.0140625 0.0125
1 0.5859375 0.815625 0.0203125 0.0671875
0 0.590625 0.7890625 0.0125 0.0125
1 0.5984375 0.809375 0.0265625 0.084375
0 0.6046875 0.7765625 0.0125 0.0125
1 0.6046875 0.809375 0.03125 0.078125
0 0.60625 0.7765625 0.0078125 0.009375
1 0.6 0.8234375 0.021875 0.05625
0 0.603125 0.8046875 0.0109375 0.0125
1 0.61875 0.815625 0.025 0.0734375
0 0.6203125 0.7875 0.0125 0.0125
1 0.6421875 0.8 0.0359375 0.1015625
0 0.6546875 0.75625 0.009375 0.009375
1 0.646875 0.7890625 0.0375 0.0703125
0 0.65625 0.75625 0.0078125 0.0078125
1 0.665625 0.821875 0.021875 0.05625
0 0.66875 0.803125 0.009375 0.009375
1 0.696875 0.8125 0.03125 0.0765625
0 0.7078125 0.7828125 0.0125 0.0109375
1 0.70625 0.821875 0.04375 0.0578125
0 0.721875 0.8015625 0.0125 0.0140625
1 0.7421875 0.8140625 0.03125 0.071875
0 0.7421875 0.7859375 0.0125 0.0140625
1 0.74375 0.8 0.028125 0.0765625
0 0.75 0.771875 0.0125 0.0140625
1 0.778125 0.809375 0.03125 0.08125
0 0.78125 0.7796875 0.0125 0.0140625
1 0.8078125 0.7859375 0.025 0.0703125
0 0.815625 0.75625 0.00625 0.0109375
1 0.8375 0.784375 0.025 0.075
0 0.8375 0.7546875 0.009375 0.0109375
1 0.846875 0.7828125 0.03125 0.0796875
0 0.85 0.753125 0.0125 0.0140625
1 0.85 0.8046875 0.025 0.075
0 0.8546875 0.775 0.009375 0.0125
1 0.86875 0.8078125 0.03125 0.084375
0 0.86875 0.775 0.0125 0.0125
1 0.8953125 0.790625 0.034375 0.090625
0 0.8953125 0.75 0.009375 0.00625
1 0.8859375 0.8234375 0.03125 0.0546875
0 0.8921875 0.803125 0.0125 0.0109375
1 0.175 0.7921875 0.034375 0.071875
0 0.184375 0.76875 0.009375 0.00625
1 0.1 0.70625 0.01875 0.0421875
0 0.1 0.70625 0.01875 0.0421875
1 0.4109375 0.740625 0.015625 0.0515625
0 0.4140625 0.7203125 0.009375 0.009375
1 0.4203125 0.7375 0.015625 0.0515625
0 0.41875 0.715625 0.00625 0.00625
1 0.5828125 0.7015625 0.01875 0.0390625
0 0.584375 0.6890625 0.00625 0.00625
1 0.6640625 0.725 0.015625 0.0390625
0 0.659375 0.7109375 0.00625 0.00625
1 0.6703125 0.721875 0.01875 0.04375
0 0.66875 0.7046875 0.00625 0.00625
1 0.69375 0.7046875 0.0125 0.0453125
0 0.6953125 0.6859375 0.003125 0.00625
1 0.740625 0.721875 0.015625 0.046875
0 0.740625 0.7046875 0.00625 0.00625
1 0.8484375 0.765625 0.01875 0.0625
0 0.8484375 0.740625 0.009375 0.009375
1 0.85625 0.7484375 0.01875 0.0515625
0 0.85625 0.7296875 0.00625 0.0109375
1 0.8328125 0.7328125 0.021875 0.0515625
0 0.83125 0.7140625 0.00625 0.00625
1 0.8546875 0.7296875 0.021875 0.0515625
0 0.85625 0.709375 0.003125 0.00625
1 0.9109375 0.75 0.0125 0.0484375
0 0.9140625 0.7296875 0.00625 0.00625
1 0.88125 0.734375 0.028125 0.0578125
0 0.8828125 0.7109375 0.00625 0.00625
1 0.8921875 0.734375 0.015625 0.0453125
0 0.8921875 0.715625 0.00625 0.00625