1 0.4828125 0.703125 0.140625 0.371875
0 0.46875 0.5453125 0.0390625 0.0484375
1 0.425 0.6984375 0.1 0.321875
0 0.4203125 0.5625 0.0375 0.04375
1 0.5 0.64375 0.065625 0.1921875
0 0.5 0.571875 0.01875 0.0234375
1 0.540625 0.6125 0.0421875 0.125
0 0.5421875 0.5609375 0.0125 0.015625
1 0.559375 0.640625 0.06875 0.1984375
0 0.5578125 0.559375 0.021875 0.0265625
1 0.6109375 0.6421875 0.0796875 0.18125
0 0.6078125 0.565625 0.01875 0.021875
1 0.6015625 0.6 0.04375 0.128125
0 0.6078125 0.5484375 0.0140625 0.015625
1 0.240625 0.7453125 0.0265625 0.0640625
0 0.2390625 0.7203125 0.00625 0.009375