1 0.75625 0.85625 0.0125 0.028125
0 0.759375 0.846875 0.003125 0.003125
1 0.740625 0.803125 0.009375 0.028125
0 0.740625 0.79375 0.003125 0.003125
1 0.7421875 0.8015625 0.0125 0.0296875
0 0.74375 0.790625 0.003125 0.003125
1 0.8171875 0.703125 0.0125 0.0234375
0 0.8203125 0.6953125 0.0015625 0.0015625
1 0.8375 0.7171875 0.009375 0.0234375
0 0.8390625 0.709375 0.0015625 0.0015625
1 0.85 0.709375 0.009375 0.021875
0 0.8515625 0.7 0.003125 0.0015625
1 0.8640625 0.7234375 0.0078125 0.0265625
0 0.865625 0.7140625 0.003125 0.003125
1 0.828125 0.6765625 0.0109375 0.0203125
0 0.8265625 0.66875 0.0015625 0.0015625
1 0.8015625 0.6609375 0.0078125 0.01875
0 0.803125 0.653125 0.0015625 0.0015625
1 0.4953125 0.846875 0.0140625 0.034375
0 0.496875 0.834375 0.003125 0.0046875
1 0.48125 0.796875 0.0140625 0.0265625
0 0.48125 0.784375 0.0015625 0.003125
1 0.475 0.7625 0.0125 0.0265625
0 0.4734375 0.753125 0.003125 0.003125
1 0.5578125 0.784375 0.0140625 0.028125
0 0.55625 0.775 0.003125 0.003125
1 0.5515625 0.7796875 0.009375 0.0265625
0 0.553125 0.7703125 0.0015625 0.0015625
1 0.540625 0.69375 0.0078125 0.0203125
0 0.5421875 0.6875 0.0015625 0.003125
1 0.565625 0.71875 0.0078125 0.0234375
0 0.5671875 0.7109375 0.0015625 0.003125
1 0.5828125 0.721875 0.0078125 0.021875
0 0.58125 0.7140625 0.003125 0.003125
1 0.590625 0.7 0.009375 0.0203125
0 0.590625 0.69375 0.0015625 0.003125
1 0.59375 0.671875 0.00625 0.0203125
0 0.59375 0.665625 0.0015625 0.0015625
1 0.634375 0.684375 0.009375 0.021875
0 0.6359375 0.6765625 0.003125 0.003125
1 0.6375 0.7046875 0.0125 0.025
0 0.6390625 0.6953125 0.0015625 0.0015625
1 0.6578125 0.65625 0.0078125 0.0203125
0 0.659375 0.6484375 0.0015625 0.003125
1 0.68125 0.6375 0.0078125 0.01875
0 0.68125 0.6296875 0.0015625 0.0015625
1 0.7234375 0.6140625 0.009375 0.015625
0 0.721875 0.609375 0.0015625 0.0015625
1 0.73125 0.6078125 0.00625 0.0171875
0 0.7328125 0.6015625 0.0015625 0.0015625
1 0.7359375 0.609375 0.0046875 0.015625
0 0.7375 0.603125 0.0015625 0.0015625
1 0.8109375 0.58125 0.0046875 0.0140625
0 0.8109375 0.575 0.0015625 0.0015625
1 0.815625 0.58125 0.0046875 0.0140625
0 0.815625 0.5765625 0.0015625 0.0015625
1 0.8765625 0.553125 0.00625 0.0125
0 0.8765625 0.5484375 0 0
1 0.990625 0.6109375 0.0109375 0.0171875
0 0.99375 0.6046875 0.0015625 0.0015625
1 0.984375 0.5828125 0.0046875 0.0125
0 0.9859375 0.578125 0.0015625 0.0015625
1 0.9546875 0.553125 0.0046875 0.0109375
0 0.95625 0.55 0.0015625 0.0015625
1 0.9625 0.5453125 0.00625 0.0109375
0 0.9625 0.5421875 0.0015625 0.0015625
1 0.0109375 0.6953125 0.009375 0.025
0 0.0125 0.6890625 0.003125 0.003125
1 0.0171875 0.6953125 0.0078125 0.025
0 0.0171875 0.6859375 0.0015625 0.0015625
1 0.00390625 0.690625 0.0078125 0.021875
0 0.0046875 0.684375 0.0015625 0.0015625
1 0.0046875 0.61875 0.0078125 0.0140625
0 0.003125 0.6125 0.0015625 0.0015625
1 0.0234375 0.621875 0.0046875 0.015625
0 0.0234375 0.615625 0.0015625 0.0015625
1 0.0328125 0.628125 0.0078125 0.0171875
0 0.0328125 0.621875 0.0015625 0.0015625
1 0.1015625 0.615625 0.009375 0.0171875
0 0.1015625 0.6109375 0.0015625 0.0015625
1 0.1203125 0.621875 0.009375 0.01875
0 0.1203125 0.615625 0.0015625 0.0015625
1 0.3140625 0.596875 0.0078125 0.0171875
0 0.3125 0.590625 0.0015625 0.0015625
1 0.3265625 0.5890625 0.0078125 0.0140625
0 0.3265625 0.584375 0.0015625 0.0015625
1 0.33125 0.6 0.009375 0.0171875
0 0.33125 0.5921875 0.0015625 0.0015625
1 0.4515625 0.6140625 0.0078125 0.01875
0 0.45 0.609375 0.0015625 0.0015625
1 0.0078125 0.6140625 0.0078125 0.0171875
0 0.0078125 0.6046875 0.0015625 0.0015625
1 0.1125 0.63125 0.00625 0.01875
0 0.1109375 0.625 0.0015625 0.003125