1 0.059375 0.559375 0.1171875 0.34375
0 0.046875 0.4140625 0.04375 0.046875
1 0.1796875 0.5671875 0.2078125 0.4234375
0 0.190625 0.390625 0.0671875 0.0921875
1 0.1578125 0.5796875 0.1234375 0.328125
0 0.16875 0.4171875 0.046875 0.053125
1 0.1578125 0.58125 0.2140625 0.3921875
0 0.16875 0.4203125 0.046875 0.053125
1 0.3546875 0.590625 0.190625 0.375
0 0.35 0.4375 0.0484375 0.059375
1 0.3125 0.584375 0.1328125 0.359375
0 0.3125 0.434375 0.034375 0.0546875
1 0.31875 0.5359375 0.1375 0.2875
0 0.3125 0.4375 0.0390625 0.053125
1 0.40625 0.55 0.1078125 0.2875
0 0.4015625 0.428125 0.0234375 0.028125
1 0.43125 0.5875 0.1296875 0.3609375
0 0.43125 0.4390625 0.040625 0.053125
1 0.525 0.584375 0.146875 0.3859375
0 0.525 0.425 0.0484375 0.065625
1 0.634375 0.5796875 0.1640625 0.396875
0 0.6453125 0.4234375 0.0640625 0.0765625
1 0.5515625 0.6 0.1640625 0.34375
0 0.5828125 0.453125 0.04375 0.0484375
1 0.6296875 0.596875 0.153125 0.3625
0 0.659375 0.4546875 0.0390625 0.0484375
1 0.6734375 0.540625 0.084375 0.259375
0 0.675 0.4375 0.0234375 0.0328125
1 0.73125 0.5796875 0.1078125 0.3578125
0 0.7234375 0.434375 0.04375 0.0609375
1 0.75625 0.575 0.1109375 0.328125
0 0.7578125 0.4390625 0.034375 0.046875
1 0.7859375 0.5625 0.09375 0.2734375
0 0.7890625 0.45625 0.0390625 0.0515625
1 0.821875 0.603125 0.24375 0.3484375
0 0.85 0.459375 0.053125 0.0546875
1 0.934375 0.571875 0.1234375 0.4125
0 0.9328125 0.415625 0.065625 0.0671875
1 0.89375 0.59375 0.0875 0.3046875
0 0.9 0.46875 0.034375 0.0515625
1 0.609375 0.5546875 0.1328125 0.371875
0 0.6125 0.3953125 0.034375 0.0390625