1 0.546875 0.5578125 0.1125 0.2875
0 0.553125 0.4328125 0.034375 0.034375
1 0.4390625 0.5328125 0.0578125 0.1359375
0 0.434375 0.4765625 0.0203125 0.021875
1 0.38125 0.5484375 0.0984375 0.2359375
0 0.384375 0.4484375 0.0234375 0.03125
1 0.28125 0.528125 0.059375 0.15625
0 0.275 0.4625 0.021875 0.021875
1 0.20625 0.515625 0.034375 0.0859375
0 0.20625 0.478125 0.0125 0.0109375
1 0.184375 0.5078125 0.0203125 0.0515625
0 0.1828125 0.4875 0.00625 0.0078125
1 0.153125 0.5109375 0.0265625 0.059375
0 0.153125 0.4859375 0.0078125 0.0078125
1 0.096875 0.5171875 0.0375 0.0875
0 0.090625 0.48125 0.0109375 0.0125
1 0.0578125 0.51875 0.0453125 0.0828125
0 0.0609375 0.4859375 0.0109375 0.0109375
1 0.028125 0.51875 0.0296875 0.0734375
0 0.028125 0.4890625 0.0109375 0.009375
1 0.3421875 0.50625 0.0171875 0.0484375
0 0.3421875 0.4859375 0.00625 0.0078125
1 0.33125 0.50625 0.0171875 0.0484375
0 0.3328125 0.4875 0.0078125 0.0078125
1 0.3109375 0.5078125 0.015625 0.0484375
0 0.3109375 0.4875 0.00625 0.00625
1 0.4640625 0.509375 0.015625 0.0375
0 0.4640625 0.4953125 0.0046875 0.00625
1 0.4796875 0.509375 0.015625 0.0421875
0 0.4796875 0.4921875 0.0046875 0.00625
1 0.496875 0.5109375 0.0234375 0.05625
0 0.496875 0.4875 0.00625 0.0078125
1 0.6046875 0.5140625 0.0328125 0.0671875
0 0.6015625 0.4859375 0.009375 0.009375
1 0.6171875 0.515625 0.0203125 0.0515625
0 0.6203125 0.49375 0.00625 0.0078125
1 0.6265625 0.5125 0.0171875 0.04375
0 0.6265625 0.4953125 0.0046875 0.00625
1 0.646875 0.5203125 0.0296875 0.065625
0 0.64375 0.4921875 0.0078125 0.0078125
1 0.6546875 0.51875 0.021875 0.0625
0 0.6546875 0.49375 0.0078125 0.009375
1 0.6734375 0.5203125 0.0203125 0.0578125
0 0.675 0.496875 0.00625 0.0078125
1 0.6953125 0.521875 0.025 0.0578125
0 0.6953125 0.4984375 0.00625 0.0078125
1 0.7265625 0.5109375 0.0203125 0.0484375
0 0.7265625 0.4921875 0.0046875 0.00625
1 0.734375 0.5078125 0.0125 0.0421875
0 0.734375 0.490625 0.00625 0.00625
1 0.934375 0.5203125 0.0296875 0.084375
0 0.934375 0.4828125 0.009375 0.0078125
1 0.878125 0.515625 0.021875 0.0640625
0 0.878125 0.4890625 0.00625 0.00625
1 0.81875 0.5140625 0.0234375 0.053125
0 0.8203125 0.49375 0.0078125 0.009375
1 0.4859375 0.50625 0.0140625 0.040625
0 0.484375 0.490625 0.0046875 0.0046875
1 0.228125 0.50625 0.0140625 0.034375
0 0.228125 0.4921875 0.0046875 0.0046875
1 0.240625 0.5046875 0.0109375 0.028125
0 0.240625 0.49375 0.0046875 0.0046875
1 0.2484375 0.5046875 0.009375 0.0328125
0 0.25 0.4921875 0.0046875 0.003125
1 0.1078125 0.5109375 0.0203125 0.0453125
0 0.109375 0.49375 0.00625 0.00625
1 0.06875 0.5125 0.0203125 0.065625
0 0.06875 0.4859375 0.00625 0.009375