1 0.95 0.5421875 0.09375 0.20625
0 0.9625 0.45625 0.0296875 0.03125
1 0.91875 0.534375 0.078125 0.1921875
0 0.93125 0.45625 0.025 0.0265625
1 0.8296875 0.54375 0.0796875 0.20625
0 0.8234375 0.459375 0.0234375 0.0296875
1 0.80625 0.5515625 0.1015625 0.2484375
0 0.790625 0.446875 0.0296875 0.034375
1 0.7609375 0.54375 0.06875 0.18125
0 0.75625 0.4703125 0.025 0.0265625
1 0.709375 0.48125 0.0265625 0.059375
0 0.70625 0.459375 0.0078125 0.0078125
1 0.6890625 0.48125 0.025 0.0640625
0 0.6875 0.45625 0.009375 0.0078125
1 0.64375 0.5421875 0.071875 0.2109375
0 0.634375 0.4546875 0.025 0.0296875
1 0.6125 0.5125 0.0421875 0.1125
0 0.6109375 0.46875 0.0125 0.01875
1 0.58125 0.521875 0.0390625 0.1234375
0 0.58125 0.475 0.0125 0.01875
1 0.5734375 0.55 0.084375 0.20625
0 0.55625 0.4609375 0.025 0.0234375
1 0.5390625 0.609375 0.084375 0.2484375
0 0.540625 0.50625 0.034375 0.034375
1 0.465625 0.59375 0.10625 0.2890625
0 0.475 0.46875 0.0375 0.0375
1 0.509375 0.4953125 0.03125 0.1015625
0 0.5109375 0.453125 0.0125 0.015625
1 0.55625 0.49375 0.0375 0.1125
0 0.55625 0.4453125 0.0125 0.0125
1 0.528125 0.4875 0.028125 0.0875
0 0.5296875 0.4515625 0.0125 0.0125
1 0.4921875 0.4828125 0.025 0.0859375
0 0.49375 0.4484375 0.0125 0.0125
1 0.43125 0.5265625 0.05 0.134375
0 0.4359375 0.4703125 0.0171875 0.01875
1 0.3734375 0.51875 0.04375 0.13125
0 0.3765625 0.465625 0.0140625 0.01875
1 0.4046875 0.5 0.03125 0.1046875
0 0.409375 0.4578125 0.0125 0.015625
1 0.34375 0.5125 0.04375 0.109375
0 0.3484375 0.4671875 0.0140625 0.015625
1 0.359375 0.5015625 0.03125 0.10625
0 0.3609375 0.459375 0.0125 0.015625
1 0.328125 0.49375 0.0328125 0.1125
0 0.3296875 0.45 0.0140625 0.01875
1 0.2984375 0.5125 0.0421875 0.1125
0 0.296875 0.46875 0.0125 0.015625
1 0.265625 0.5296875 0.0484375 0.1265625
0 0.271875 0.478125 0.0171875 0.01875
1 0.16875 0.628125 0.171875 0.4125
0 0.16875 0.459375 0.0515625 0.0671875
1 0.13125 0.515625 0.04375 0.1359375
0 0.1296875 0.4625 0.0171875 0.015625
1 0.10625 0.534375 0.0421875 0.13125
0 0.1046875 0.484375 0.0171875 0.01875
1 0.034375 0.5234375 0.0515625 0.125
0 0.0359375 0.471875 0.015625 0.015625
1 0.025 0.51875 0.0390625 0.08125
0 0.0234375 0.4890625 0.009375 0.0125