1 0.0234375 0.7703125 0.0328125 0.0875
0 0.0203125 0.734375 0.0109375 0.0125
1 0.0390625 0.7671875 0.0296875 0.103125
0 0.0375 0.725 0.0140625 0.0171875
1 0.071875 0.7546875 0.021875 0.0640625
0 0.0734375 0.7328125 0.0078125 0.009375
1 0.0984375 0.7703125 0.0375 0.10625
0 0.1 0.7265625 0.0125 0.0140625
1 0.13125 0.771875 0.0296875 0.1
0 0.13125 0.7328125 0.015625 0.0171875
1 0.15625 0.771875 0.034375 0.1015625
0 0.1609375 0.7296875 0.0140625 0.0140625
1 0.171875 0.771875 0.040625 0.096875
0 0.1828125 0.7328125 0.0140625 0.0171875
1 0.20625 0.771875 0.0296875 0.096875
0 0.2078125 0.734375 0.0140625 0.015625
1 0.2203125 0.7765625 0.05 0.1046875
0 0.2234375 0.734375 0.0125 0.015625
1 0.23125 0.765625 0.0265625 0.0953125
0 0.23125 0.728125 0.0125 0.015625
1 0.253125 0.7734375 0.0375 0.1125
0 0.253125 0.7328125 0.0140625 0.015625
1 0.2625 0.778125 0.0390625 0.1125
0 0.265625 0.7328125 0.0140625 0.0171875
1 0.2890625 0.7765625 0.0390625 0.1015625
0 0.2890625 0.734375 0.0125 0.0140625
1 0.3046875 0.778125 0.040625 0.1015625
0 0.3078125 0.7375 0.0125 0.0171875
1 0.3296875 0.76875 0.0328125 0.1015625
0 0.3328125 0.73125 0.0125 0.015625
1 0.3390625 0.771875 0.0390625 0.10625
0 0.3328125 0.73125 0.0125 0.0171875
1 0.353125 0.7765625 0.0421875 0.109375
0 0.3484375 0.7328125 0.0140625 0.01875
1 0.353125 0.765625 0.0296875 0.109375
0 0.353125 0.721875 0.0140625 0.0140625
1 0.38125 0.7734375 0.0421875 0.1046875
0 0.3765625 0.7328125 0.0140625 0.01875
1 0.3921875 0.771875 0.0296875 0.1015625
0 0.4 0.73125 0.0140625 0.0140625
1 0.415625 0.771875 0.0375 0.1125
0 0.4125 0.725 0.0125 0.015625
1 0.43125 0.7703125 0.028125 0.1
0 0.4296875 0.7296875 0.0125 0.015625
1 0.45 0.771875 0.06875 0.121875
0 0.45 0.7234375 0.0140625 0.0203125
1 0.4734375 0.76875 0.028125 0.09375
0 0.4734375 0.7328125 0.0125 0.015625
1 0.4921875 0.7765625 0.034375 0.1015625
0 0.4921875 0.7359375 0.0140625 0.0171875
1 0.5109375 0.7734375 0.0515625 0.11875
0 0.5140625 0.7265625 0.0140625 0.0171875
1 0.534375 0.7671875 0.0375 0.1109375
0 0.534375 0.721875 0.0125 0.015625
1 0.565625 0.7796875 0.059375 0.096875
0 0.5625 0.7375 0.0125 0.0109375
1 0.5609375 0.771875 0.03125 0.1
0 0.5609375 0.7328125 0.0140625 0.0140625
1 0.59375 0.7703125 0.03125 0.1
0 0.5953125 0.73125 0.009375 0.0140625
1 0.621875 0.771875 0.0546875 0.1203125
0 0.61875 0.721875 0.0140625 0.0171875
1 0.640625 0.771875 0.0375 0.1234375
0 0.6375 0.7234375 0.0140625 0.0171875
1 0.653125 0.7734375 0.0328125 0.1046875
0 0.6546875 0.7296875 0.0125 0.0140625
1 0.6765625 0.7640625 0.03125 0.1046875
0 0.678125 0.7203125 0.015625 0.015625
1 0.7125 0.765625 0.0421875 0.134375
0 0.7140625 0.709375 0.015625 0.01875
1 0.7390625 0.7703125 0.040625 0.1265625
0 0.7359375 0.7203125 0.0171875 0.01875
1 0.76875 0.7734375 0.0390625 0.1078125
0 0.76875 0.7296875 0.0125 0.0140625
1 0.79375 0.76875 0.0515625 0.1296875
0 0.8 0.7203125 0.0140625 0.01875
1 0.8265625 0.765625 0.0375 0.1046875
0 0.8265625 0.7234375 0.0125 0.015625
1 0.834375 0.775 0.0328125 0.1046875
0 0.834375 0.7328125 0.0125 0.015625
1 0.8453125 0.778125 0.05 0.109375
0 0.85 0.7328125 0.0125 0.0171875
1 0.8828125 0.7765625 0.0390625 0.1015625
0 0.8796875 0.7390625 0.0109375 0.015625
1 0.8984375 0.765625 0.0296875 0.1015625
0 0.896875 0.725 0.0125 0.0140625
1 0 0.1640625 0 0
0 0.9375 0.71875 0.0140625 0.0171875
1 0.953125 0.765625 0.034375 0.103125
0 0.9515625 0.7234375 0.0125 0.015625
1 0.96875 0.7640625 0.03125 0.1046875
0 0.9640625 0.725 0.0109375 0.015625
1 0.9859375 0.76875 0.021875 0.1046875
0 0 0.1640625 0 0
1 0.23125 0.7671875 0.0265625 0.096875
0 0.23125 0.728125 0.0125 0.015625
1 0.253125 0.7765625 0.0390625 0.1078125
0 0.253125 0.7328125 0.0125 0.015625