1 0.4171875 0.5125 0.1453125 0.234375
0 0.4296875 0.4140625 0.0296875 0.0390625
1 0.446875 0.5125 0.084375 0.2125
0 0.465625 0.428125 0.0328125 0.0375
1 0.50625 0.509375 0.0875 0.25
0 0.5046875 0.40625 0.0265625 0.0375
1 0.5640625 0.50625 0.084375 0.2359375
0 0.5765625 0.409375 0.025 0.034375
1 0.946875 0.496875 0.1 0.209375
0 0.9578125 0.409375 0.025 0.0296875
1 0.871875 0.4203125 0.015625 0.0484375
0 0.8703125 0.4015625 0.0046875 0.003125
1 0.9375 0.4234375 0.028125 0.078125
0 0.934375 0.390625 0.009375 0.009375
1 0.915625 0.4296875 0.01875 0.0671875
0 0.915625 0.4046875 0.009375 0.0109375
1 0.890625 0.425 0.0171875 0.0640625
0 0.890625 0.4 0.00625 0.009375
1 0.8625 0.4234375 0.01875 0.05
0 0.859375 0.4015625 0.0046875 0.0046875
1 0.909375 0.4296875 0.0171875 0.0578125
0 0.9125 0.4046875 0.0078125 0.0078125