1 0.975 0.6484375 0.028125 0.0640625
0 0.9671875 0.625 0.0109375 0.0125
1 0.9640625 0.6578125 0.0359375 0.071875
0 0.965625 0.6265625 0.0109375 0.0109375
1 0.9421875 0.609375 0.0546875 0.1109375
0 0.940625 0.5640625 0.0125 0.0171875
1 0.825 0.6421875 0.2234375 0.371875
0 0.8578125 0.503125 0.04375 0.05
1 0.8765625 0.6578125 0.1328125 0.25625
0 0.8671875 0.5765625 0.03125 0.03125
1 0.5984375 0.653125 0.2046875 0.3296875
0 0.59375 0.540625 0.04375 0.04375
1 0.703125 0.6515625 0.1578125 0.259375
0 0.7140625 0.5390625 0.0375 0.0359375
1 0.7078125 0.6609375 0.1484375 0.2328125
0 0.70625 0.565625 0.025 0.025
1 0.65625 0.659375 0.084375 0.1734375
0 0.65 0.590625 0.0171875 0.0234375
1 0.7859375 0.653125 0.034375 0.0765625
0 0.778125 0.625 0.0125 0.0125
1 0.74375 0.6625 0.06875 0.1765625
0 0.7359375 0.5859375 0.01875 0.0234375
1 0.7359375 0.6078125 0.03125 0.0984375
0 0.7359375 0.565625 0.0078125 0.0109375
1 0.5578125 0.665625 0.0953125 0.153125
0 0.5578125 0.60625 0.0171875 0.0171875
1 0.5890625 0.66875 0.034375 0.1015625
0 0.5875 0.6296875 0.0109375 0.0125
1 0.521875 0.6453125 0.0453125 0.10625
0 0.51875 0.61875 0.0125 0.0109375
1 0.5453125 0.6578125 0.040625 0.0796875
0 0.54375 0.6234375 0.0109375 0.0109375
1 0.4953125 0.6609375 0.1234375 0.2296875
0 0.475 0.5625 0.028125 0.028125
1 0.4625 0.6640625 0.0703125 0.1328125
0 0.45 0.6078125 0.01875 0.01875
1 0.4296875 0.6640625 0.1171875 0.1953125
0 0.428125 0.58125 0.0203125 0.0265625
1 0.39375 0.634375 0.2265625 0.3578125
0 0.4015625 0.48125 0.0421875 0.0484375
1 0.3265625 0.6453125 0.125 0.2515625
0 0.3375 0.5390625 0.034375 0.034375
1 0.3140625 0.653125 0.128125 0.209375
0 0.321875 0.5625 0.0234375 0.025
1 0.1859375 0.634375 0.2171875 0.365625
0 0.171875 0.4890625 0.040625 0.053125
1 0.1375 0.6453125 0.1796875 0.2671875
0 0.125 0.540625 0.0328125 0.0375
1 0.0953125 0.6375 0.0359375 0.090625
0 0.096875 0.6 0.0109375 0.0109375
1 0.021875 0.653125 0.040625 0.084375
0 0.0125 0.61875 0.0109375 0.0109375