1 0.0484375 0.434375 0.05 0.1109375
0 0.046875 0.390625 0.0125 0.0140625
1 0.0671875 0.4390625 0.0578125 0.1328125
0 0.0625 0.390625 0.0140625 0.015625
1 0.140625 0.5015625 0.128125 0.29375
0 0.13125 0.3734375 0.04375 0.046875
1 0.1765625 0.425 0.0375 0.09375
0 0.1703125 0.390625 0.0125 0.0140625
1 0.2140625 0.428125 0.0390625 0.1125
0 0.2140625 0.3796875 0.0125 0.0125
1 0.26875 0.5078125 0.1171875 0.265625
0 0.2625 0.4015625 0.0390625 0.0390625
1 0.3453125 0.4609375 0.075 0.1875
0 0.3359375 0.375 0.021875 0.021875
1 0.3875 0.4484375 0.0609375 0.1546875
0 0.390625 0.38125 0.021875 0.0203125
1 0.4234375 0.4453125 0.059375 0.178125
0 0.4140625 0.3609375 0.0203125 0.0234375
1 0.540625 0.4796875 0.1296875 0.3375
0 0.55625 0.3359375 0.0375 0.040625
1 0.6328125 0.540625 0.2046875 0.425
0 0.6296875 0.365625 0.059375 0.065625
1 0.90625 0.3796875 0.0359375 0.0953125
0 0.9109375 0.340625 0.0109375 0.0125
1 0.9515625 0.371875 0.028125 0.075
0 0.9546875 0.3421875 0.0109375 0.0125