1 0.034375 0.55625 0.05625 0.1765625
0 0.0359375 0.48125 0.0203125 0.025
1 0.0734375 0.5421875 0.0640625 0.1953125
0 0.06875 0.465625 0.0203125 0.0234375
1 0.1203125 0.6234375 0.1046875 0.3234375
0 0.1171875 0.4859375 0.0375 0.046875
1 0.1953125 0.5671875 0.1046875 0.2921875
0 0.1921875 0.44375 0.0359375 0.0453125
1 0.2578125 0.5484375 0.09375 0.2515625
0 0.2546875 0.4421875 0.0296875 0.0375
1 0.315625 0.5765625 0.0640625 0.2
0 0.3171875 0.4953125 0.0296875 0.03125
1 0.4015625 0.575 0.1 0.371875
0 0.3984375 0.4234375 0.040625 0.040625
1 0.1609375 0.55 0.0421875 0.159375
0 0.15625 0.4796875 0.015625 0.01875
1 0.3015625 0.5375 0.0546875 0.1953125
0 0.3 0.4546875 0.0265625 0.028125
1 0.2625 0.5328125 0.0609375 0.2296875
0 0.2578125 0.4359375 0.0265625 0.0328125
1 0.321875 0.5296875 0.0453125 0.184375
0 0.321875 0.45 0.0171875 0.0234375
1 0.3515625 0.5359375 0.0578125 0.2
0 0.3515625 0.453125 0.0234375 0.0328125
1 0.3734375 0.5609375 0.0890625 0.2515625
0 0.3515625 0.453125 0.025 0.0328125
1 0.340625 0.5203125 0.0453125 0.184375
0 0.3421875 0.4453125 0.015625 0.021875
1 0.43125 0.5265625 0.05 0.203125
0 0.434375 0.4421875 0.0171875 0.021875
1 0.465625 0.534375 0.065625 0.2296875
0 0.46875 0.4359375 0.021875 0.0296875
1 0.490625 0.559375 0.1171875 0.334375
0 0.4921875 0.4203125 0.03125 0.0375
1 0.4640625 0.5359375 0.0625 0.23125
0 0.46875 0.4359375 0.0203125 0.0265625
1 0.5203125 0.553125 0.065625 0.2578125
0 0.5171875 0.44375 0.0296875 0.0375
1 0.5484375 0.5390625 0.0703125 0.25625
0 0.5421875 0.428125 0.0296875 0.034375
1 0.5890625 0.56875 0.1 0.3546875
0 0.5875 0.41875 0.0359375 0.0421875
1 0.6203125 0.546875 0.0703125 0.228125
0 0.6171875 0.44375 0.0234375 0.0265625
1 0.61875 0.5234375 0.0796875 0.20625
0 0.6296875 0.440625 0.0140625 0.0203125
1 0.678125 0.51875 0.0609375 0.203125
0 0.6765625 0.43125 0.025 0.028125
1 0.7125 0.5546875 0.10625 0.309375
0 0.709375 0.4203125 0.0328125 0.0375
1 0.7453125 0.5609375 0.14375 0.378125
0 0.7421875 0.403125 0.04375 0.04375
1 0.79375 0.54375 0.0703125 0.2546875
0 0.7984375 0.434375 0.0265625 0.0265625
1 0.83125 0.5484375 0.103125 0.334375
0 0.846875 0.4109375 0.040625 0.0484375
1 0.88125 0.5796875 0.165625 0.475
0 0.8921875 0.39375 0.05625 0.0703125
1 0.953125 0.5390625 0.0890625 0.253125
0 0.940625 0.434375 0.0265625 0.0375
1 0.1171875 0.54375 0.059375 0.1671875
0 0.115625 0.4734375 0.025 0.021875
1 0.171875 0.534375 0.0421875 0.153125
0 0.1671875 0.46875 0.015625 0.01875
1 0.3046875 0.53125 0.0515625 0.1796875
0 0.2984375 0.4546875 0.021875 0.028125
1 0.3234375 0.525 0.04375 0.175
0 0.321875 0.45 0.0171875 0.021875
1 0.659375 0.5109375 0.034375 0.134375
0 0.6609375 0.4515625 0.0171875 0.0171875
1 0.675 0.51875 0.0484375 0.203125
0 0.6765625 0.434375 0.025 0.028125
1 0.7015625 0.5359375 0.0875 0.2734375
0 0.709375 0.4234375 0.0328125 0.0359375
1 0.790625 0.521875 0.05 0.215625
0 0.7984375 0.434375 0.025 0.0296875