1 0.046875 0.49375 0.0578125 0.175
0 0.04375 0.4203125 0.0171875 0.0203125
1 0.01875 0.4890625 0.034375 0.1328125
0 0.009375 0.4359375 0.0140625 0.0109375
1 0.0765625 0.6125 0.121875 0.3328125
0 0.0875 0.4765625 0.046875 0.0515625
1 0.175 0.515625 0.0765625 0.2140625
0 0.1796875 0.4296875 0.0296875 0.0359375
1 0.2140625 0.5296875 0.059375 0.2046875
0 0.221875 0.440625 0.025 0.025
1 0.2703125 0.48125 0.025 0.071875
0 0.271875 0.4515625 0.009375 0.009375
1 0.33125 0.5046875 0.0515625 0.115625
0 0.3234375 0.45625 0.0140625 0.0171875
1 0.340625 0.484375 0.0234375 0.0828125
0 0.34375 0.4515625 0.009375 0.0140625
1 0.3671875 0.496875 0.0609375 0.1078125
0 0.3671875 0.453125 0.0140625 0.0140625
1 0.4078125 0.496875 0.0453125 0.1015625
0 0.4140625 0.453125 0.0140625 0.0140625
1 0.4421875 0.475 0.0265625 0.065625
0 0.4421875 0.4484375 0.00625 0.0078125
1 0.459375 0.4796875 0.0296875 0.08125
0 0.4609375 0.4484375 0.009375 0.0140625
1 0.4796875 0.484375 0.034375 0.0890625
0 0.4765625 0.4484375 0.0125 0.0140625
1 0.5046875 0.475 0.025 0.065625
0 0.50625 0.4484375 0.0125 0.0109375
1 0.53125 0.484375 0.0390625 0.10625
0 0.5296875 0.440625 0.0140625 0.015625
1 0.56875 0.5234375 0.08125 0.184375
0 0.5546875 0.446875 0.025 0.028125
1 0.571875 0.50625 0.0625 0.1375
0 0.5609375 0.45 0.0140625 0.01875
1 0.6109375 0.4890625 0.03125 0.0921875
0 0.6078125 0.4515625 0.0125 0.0125
1 0.61875 0.5 0.0671875 0.1515625
0 0.6265625 0.4375 0.01875 0.0234375
1 0.6390625 0.51875 0.096875 0.190625
0 0.6421875 0.440625 0.025 0.025
1 0.6703125 0.4890625 0.028125 0.09375
0 0.66875 0.4515625 0.0140625 0.015625
1 0.6765625 0.4953125 0.0265625 0.09375
0 0.68125 0.4546875 0.009375 0.0109375
1 0.6890625 0.4921875 0.0375 0.1125
0 0.6953125 0.446875 0.0125 0.0171875
1 0.7359375 0.5 0.0296875 0.1078125
0 0.7375 0.45625 0.0140625 0.015625
1 0.721875 0.4984375 0.034375 0.090625
0 0.7265625 0.453125 0.009375 0.0109375
1 0.7375 0.5 0.0421875 0.1
0 0.7390625 0.4546875 0.0140625 0.015625
1 0.775 0.5 0.034375 0.1078125
0 0.775 0.45625 0.0140625 0.0171875
1 0.775 0.496875 0.021875 0.1
0 0.7765625 0.4546875 0.0140625 0.015625
1 0.8765625 0.596875 0.109375 0.3625
0 0.8828125 0.45625 0.0421875 0.046875
1 0.8640625 0.565625 0.0890625 0.2875
0 0.8609375 0.4421875 0.034375 0.0390625
1 0.8109375 0.55 0.0890625 0.2296875
0 0.8109375 0.4484375 0.0265625 0.028125
1 0.8125 0.5328125 0.06875 0.228125
0 0.821875 0.4328125 0.025 0.0296875
1 0.8578125 0.5390625 0.071875 0.246875
0 0.8625 0.4453125 0.03125 0.0375
1 0 0.21875 0 0
0 0.99375 0.453125 0.00625 0.0046875