1 0.84375 0.5453125 0.30625 0.5375
0 0.959375 0.209375 0.0765625 0.05
1 0.9 0.5421875 0.15 0.4171875
0 0.903125 0.3546875 0.04375 0.04375
1 0.775 0.5015625 0.0859375 0.25
0 0.7859375 0.4046875 0.0296875 0.0375
1 0.6953125 0.5 0.0734375 0.196875
0 0.696875 0.41875 0.0234375 0.03125
1 0.625 0.4828125 0.05625 0.1640625
0 0.6265625 0.4171875 0.01875 0.025
1 0.5421875 0.50625 0.1171875 0.3453125
0 0.5515625 0.3625 0.0375 0.0421875
1 0.446875 0.5125 0.16875 0.3265625
0 0.45 0.3796875 0.0359375 0.046875
1 0.3890625 0.4890625 0.05625 0.20625
0 0.3875 0.403125 0.0234375 0.0265625
1 0.15 0.578125 0.284375 0.325
0 0.04375 0.4546875 0.065625 0.0703125
1 0.1453125 0.575 0.278125 0.309375
0 0.0875 0.4625 0.0328125 0.0546875
1 0.0921875 0.559375 0.184375 0.30625
0 0.021875 0.4375 0.04375 0.0578125
1 0.1046875 0.559375 0.1296875 0.25625
0 0.0859375 0.4625 0.034375 0.05625
1 0.159375 0.515625 0.05625 0.1140625
0 0.16875 0.4734375 0.0265625 0.0265625
1 0.159375 0.515625 0.0953125 0.1640625
0 0.13125 0.453125 0.03125 0.034375
1 0.2953125 0.4796875 0.0484375 0.20625
0 0.3 0.39375 0.028125 0.03125
1 0.3515625 0.4828125 0.04375 0.121875
0 0.35625 0.434375 0.0140625 0.01875
1 0.3296875 0.4703125 0.021875 0.084375
0 0.33125 0.4359375 0.009375 0.0109375
1 0.3484375 0.46875 0.0328125 0.103125
0 0.3546875 0.4265625 0.0109375 0.0109375
1 0.340625 0.465625 0.01875 0.0703125
0 0.340625 0.4375 0.00625 0.0078125
1 0.31875 0.4671875 0.021875 0.075
0 0.328125 0.4296875 0.009375 0.0109375
1 0.2921875 0.4765625 0.0390625 0.1296875
0 0.29375 0.4234375 0.0125 0.0140625
1 0.26875 0.475 0.0328125 0.0984375
0 0.2703125 0.434375 0.0125 0.0125
1 0.2546875 0.471875 0.025 0.103125
0 0.25625 0.428125 0.0140625 0.015625
1 0.234375 0.475 0.034375 0.1046875
0 0.234375 0.43125 0.0140625 0.015625
1 0.2453125 0.465625 0.021875 0.090625
0 0.246875 0.428125 0.009375 0.0125
1 0.2328125 0.46875 0.028125 0.090625
0 0.2296875 0.4328125 0.0125 0.0125
1 0.2203125 0.465625 0.0203125 0.0765625
0 0.221875 0.4328125 0.0078125 0.0078125
1 0.2 0.475 0.04375 0.1375
0 0.20625 0.4171875 0.015625 0.0171875
1 0.090625 0.478125 0.0421875 0.128125
0 0.0828125 0.4234375 0.015625 0.0171875
1 0.0609375 0.46875 0.0328125 0.13125
0 0.0578125 0.4125 0.01875 0.0171875
1 0.028125 0.465625 0.040625 0.1546875
0 0.0171875 0.403125 0.0171875 0.01875
1 0.0828125 0.4609375 0.0296875 0.1140625
0 0.078125 0.4140625 0.015625 0.021875
1 0.1203125 0.4671875 0.021875 0.06875
0 0.1171875 0.440625 0.0046875 0.0078125