1 0.103125 0.65625 0.05 0.18125
0 0.109375 0.58125 0.0234375 0.025
1 0.2625 0.6703125 0.05625 0.178125
0 0.26875 0.596875 0.0234375 0.0296875
1 0.2828125 0.6140625 0.0453125 0.10625
0 0.2921875 0.575 0.0140625 0.0171875
1 0.35 0.6390625 0.0390625 0.125
0 0.353125 0.5859375 0.0125 0.0125
1 0.3875 0.596875 0.021875 0.0375
0 0.3875 0.578125 0.00625 0.00625
1 0.5515625 0.6578125 0.05625 0.16875
0 0.546875 0.5890625 0.0203125 0.025
1 0.6171875 0.615625 0.0328125 0.096875
0 0.61875 0.578125 0.009375 0.0140625
1 0.6953125 0.61875 0.0296875 0.1
0 0.696875 0.578125 0.0109375 0.0140625
1 0.8125 0.6265625 0.0453125 0.1546875
0 0.821875 0.565625 0.01875 0.0234375
1 0.8171875 0.646875 0.053125 0.05625
0 0.83125 0.63125 0.0140625 0.0171875
1 0.903125 0.628125 0.0484375 0.1453125
0 0.8984375 0.56875 0.01875 0.0203125
1 0.95625 0.634375 0.05 0.15625
0 0.9625 0.56875 0.0171875 0.01875
1 0.85625 0.5953125 0.025 0.0515625
0 0.853125 0.575 0.0078125 0.00625
1 0.3921875 0.596875 0.0140625 0.0359375
0 0.39375 0.58125 0.0046875 0.0046875