1 0.6203125 0.6296875 0.1421875 0.3765625
0 0.646875 0.475 0.0453125 0.0546875
1 0.4140625 0.6296875 0.18125 0.4578125
0 0.4265625 0.440625 0.0578125 0.06875
1 0.509375 0.5890625 0.0578125 0.18125
0 0.521875 0.515625 0.0203125 0.0265625
1 0.5359375 0.575 0.025 0.0734375
0 0.5421875 0.5453125 0.009375 0.0109375
1 0.5703125 0.584375 0.025 0.0359375
0 0.571875 0.5703125 0.00625 0.0078125
1 0.4984375 0.5765625 0.01875 0.0546875
0 0.4984375 0.553125 0.0046875 0.00625
1 0.359375 0.6046875 0.06875 0.1484375
0 0.36875 0.5453125 0.021875 0.025
1 0.30625 0.6 0.0640625 0.146875
0 0.3234375 0.54375 0.0203125 0.03125
1 0.340625 0.5609375 0.046875 0.109375
0 0.346875 0.5171875 0.0140625 0.015625
1 0.2328125 0.6046875 0.1984375 0.453125
0 0.2515625 0.4109375 0.05625 0.0609375
1 0.2203125 0.56875 0.1328125 0.2828125
0 0.228125 0.440625 0.040625 0.04375
1 0.1109375 0.45 0.103125 0.171875
0 0.128125 0.3796875 0.0234375 0.025
1 0.05 0.5734375 0.1 0.5125
0 0.05625 0.3609375 0.075 0.0765625
1 0.965625 0.6453125 0.0421875 0.146875
0 0.9671875 0.5828125 0.0203125 0.0171875
1 0.975 0.6484375 0.025 0.0578125
0 0.978125 0.6265625 0.0078125 0.0078125
1 0.984375 0.6484375 0.0265625 0.0546875
0 0.9875 0.628125 0.00625 0.00625
1 0.9875 0.646875 0.01875 0.0484375
0 0.9875 0.6296875 0.0078125 0.0078125