1 0.3 0.515625 0.0125 0.0265625
0 0.3 0.5078125 0.0046875 0.0046875
1 0.2734375 0.5171875 0.0171875 0.0296875
0 0.2703125 0.50625 0.00625 0.00625
1 0.25625 0.5171875 0.015625 0.0265625
0 0.25625 0.5078125 0.0046875 0.00625
1 0.23125 0.51875 0.0171875 0.03125
0 0.23125 0.5078125 0.00625 0.00625
1 0.2140625 0.5203125 0.01875 0.028125
0 0.215625 0.509375 0.0046875 0.0046875
1 0.1796875 0.5203125 0.0125 0.0265625
0 0.1796875 0.5109375 0.0046875 0.00625
1 0.16875 0.521875 0.0125 0.0265625
0 0.1671875 0.5125 0.0046875 0.0046875
1 0.15 0.525 0.0171875 0.0265625
0 0.15625 0.515625 0.0046875 0.0046875
1 0.14375 0.525 0.015625 0.0296875
0 0.140625 0.5140625 0.0046875 0.00625
1 0.0453125 0.63125 0.0265625 0.0734375
0 0.0453125 0.6 0.0078125 0.009375
1 0.11875 0.625 0.0328125 0.0734375
0 0.1203125 0.5953125 0.009375 0.0125
1 0.13125 0.6265625 0.01875 0.05625
0 0.134375 0.603125 0.00625 0.0078125
1 0.1578125 0.621875 0.0234375 0.0734375
0 0.159375 0.590625 0.0078125 0.00625
1 0.096875 0.7421875 0.0953125 0.2546875
0 0.0921875 0.6375 0.034375 0.03125
1 0.2125 0.675 0.0640625 0.1796875
0 0.20625 0.5984375 0.0203125 0.01875
1 0.2796875 0.6734375 0.075 0.1765625
0 0.2671875 0.6015625 0.01875 0.01875
1 0.38125 0.75625 0.125 0.3015625
0 0.365625 0.625 0.0421875 0.0359375
1 0.4421875 0.8078125 0.15625 0.365625
0 0.3984375 0.66875 0.0421875 0.04375
1 0.4828125 0.690625 0.0953125 0.2234375
0 0.465625 0.59375 0.0234375 0.0296875
1 0.575 0.7796875 0.1328125 0.3515625
0 0.571875 0.6421875 0.0359375 0.0328125
1 0.6625 0.709375 0.078125 0.2546875
0 0.6484375 0.5984375 0.0328125 0.0328125
1 0.70625 0.671875 0.0859375 0.184375
0 0.6859375 0.5953125 0.025 0.025
1 0.721875 0.6359375 0.05 0.13125
0 0.71875 0.5765625 0.0140625 0.0125
1 0.7609375 0.6578125 0.0625 0.1828125
0 0.7640625 0.5859375 0.021875 0.01875
1 0.85625 0.7015625 0.1046875 0.2578125
0 0.8515625 0.5953125 0.0296875 0.028125
1 0.8828125 0.65625 0.0625 0.171875
0 0.878125 0.5890625 0.0171875 0.021875
1 0.9046875 0.6515625 0.0625 0.1484375
0 0.89375 0.584375 0.0140625 0.0171875
1 0.9375 0.6828125 0.0515625 0.221875
0 0.9453125 0.5875 0.0328125 0.0359375
1 0.1453125 0.6140625 0.0171875 0.046875
0 0.14375 0.5953125 0.0046875 0.00625
1 0.6109375 0.7328125 0.0859375 0.25
0 0.5953125 0.625 0.0265625 0.028125
1 0.6734375 0.6734375 0.0859375 0.203125
0 0.684375 0.596875 0.0234375 0.025