1 0.5703125 0.5515625 0.009375 0.0296875
0 0.571875 0.540625 0.003125 0.003125
1 0.5734375 0.5625 0.0140625 0.0328125
0 0.575 0.55 0.003125 0.0046875
1 0.5609375 0.559375 0.0140625 0.034375
0 0.5640625 0.546875 0.003125 0.0046875
1 0.55 0.5640625 0.01875 0.0390625
0 0.5515625 0.5484375 0.003125 0.0046875
1 0.5359375 0.5640625 0.0171875 0.0375
0 0.534375 0.55 0.0046875 0.0046875
1 0.509375 0.5703125 0.0203125 0.0546875
0 0.5078125 0.5484375 0.0046875 0.00625
1 0.5875 0.5640625 0.0171875 0.0390625
0 0.584375 0.5484375 0.0046875 0.0046875
1 0.5984375 0.559375 0.0125 0.0328125
0 0.6 0.546875 0.003125 0.003125
1 0.609375 0.5609375 0.0125 0.0359375
0 0.609375 0.546875 0.003125 0.0046875
1 0.6234375 0.565625 0.01875 0.0625
0 0.625 0.540625 0.00625 0.0046875
1 0.628125 0.5703125 0.0234375 0.0578125
0 0.63125 0.546875 0.0078125 0.0078125
1 0.64375 0.5890625 0.04375 0.109375
0 0.64375 0.540625 0.0125 0.0125
1 0.65625 0.5765625 0.0234375 0.0703125
0 0.65625 0.546875 0.00625 0.00625
1 0.6625 0.5671875 0.0171875 0.0515625
0 0.6609375 0.5453125 0.00625 0.0078125
1 0.6703125 0.5640625 0.0140625 0.046875
0 0.6703125 0.546875 0.00625 0.0078125
1 0.6765625 0.575 0.0234375 0.0625
0 0.678125 0.5484375 0.0078125 0.0078125
1 0.684375 0.565625 0.0171875 0.0578125
0 0.684375 0.5421875 0.00625 0.0078125
1 0.69375 0.5890625 0.0359375 0.0921875
0 0.6984375 0.5515625 0.015625 0.015625
1 0.7984375 0.6015625 0.0328125 0.13125
0 0.8 0.5453125 0.0125 0.015625
1 0.4703125 0.628125 0.09375 0.221875
0 0.4765625 0.534375 0.0265625 0.0296875
1 0.4796875 0.7046875 0.1703125 0.3421875
0 0.4671875 0.5609375 0.0390625 0.0453125
1 0.7015625 0.7078125 0.125 0.34375
0 0.7171875 0.5625 0.034375 0.0421875
1 0.7796875 0.628125 0.078125 0.178125
0 0.7890625 0.5515625 0.0203125 0.0203125
1 0.84375 0.646875 0.1046875 0.2421875
0 0.8390625 0.54375 0.025 0.0296875