1 0.034375 0.4140625 0.065625 0.2828125
0 0.01875 0.2984375 0.034375 0.046875
1 0.09375 0.4296875 0.1390625 0.2953125
0 0.0546875 0.309375 0.0390625 0.040625
1 0.1109375 0.46875 0.16875 0.3953125
0 0.08125 0.30625 0.046875 0.059375
1 0.1359375 0.3953125 0.115625 0.2140625
0 0.1203125 0.3109375 0.028125 0.03125
1 0.159375 0.375 0.0765625 0.184375
0 0.153125 0.3046875 0.0234375 0.025
1 0.2359375 0.409375 0.1 0.2359375
0 0.2203125 0.3078125 0.0265625 0.03125
1 0.2671875 0.3609375 0.05625 0.15
0 0.2625 0.303125 0.0171875 0.021875
1 0.2234375 0.3859375 0.09375 0.19375
0 0.2015625 0.303125 0.0265625 0.025
1 0.346875 0.3875 0.0875 0.221875
0 0.34375 0.2953125 0.028125 0.03125
1 0.384375 0.3546875 0.0578125 0.1484375
0 0.3796875 0.29375 0.0171875 0.021875
1 0.434375 0.35 0.053125 0.1234375
0 0.4265625 0.2984375 0.0140625 0.015625
1 0.459375 0.3671875 0.071875 0.1859375
0 0.45 0.29375 0.0234375 0.0265625
1 0.5203125 0.3703125 0.084375 0.1953125
0 0.51875 0.2859375 0.0265625 0.0296875
1 0.5484375 0.3546875 0.0671875 0.1359375
0 0.5390625 0.296875 0.0140625 0.0171875
1 0.5796875 0.346875 0.0546875 0.1203125
0 0.5734375 0.2984375 0.0140625 0.0203125
1 0.503125 0.346875 0.0421875 0.1375
0 0.5015625 0.290625 0.0140625 0.0171875
1 0.6203125 0.3765625 0.1015625 0.2765625
0 0.6234375 0.259375 0.034375 0.0390625
1 0.7015625 0.3671875 0.1046875 0.2625
0 0.7 0.25625 0.028125 0.034375
1 0.80625 0.4171875 0.125 0.25625
0 0.8125 0.3078125 0.03125 0.03125
1 0.8453125 0.3015625 0.021875 0.075
0 0.846875 0.271875 0.009375 0.009375
1 0.8765625 0.30625 0.025 0.078125
0 0.8765625 0.275 0.009375 0.009375
1 0.890625 0.3015625 0.0265625 0.0609375
0 0.8890625 0.2765625 0.00625 0.0078125
1 0.9265625 0.2984375 0.0453125 0.0734375
0 0.9375 0.26875 0.009375 0.0109375
1 0.9375 0.3015625 0.0453125 0.0796875
0 0.9390625 0.26875 0.009375 0.009375
1 0.9640625 0.2953125 0.0375 0.0828125
0 0.9609375 0.2640625 0.0125 0.0125
1 0.96875 0.29375 0.034375 0.071875
0 0.9640625 0.259375 0.009375 0.009375