1 0.1328125 0.6171875 0.115625 0.378125
0 0.1328125 0.4578125 0.0484375 0.0546875
1 0.1390625 0.6046875 0.1078125 0.28125
0 0.1375 0.4703125 0.03125 0.03125
1 0.1 0.4921875 0.01875 0.0328125
0 0.1015625 0.484375 0.0046875 0.0078125
1 0.196875 0.4984375 0.0125 0.046875
0 0.1984375 0.4796875 0.0046875 0.0046875
1 0.18125 0.4953125 0.0109375 0.0421875
0 0.1796875 0.4796875 0.0046875 0.0046875
1 0.1734375 0.5 0.0125 0.0484375
0 0.175 0.48125 0.00625 0.0078125
1 0.2578125 0.6234375 0.115625 0.396875
0 0.2484375 0.459375 0.046875 0.059375
1 0.3140625 0.6078125 0.10625 0.2734375
0 0.2921875 0.496875 0.03125 0.0390625
1 0.325 0.609375 0.0671875 0.2578125
0 0.3109375 0.503125 0.025 0.0359375
1 0.346875 0.50625 0.0203125 0.0625
0 0.3484375 0.48125 0.009375 0.0078125
1 0.35625 0.528125 0.028125 0.06875
0 0.3578125 0.503125 0.0140625 0.0140625
1 0.375 0.4984375 0.0203125 0.0484375
0 0.3765625 0.478125 0.0078125 0.0078125
1 0.40625 0.5 0.0328125 0.0625
0 0.4046875 0.4765625 0.009375 0.009375
1 0.5671875 0.4984375 0.0171875 0.0390625
0 0.5671875 0.4828125 0.00625 0.00625
1 0.578125 0.4953125 0.015625 0.046875
0 0.5765625 0.4765625 0.00625 0.009375
1 0.5171875 0.6125 0.128125 0.371875
0 0.509375 0.453125 0.046875 0.0515625
1 0.6296875 0.6078125 0.15 0.3703125
0 0.6359375 0.4515625 0.046875 0.0484375
1 0.6796875 0.4875 0.0125 0.040625
0 0.6796875 0.4875 0.0125 0.040625
1 0.7390625 0.5828125 0.1203125 0.2984375
0 0.740625 0.459375 0.0375 0.04375
1 0.3578125 0.49375 0.0125 0.0421875
0 0.359375 0.4765625 0.0046875 0.00625
1 0.390625 0.4984375 0.01875 0.04375
0 0.3859375 0.48125 0.00625 0.0078125