1 0.0484375 0.4984375 0.0890625 0.15625
0 0.040625 0.4375 0.0265625 0.03125
1 0.1234375 0.4765625 0.071875 0.196875
0 0.1109375 0.39375 0.021875 0.0296875
1 0.1875 0.48125 0.053125 0.190625
0 0.1875 0.4 0.021875 0.025
1 0.321875 0.45 0.065625 0.1453125
0 0.328125 0.39375 0.01875 0.01875
1 0.403125 0.446875 0.05625 0.06875
0 0.384375 0.41875 0.0109375 0.0109375
1 0.4375 0.465625 0.0609375 0.1625
0 0.4328125 0.396875 0.0171875 0.0203125
1 0.4921875 0.453125 0.0609375 0.159375
0 0.4921875 0.3859375 0.0203125 0.021875
1 0.5015625 0.465625 0.05625 0.1625
0 0.5 0.396875 0.0171875 0.01875
1 0.528125 0.43125 0.01875 0.0640625
0 0.528125 0.40625 0.00625 0.009375
1 0.5734375 0.4921875 0.0859375 0.2359375
0 0.5765625 0.3921875 0.0296875 0.0328125
1 0.6109375 0.434375 0.03125 0.0828125
0 0.60625 0.3984375 0.0109375 0.0109375
1 0.6171875 0.421875 0.015625 0.0453125
0 0.615625 0.4015625 0.00625 0.00625
1 0.6359375 0.428125 0.021875 0.0578125
0 0.634375 0.403125 0.00625 0.00625
1 0.7296875 0.43125 0.0171875 0.0515625
0 0.7296875 0.409375 0.00625 0.00625
1 0.75 0.4328125 0.0171875 0.0609375
0 0.7515625 0.409375 0.0046875 0.00625
1 0.76875 0.4390625 0.0359375 0.1046875
0 0.76875 0.396875 0.009375 0.009375
1 0.6984375 0.490625 0.0703125 0.2359375
0 0.6953125 0.3875 0.0234375 0.025
1 0.9546875 0.503125 0.08125 0.2453125
0 0.9546875 0.3953125 0.03125 0.0296875