1 0.090625 0.60625 0.0328125 0.08125
0 0.1 0.571875 0.009375 0.0109375
1 0.1109375 0.6140625 0.0296875 0.0578125
0 0.1140625 0.59375 0.0109375 0.0109375
1 0.05 0.6140625 0.0359375 0.046875
0 0.046875 0.5984375 0.0125 0.0125
1 0.1390625 0.61875 0.0328125 0.1171875
0 0.1421875 0.571875 0.0140625 0.0171875
1 0.1703125 0.6125 0.046875 0.10625
0 0.16875 0.56875 0.015625 0.0140625
1 0.196875 0.5921875 0.03125 0.0671875
0 0.2 0.5640625 0.009375 0.009375
1 0.2125 0.603125 0.0234375 0.053125
0 0.215625 0.5828125 0.009375 0.0109375
1 0.23125 0.596875 0.0234375 0.0828125
0 0.2359375 0.565625 0.0109375 0.0125
1 0.265625 0.6375 0.059375 0.1171875
0 0.2578125 0.590625 0.0171875 0.01875
1 0.26875 0.5828125 0.01875 0.0515625
0 0.271875 0.5609375 0.00625 0.00625
1 0.309375 0.6296875 0.0296875 0.0671875
0 0.30625 0.6046875 0.0140625 0.0109375
1 0.2921875 0.615625 0.0390625 0.0703125
0 0.2875 0.5921875 0.0140625 0.015625
1 0.340625 0.55 0.0484375 0.0546875
0 0.334375 0.53125 0.0109375 0.0109375
1 0.340625 0.56875 0.0578125 0.0453125
0 0.328125 0.5515625 0.009375 0.0078125
1 0.3765625 0.6046875 0.0328125 0.0890625
0 0.3828125 0.56875 0.0140625 0.0140625
1 0.3984375 0.5828125 0.0359375 0.090625
0 0.3984375 0.546875 0.0109375 0.015625
1 0.4 0.6359375 0.040625 0.08125
0 0.403125 0.60625 0.0125 0.0125
1 0.4125 0.65 0.0421875 0.0890625
0 0.4125 0.6171875 0.0125 0.0140625
1 0.4390625 0.6296875 0.0578125 0.125
0 0.440625 0.5765625 0.0109375 0.0109375
1 0.4734375 0.6375 0.046875 0.084375
0 0.4640625 0.6078125 0.015625 0.015625
1 0.446875 0.5859375 0.0265625 0.0796875
0 0.4453125 0.5546875 0.0109375 0.0125
1 0.4984375 0.5890625 0.0359375 0.0953125
0 0.496875 0.553125 0.0125 0.0140625
1 0.465625 0.590625 0.0359375 0.0921875
0 0.46875 0.559375 0.0109375 0.0125
1 0.48125 0.5921875 0.0296875 0.0875
0 0.4828125 0.55625 0.0109375 0.0109375
1 0.5171875 0.58125 0.0265625 0.096875
0 0.5234375 0.540625 0.0109375 0.0109375
1 0.525 0.6203125 0.0390625 0.04375
0 0.5296875 0.60625 0.0109375 0.0109375
1 0.4921875 0.578125 0.028125 0.0890625
0 0.49375 0.5453125 0.0125 0.0140625
1 0.5546875 0.628125 0.053125 0.125
0 0.55 0.5734375 0.0109375 0.0125
1 0.5734375 0.5890625 0.028125 0.084375
0 0.578125 0.5546875 0.0109375 0.0109375
1 0.596875 0.584375 0.0359375 0.0953125
0 0.596875 0.546875 0.0109375 0.0140625
1 0.6203125 0.596875 0.028125 0.0734375
0 0.6203125 0.571875 0.0109375 0.0109375
1 0.690625 0.596875 0.0328125 0.1046875
0 0.696875 0.553125 0.0125 0.0125
1 0.7078125 0.5890625 0.03125 0.0890625
0 0.7 0.553125 0.0109375 0.0125
1 0.721875 0.6484375 0.0375 0.128125
0 0.721875 0.5953125 0.0140625 0.015625
1 0.7640625 0.6203125 0.04375 0.128125
0 0.75625 0.5703125 0.0171875 0.0171875
1 0.8421875 0.653125 0.05 0.1609375
0 0.8453125 0.5875 0.0203125 0.0265625
1 0.88125 0.64375 0.059375 0.1640625
0 0.8796875 0.575 0.0203125 0.025
1 0.940625 0.6265625 0.0328125 0.0890625
0 0.9375 0.5921875 0.0140625 0.0140625
1 0.9625 0.61875 0.0375 0.0953125
0 0.965625 0.58125 0.0140625 0.015625
1 0.9546875 0.60625 0.03125 0.1
0 0.95625 0.5640625 0.015625 0.0125
1 0.925 0.6109375 0.04375 0.1109375
0 0.9265625 0.5671875 0.015625 0.015625
1 0.9046875 0.6078125 0.0328125 0.103125
0 0.9109375 0.5671875 0.0140625 0.015625