1 0.9 0.6171875 0.1453125 0.2109375
0 0.9 0.534375 0.0265625 0.03125
1 0.790625 0.6203125 0.171875 0.2359375
0 0.790625 0.53125 0.0265625 0.03125
1 0.7546875 0.621875 0.1578125 0.2171875
0 0.7609375 0.534375 0.025 0.0265625
1 0.5875 0.6234375 0.1609375 0.221875
0 0.5921875 0.534375 0.0265625 0.028125
1 0.690625 0.6171875 0.053125 0.121875
0 0.68125 0.5671875 0.0140625 0.015625
1 0.6984375 0.61875 0.0515625 0.109375
0 0.7 0.5765625 0.0140625 0.01875
1 0.521875 0.6234375 0.0625 0.140625
0 0.5140625 0.56875 0.0171875 0.021875
1 0.490625 0.61875 0.05 0.1515625
0 0.4953125 0.5578125 0.0171875 0.0234375
1 0.43125 0.6203125 0.1609375 0.2234375
0 0.4390625 0.5296875 0.03125 0.0296875
1 0.2734375 0.63125 0.1640625 0.225
0 0.2828125 0.5390625 0.0296875 0.0359375
1 0.2875 0.6171875 0.08125 0.1859375
0 0.29375 0.5375 0.021875 0.021875
1 0.3515625 0.6171875 0.01875 0.0625
0 0.3515625 0.603125 0.0078125 0.0078125
1 0.3921875 0.6234375 0.01875 0.05
0 0.3921875 0.6046875 0.0046875 0.00625
1 0.3984375 0.6203125 0.0265625 0.0515625
0 0.4 0.6015625 0.00625 0.0078125
1 0.325 0.625 0.021875 0.065625
0 0.3265625 0.6 0.0078125 0.009375
1 0.421875 0.6171875 0.01875 0.046875
0 0.4265625 0.603125 0.00625 0.00625
1 0.234375 0.6234375 0.0234375 0.0765625
0 0.234375 0.59375 0.009375 0.0125
1 0.196875 0.625 0.01875 0.046875
0 0.1984375 0.60625 0.0078125 0.0078125
1 0.1296875 0.6328125 0.121875 0.346875
0 0.134375 0.4859375 0.0359375 0.0359375
1 0.1296875 0.6234375 0.16875 0.2328125
0 0.1359375 0.51875 0.0296875 0.0296875
1 0.1078125 0.609375 0.13125 0.2484375
0 0.1390625 0.5171875 0.03125 0.03125
1 0.025 0.63125 0.05 0.2125
0 0.015625 0.63125 0.03125 0.2125
1 0.0328125 0.621875 0.0640625 0.221875
0 0.00625 0.55 0.0109375 0.028125
1 0.05625 0.6265625 0.034375 0.0953125
0 0.059375 0.5875 0.009375 0.0125
1 0.0421875 0.6359375 0.015625 0.040625
0 0.0421875 0.6203125 0.00625 0.00625
1 0.090625 0.6203125 0.015625 0.0671875
0 0.0890625 0.596875 0.00625 0.0078125
1 0.55625 0.6203125 0.0171875 0.05625
0 0.5578125 0.5984375 0.0078125 0.0078125
1 0.5359375 0.6296875 0.021875 0.03125
0 0.53125 0.61875 0.00625 0.00625
1 0.9484375 0.615625 0.009375 0.03125
0 0.9484375 0.603125 0.0015625 0.0015625
1 0.815625 0.6015625 0.065625 0.153125
0 0.8171875 0.5421875 0.0171875 0.0203125