1 0.0828125 0.7 0.1484375 0.1515625
0 0.04375 0.6453125 0.028125 0.034375
1 0.103125 0.6875 0.1390625 0.1234375
0 0.0671875 0.6390625 0.0234375 0.0265625
1 0.125 0.6640625 0.065625 0.0734375
0 0.1359375 0.6375 0.0140625 0.0171875
1 0.14375 0.6515625 0.0484375 0.0515625
0 0.1390625 0.6296875 0.009375 0.009375
1 0.11875 0.63125 0.0109375 0.025
0 0.11875 0.6203125 0.003125 0.003125
1 0.153125 0.6453125 0.0359375 0.04375
0 0.15 0.63125 0.0078125 0.0078125
1 0.1578125 0.6453125 0.0296875 0.0421875
0 0.159375 0.6296875 0.0078125 0.0078125
1 0.1390625 0.6265625 0.00625 0.01875
0 0.140625 0.61875 0.0015625 0.003125
1 0.1828125 0.640625 0.0390625 0.03125
0 0.16875 0.628125 0.0046875 0.00625
1 0.1796875 0.6390625 0.034375 0.0296875
0 0.1703125 0.628125 0.0046875 0.0046875
1 0.2015625 0.625 0.0125 0.028125
0 0.2 0.615625 0.003125 0.003125
1 0.2078125 0.6265625 0.0140625 0.025
0 0.20625 0.6171875 0.0015625 0.0015625
1 0.2234375 0.6296875 0.0140625 0.0171875
0 0.225 0.6234375 0.0015625 0.003125
1 0.2625 0.625 0.00625 0.01875
0 0.2640625 0.6171875 0.0015625 0.0015625
1 0.2703125 0.625 0.0078125 0.0171875
0 0.2703125 0.6171875 0.0015625 0.0015625
1 0.278125 0.628125 0.0078125 0.0171875
0 0.278125 0.621875 0.0015625 0.0015625
1 0.2875 0.6234375 0.0078125 0.01875
0 0.2875 0.6171875 0.0015625 0.0015625
1 0.2921875 0.625 0.00625 0.015625
0 0.29375 0.61875 0.0015625 0.0015625
1 0.29375 0.621875 0.0078125 0.01875
0 0.29375 0.615625 0.0015625 0.0015625
1 0.296875 0.6234375 0.009375 0.01875
0 0.296875 0.615625 0.0015625 0.0015625
1 0.303125 0.6234375 0.009375 0.01875
0 0.3015625 0.6171875 0.0015625 0.0015625
1 0.3046875 0.625 0.0078125 0.021875
0 0.3046875 0.615625 0.003125 0.003125
1 0.309375 0.621875 0.0078125 0.0171875
0 0.309375 0.615625 0.0015625 0.0015625
1 0.353125 0.6203125 0.0078125 0.021875
0 0.353125 0.6109375 0.0015625 0.0015625
1 0.3953125 0.6171875 0.00625 0.01875
0 0.3953125 0.609375 0.0015625 0.0015625
1 0.425 0.6171875 0.00625 0.0203125
0 0.425 0.609375 0.003125 0.003125
1 0.459375 0.6140625 0.0046875 0.0140625
0 0.4609375 0.609375 0.0015625 0.0015625
1 0.4578125 0.6203125 0.0109375 0.015625
0 0.4578125 0.615625 0.0015625 0.0015625
1 0.4734375 0.6140625 0.00625 0.015625
0 0.4734375 0.609375 0.0015625 0.0015625
1 0.48125 0.61875 0.0078125 0.015625
0 0.48125 0.6140625 0.0015625 0.0015625
1 0.484375 0.6109375 0.003125 0.009375
0 0.484375 0.6078125 0 0
1 0.490625 0.6140625 0.0078125 0.015625
0 0.490625 0.6078125 0.0015625 0.0015625
1 0.4984375 0.61875 0.009375 0.015625
0 0.4984375 0.6125 0.0015625 0.0015625
1 0.50625 0.6140625 0.00625 0.01875
0 0.5046875 0.60625 0.0015625 0.0015625
1 0.509375 0.6140625 0.00625 0.0140625
0 0.509375 0.6078125 0.0015625 0.0015625
1 0.5234375 0.615625 0.009375 0.0140625
0 0.521875 0.6109375 0.0015625 0.0015625
1 0.5234375 0.6125 0.00625 0.0171875
0 0.521875 0.60625 0.0015625 0.0015625
1 0.53125 0.6125 0.0046875 0.0171875
0 0.53125 0.60625 0.0015625 0.0015625
1 0.5328125 0.6171875 0.009375 0.0125
0 0.5328125 0.6109375 0.0015625 0.0015625
1 0.54375 0.6125 0.00625 0.015625
0 0.54375 0.60625 0.0015625 0.0015625
1 0.55 0.6125 0.0046875 0.0140625
0 0.55 0.6078125 0.0015625 0.0015625
1 0.5671875 0.6109375 0.00625 0.0171875
0 0.56875 0.6046875 0.0015625 0.0015625
1 0.5671875 0.6140625 0.009375 0.0140625
0 0.565625 0.609375 0.0015625 0.0015625
1 0.575 0.6140625 0.00625 0.0140625
0 0.5734375 0.6078125 0.0015625 0.0015625
1 0.5828125 0.6125 0.0046875 0.015625
0 0.58125 0.60625 0.0015625 0.0015625
1 0.59375 0.6109375 0.0078125 0.015625
0 0.5921875 0.6046875 0.0015625 0.0015625
1 0.6078125 0.6078125 0.009375 0.025
0 0.60625 0.5984375 0.003125 0.003125
1 0.6109375 0.6109375 0.00625 0.015625
0 0.6125 0.603125 0.0015625 0.0015625
1 0.640625 0.6078125 0.0078125 0.0171875
0 0.6390625 0.6 0.0015625 0.0015625
1 0.65 0.6109375 0.0140625 0.0171875
0 0.6515625 0.6046875 0.0015625 0.0015625
1 0.65625 0.6109375 0.0109375 0.0171875
0 0.6546875 0.6046875 0.003125 0.003125
1 0.659375 0.6078125 0.0046875 0.0203125
0 0.659375 0.6 0.0015625 0.0015625
1 0.6640625 0.609375 0.0078125 0.0171875
0 0.6625 0.6015625 0.0015625 0.0015625
1 0.684375 0.609375 0.00625 0.0171875
0 0.684375 0.603125 0.0015625 0.0015625
1 0.734375 0.6078125 0.00625 0.0171875
0 0.734375 0.6015625 0.0015625 0.0015625
1 0.7671875 0.6078125 0.0125 0.01875
0 0.7671875 0.6 0.003125 0.003125
1 0.5 0.6140625 0.0046875 0.015625
0 0.5 0.6078125 0.0015625 0.0015625
1 0.5015625 0.6140625 0.003125 0.0125
0 0.5015625 0.6078125 0 0