1 0.475 0.5203125 0.33125 0.871875
0 0.534375 0.1484375 0.0921875 0.1125
1 0.7953125 0.4203125 0.06875 0.3171875
0 0.8171875 0.29375 0.0234375 0.0390625
1 0.80625 0.421875 0.0453125 0.35
0 0.81875 0.275 0.01875 0.0453125
1 0.759375 0.3859375 0.084375 0.2625
0 0.76875 0.275 0.0328125 0.0296875
1 0.646875 0.38125 0.0875 0.2796875
0 0.646875 0.265625 0.0375 0.0390625
1 0.6921875 0.3609375 0.053125 0.196875
0 0.6921875 0.28125 0.0265625 0.0265625
1 0.7390625 0.3578125 0.05625 0.2046875
0 0.746875 0.278125 0.021875 0.021875
1 0.2953125 0.428125 0.153125 0.409375
0 0.3125 0.2578125 0.04375 0.0484375
1 0.359375 0.425 0.10625 0.33125
0 0.3625 0.284375 0.040625 0.0453125