1 0.478125 0.5203125 0.1890625 0.153125
0 0.5203125 0.4703125 0.046875 0.040625
1 0.7 0.5828125 0.3328125 0.5484375
0 0.6625 0.3625 0.0796875 0.103125
1 0.6 0.50625 0.11875 0.3546875
0 0.6125 0.3640625 0.040625 0.0609375
1 0.425 0.5046875 0.1515625 0.346875
0 0.4046875 0.378125 0.0421875 0.0484375
1 0.2625 0.5609375 0.3 0.590625
0 0.2703125 0.3203125 0.075 0.103125
1 0.9 0.4515625 0.1234375 0.2703125
0 0.9015625 0.340625 0.0328125 0.0375
1 0.821875 0.378125 0.015625 0.0484375
0 0.8234375 0.3546875 0.00625 0.0046875
1 0.75 0.3890625 0.0328125 0.0640625
0 0.759375 0.3625 0.0078125 0.009375
1 0.7125 0.3875 0.021875 0.046875
0 0.7125 0.3703125 0.00625 0.0078125
1 0.6875 0.3859375 0.0234375 0.0484375
0 0.696875 0.365625 0.00625 0.0078125
1 0.578125 0.3875 0.0296875 0.0859375
0 0.5828125 0.353125 0.009375 0.009375
1 0.490625 0.36875 0.01875 0.053125
0 0.4890625 0.3453125 0.003125 0.003125
1 0.4328125 0.396875 0.0421875 0.1390625
0 0.434375 0.340625 0.021875 0.021875
1 0.2359375 0.4078125 0.065625 0.1796875
0 0.23125 0.3359375 0.021875 0.025
1 0.1734375 0.4109375 0.0671875 0.1578125
0 0.1578125 0.3453125 0.01875 0.0203125
1 0.196875 0.4109375 0.0453125 0.140625
0 0.2015625 0.35625 0.0140625 0.0171875
1 0.1578125 0.40625 0.046875 0.1515625
0 0.159375 0.34375 0.0171875 0.0203125
1 0.134375 0.403125 0.0453125 0.153125
0 0.1359375 0.3390625 0.0203125 0.01875
1 0.11875 0.4125 0.075 0.19375
0 0.109375 0.3328125 0.0234375 0.028125
1 0.0875 0.4234375 0.040625 0.1484375
0 0.090625 0.3578125 0.0140625 0.0171875
1 0.06875 0.4296875 0.08125 0.225
0 0.0671875 0.3390625 0.028125 0.0390625
1 0.0234375 0.44375 0.04375 0.21875
0 0.0203125 0.3515625 0.0265625 0.0328125
1 0.0515625 0.4078125 0.053125 0.1765625
0 0.046875 0.334375 0.0203125 0.0265625