1 0.6296875 0.7859375 0.090625 0.1546875
0 0.6234375 0.7390625 0.04375 0.053125
1 0.4984375 0.771875 0.1421875 0.184375
0 0.4765625 0.74375 0.059375 0.06875
1 0.378125 0.775 0.1421875 0.178125
0 0.3796875 0.7484375 0.046875 0.059375
1 0.625 0.7765625 0.115625 0.175
0 0.6453125 0.7203125 0.0359375 0.046875
1 0.46875 0.7640625 0.140625 0.1984375
0 0.471875 0.696875 0.0484375 0.053125
1 0.9609375 0.7828125 0.071875 0.1625
0 0.978125 0.7453125 0.0390625 0.059375
1 0.9625 0.7 0.0703125 0.165625
0 0.9875 0.6359375 0.01875 0.0265625
1 0.9578125 0.6828125 0.059375 0.165625
0 0.9609375 0.615625 0.021875 0.025
1 0.8375 0.69375 0.0703125 0.1765625
0 0.8375 0.621875 0.021875 0.0296875
1 0.9203125 0.6171875 0.028125 0.0859375
0 0.9203125 0.5828125 0.009375 0.0109375
1 0.925 0.609375 0.0203125 0.06875
0 0.925 0.58125 0.0078125 0.009375
1 0.928125 0.6 0.021875 0.0625
0 0.928125 0.5765625 0.0046875 0.009375
1 0.8953125 0.603125 0.0234375 0.0609375
0 0.8921875 0.5796875 0.0046875 0.00625
1 0.8328125 0.6421875 0.0390625 0.11875
0 0.8265625 0.5953125 0.015625 0.01875
1 0.8046875 0.6375 0.0484375 0.11875
0 0.815625 0.5921875 0.0125 0.01875
1 0.8453125 0.6265625 0.0296875 0.078125
0 0.8453125 0.5953125 0.009375 0.0109375
1 0.85 0.6203125 0.0296875 0.0859375
0 0.8484375 0.584375 0.009375 0.0125
1 0.8625 0.60625 0.025 0.0640625
0 0.8625 0.5796875 0.0078125 0.00625
1 0.8015625 0.625 0.0390625 0.103125
0 0.8078125 0.58125 0.009375 0.0140625
1 0.7984375 0.6046875 0.021875 0.0609375
0 0.8 0.5796875 0.0046875 0.0078125
1 0.7859375 0.5984375 0.0203125 0.0640625
0 0.7828125 0.5734375 0.0078125 0.009375
1 0.7765625 0.5984375 0.025 0.075
0 0.775 0.5671875 0.00625 0.009375
1 0.7578125 0.6265625 0.0296875 0.0890625
0 0.7546875 0.5921875 0.009375 0.0109375
1 0.675 0.7234375 0.0671875 0.2171875
0 0.68125 0.6296875 0.025 0.03125
1 0.6359375 0.7109375 0.0625 0.19375
0 0.6359375 0.63125 0.0203125 0.0265625
1 0.5765625 0.7203125 0.075 0.2
0 0.5796875 0.6375 0.025 0.0296875
1 0.5046875 0.7375 0.0953125 0.2328125
0 0.503125 0.64375 0.0296875 0.0375
1 0.375 0.7390625 0.1 0.25
0 0.378125 0.6390625 0.0328125 0.0421875
1 0.415625 0.746875 0.0796875 0.2125
0 0.4078125 0.659375 0.028125 0.03125
1 0.3953125 0.71875 0.0609375 0.2046875
0 0.396875 0.6296875 0.025 0.0328125
1 0.409375 0.7171875 0.059375 0.1890625
0 0.4015625 0.6375 0.0171875 0.021875
1 0.340625 0.7234375 0.0671875 0.196875
0 0.34375 0.64375 0.021875 0.0234375
1 0.2859375 0.71875 0.078125 0.2078125
0 0.2921875 0.6328125 0.028125 0.03125
1 0.5 0.70625 0.0640625 0.190625
0 0.4984375 0.6296875 0.025 0.0296875
1 0.525 0.6859375 0.0671875 0.175
0 0.5203125 0.6140625 0.01875 0.025
1 0.4703125 0.709375 0.0828125 0.2265625
0 0.465625 0.6171875 0.028125 0.03125
1 0.4453125 0.6375 0.05 0.1015625
0 0.45 0.6015625 0.0125 0.0171875
1 0.3953125 0.6390625 0.0421875 0.1046875
0 0.4 0.5984375 0.015625 0.01875
1 0.209375 0.740625 0.0921875 0.2296875
0 0.18125 0.6375 0.028125 0.03125
1 0.2 0.740625 0.075 0.24375
0 0.1828125 0.6390625 0.03125 0.0328125
1 0.15 0.7203125 0.06875 0.2
0 0.1546875 0.640625 0.0234375 0.03125
1 0.0875 0.740625 0.090625 0.2015625
0 0.090625 0.659375 0.025 0.03125
1 0.0484375 0.725 0.0953125 0.2515625
0 0.0375 0.625 0.025 0.0265625
1 0.35 0.6015625 0.0296875 0.071875
0 0.35 0.5703125 0.0078125 0.009375
1 0.3765625 0.6078125 0.025 0.075
0 0.375 0.5765625 0.009375 0.009375
1 0.4 0.603125 0.025 0.0640625
0 0.4 0.5796875 0.0078125 0.0109375
1 0.396875 0.5953125 0.028125 0.0625
0 0.3953125 0.571875 0.009375 0.0109375
1 0.425 0.6046875 0.0265625 0.0703125
0 0.428125 0.5765625 0.00625 0.009375
1 0.4328125 0.603125 0.021875 0.0671875
0 0.43125 0.5765625 0.0046875 0.0078125
1 0.446875 0.6015625 0.0234375 0.0609375
0 0.4453125 0.578125 0.0078125 0.009375
1 0.4703125 0.6078125 0.0296875 0.078125
0 0.46875 0.5765625 0.009375 0.009375
1 0.46875 0.6015625 0.028125 0.071875
0 0.46875 0.571875 0.009375 0.009375
1 0.490625 0.60625 0.0328125 0.0703125
0 0.490625 0.578125 0.009375 0.009375
1 0.5015625 0.6265625 0.0421875 0.1015625
0 0.503125 0.5859375 0.0125 0.0140625
1 0.53125 0.6203125 0.0359375 0.0859375
0 0.5296875 0.5859375 0.009375 0.0125
1 0.5015625 0.6 0.0203125 0.06875
0 0.5015625 0.571875 0.009375 0.0109375
1 0.496875 0.590625 0.025 0.0671875
0 0.5 0.565625 0.009375 0.009375
1 0.5234375 0.596875 0.021875 0.0671875
0 0.521875 0.571875 0.0078125 0.009375
1 0.5484375 0.6 0.028125 0.0828125
0 0.55 0.565625 0.009375 0.0109375
1 0.5703125 0.6234375 0.0375 0.1015625
0 0.56875 0.584375 0.0109375 0.0140625
1 0.5921875 0.625 0.0390625 0.1
0 0.5890625 0.584375 0.0109375 0.0125
1 0.5921875 0.60625 0.025 0.071875
0 0.5921875 0.5765625 0.0078125 0.009375
1 0.6 0.603125 0.0203125 0.0671875
0 0.6 0.5765625 0.0078125 0.009375
1 0.6203125 0.596875 0.025 0.0671875
0 0.621875 0.571875 0.009375 0.009375
1 0.625 0.6453125 0.05 0.11875
0 0.621875 0.5984375 0.015625 0.01875
1 0.6359375 0.6515625 0.0484375 0.134375
0 0.634375 0.6 0.0171875 0.01875
1 0.6765625 0.6765625 0.05 0.1546875
0 0.678125 0.6140625 0.01875 0.0203125
1 0.6828125 0.6390625 0.0390625 0.109375
0 0.6796875 0.596875 0.015625 0.0171875
1 0.6625 0.6078125 0.025 0.08125
0 0.6640625 0.575 0.0078125 0.0109375
1 0.6421875 0.603125 0.025 0.08125
0 0.646875 0.5703125 0.009375 0.009375
1 0.7015625 0.6078125 0.021875 0.071875
0 0.7046875 0.578125 0.0078125 0.009375
1 0.6984375 0.6 0.0203125 0.071875
0 0.7 0.5703125 0.009375 0.009375
1 0.6875 0.6 0.025 0.0796875
0 0.6875 0.5703125 0.0078125 0.009375
1 0.5578125 0.6015625 0.0203125 0.0671875
0 0.5578125 0.575 0.0078125 0.009375
1 0.584375 0.5953125 0.0171875 0.0609375
0 0.5859375 0.571875 0.0046875 0.0078125
1 0.609375 0.58125 0.0125 0.0359375
0 0.609375 0.56875 0.0046875 0.0046875
1 0.7640625 0.6 0.025 0.0734375
0 0.7625 0.571875 0.0078125 0.009375
1 0.865625 0.5953125 0.01875 0.0421875
0 0.8625 0.5796875 0.0078125 0.0078125
1 0.609375 0.5953125 0.0109375 0.0453125
0 0.6109375 0.578125 0.0046875 0.00625
1 0.603125 0.584375 0.0125 0.0421875
0 0.6015625 0.5703125 0.0046875 0.00625