1 0.040625 0.5109375 0.04375 0.1078125
0 0.0375 0.465625 0.0125 0.0125
1 0.071875 0.5046875 0.0265625 0.090625
0 0.075 0.4671875 0.009375 0.0109375
1 0.0796875 0.5109375 0.0328125 0.1
0 0.078125 0.4703125 0.009375 0.0109375
1 0.0875 0.5125 0.040625 0.1109375
0 0.0859375 0.4671875 0.015625 0.0171875
1 0.1453125 0.6 0.1484375 0.3265625
0 0.125 0.465625 0.040625 0.0515625
1 0.2046875 0.509375 0.0421875 0.115625
0 0.2046875 0.4625 0.0125 0.015625
1 0.2375 0.5203125 0.0546875 0.1515625
0 0.2421875 0.4578125 0.01875 0.0203125
1 0.2625 0.5109375 0.0359375 0.11875
0 0.265625 0.4609375 0.0125 0.0125
1 0.3125 0.5015625 0.0359375 0.1078125
0 0.309375 0.45625 0.0109375 0.0125
1 0.290625 0.603125 0.1140625 0.346875
0 0.290625 0.4546875 0.0359375 0.0421875
1 0.3953125 0.5828125 0.1046875 0.3859375
0 0.3890625 0.4234375 0.0453125 0.0546875
1 0.490625 0.53125 0.0859375 0.2
0 0.4890625 0.45 0.0234375 0.028125
1 0.5359375 0.5046875 0.0375 0.1375
0 0.534375 0.4484375 0.0125 0.0125
1 0.553125 0.540625 0.0640625 0.178125
0 0.5515625 0.4671875 0.021875 0.025
1 0.6046875 0.509375 0.0453125 0.13125
0 0.596875 0.4578125 0.0140625 0.01875
1 0.6296875 0.5046875 0.075 0.1109375
0 0.596875 0.45625 0.0125 0.0171875
1 0.625 0.53125 0.0640625 0.1921875
0 0.6203125 0.453125 0.0203125 0.025
1 0.7328125 0.503125 0.040625 0.115625
0 0.734375 0.45625 0.0140625 0.015625
1 0.7671875 0.509375 0.0421875 0.1125
0 0.7671875 0.4640625 0.0140625 0.015625
1 0.8265625 0.515625 0.05 0.140625
0 0.821875 0.4609375 0.01875 0.0203125
1 0.846875 0.5078125 0.0546875 0.14375
0 0.8359375 0.45 0.01875 0.0234375
1 0.8625 0.4953125 0.0453125 0.125
0 0.8640625 0.4484375 0.0125 0.015625
1 0.875 0.521875 0.065625 0.1125
0 0.875 0.478125 0.015625 0.0203125
1 0.9046875 0.503125 0.0453125 0.1078125
0 0.9046875 0.459375 0.0140625 0.0140625
1 0.9484375 0.4984375 0.0484375 0.121875
0 0.953125 0.4484375 0.0140625 0.015625
1 0.984375 0.5 0.025 0.115625
0 0.9875 0.4515625 0.015625 0.0171875