1 0.771875 0.65 0.1859375 0.3140625
0 0.7203125 0.5265625 0.0578125 0.05
1 0.746875 0.6421875 0.159375 0.265625
0 0.7046875 0.5421875 0.0296875 0.0359375
1 0.68125 0.628125 0.0953125 0.20625
0 0.6546875 0.5421875 0.028125 0.03125
1 0.584375 0.684375 0.1390625 0.2453125
0 0.553125 0.5859375 0.03125 0.040625
1 0.40625 0.70625 0.1796875 0.2015625
0 0.384375 0.6328125 0.0390625 0.05
1 0.196875 0.70625 0.16875 0.2015625
0 0.2015625 0.6359375 0.0421875 0.05
1 0.315625 0.7 0.1 0.196875
0 0.29375 0.61875 0.0265625 0.0234375
1 0.4 0.6234375 0.0453125 0.0875
0 0.396875 0.5890625 0.0109375 0.0109375
1 0.48125 0.65 0.084375 0.1609375
0 0.4671875 0.58125 0.01875 0.021875
1 0.5 0.6109375 0.05 0.10625
0 0.49375 0.5671875 0.0109375 0.0109375
1 0.51875 0.625 0.0453125 0.1234375
0 0.521875 0.5703125 0.0109375 0.0140625
1 0.628125 0.6296875 0.0984375 0.171875
0 0.60625 0.5578125 0.025 0.025