1 0.740625 0.6078125 0.0390625 0.1078125
0 0.7390625 0.5640625 0.0109375 0.0109375
1 0.7203125 0.6125 0.053125 0.1140625
0 0.725 0.5640625 0.0140625 0.0140625
1 0.6625 0.55 0.028125 0.04375
0 0.6625 0.5359375 0.0078125 0.009375
1 0.6609375 0.6015625 0.0390625 0.1
0 0.6625 0.5578125 0.0125 0.009375
1 0.621875 0.5921875 0.0265625 0.0734375
0 0.621875 0.5625 0.009375 0.0125
1 0.628125 0.603125 0.034375 0.0734375
0 0.628125 0.5734375 0.0109375 0.0125
1 0.5953125 0.6015625 0.04375 0.1046875
0 0.59375 0.559375 0.0125 0.0140625
1 0.63125 0.6734375 0.071875 0.1921875
0 0.6296875 0.5921875 0.01875 0.025
1 0.575 0.6640625 0.071875 0.21875
0 0.5859375 0.5703125 0.0234375 0.0296875
1 0.546875 0.615625 0.028125 0.0765625
0 0.55 0.5859375 0.009375 0.0109375
1 0.55 0.58125 0.0234375 0.059375
0 0.5484375 0.5578125 0.009375 0.0125
1 0.5359375 0.6 0.0265625 0.0875
0 0.5375 0.5671875 0.0125 0.0140625
1 0.5296875 0.5921875 0.0296875 0.0796875
0 0.53125 0.5609375 0.00625 0.00625
1 0.68125 0.609375 0.046875 0.11875
0 0.6828125 0.5578125 0.0125 0.0140625
1 0.4765625 0.6 0.040625 0.084375
0 0.48125 0.5640625 0.009375 0.0125
1 0.4671875 0.60625 0.025 0.071875
0 0.4703125 0.5765625 0.0078125 0.009375
1 0.4421875 0.6046875 0.040625 0.08125
0 0.4453125 0.5703125 0.009375 0.0125
1 0.45625 0.5765625 0.0234375 0.053125
0 0.4578125 0.5546875 0.0109375 0.0078125
1 0.46875 0.5703125 0.0140625 0.0390625
0 0.46875 0.5546875 0.0046875 0.0046875
1 0.475 0.56875 0.0171875 0.0453125
0 0.4796875 0.5515625 0.0046875 0.0046875
1 0.4328125 0.5875 0.01875 0.075
0 0.4328125 0.5546875 0.00625 0.0078125
1 0.4265625 0.5859375 0.025 0.0796875
0 0.425 0.553125 0.0078125 0.0078125
1 0.409375 0.5953125 0.0296875 0.090625
0 0.409375 0.55625 0.0109375 0.0109375
1 0.3984375 0.6 0.0328125 0.0875
0 0.4015625 0.5640625 0.009375 0.0125
1 0.403125 0.609375 0.0421875 0.1015625
0 0.40625 0.5640625 0.0109375 0.0109375
1 0.5046875 0.66875 0.0859375 0.228125
0 0.503125 0.5734375 0.028125 0.0359375
1 0.1359375 0.5828125 0.0265625 0.075
0 0.1359375 0.5515625 0.0078125 0.0109375
1 0.171875 0.596875 0.0359375 0.0859375
0 0.1734375 0.5625 0.0109375 0.0125
1 0.215625 0.6 0.0359375 0.0828125
0 0.2203125 0.565625 0.0109375 0.0125
1 0.2203125 0.58125 0.0234375 0.0609375
0 0.221875 0.55625 0.00625 0.0078125
1 0.23125 0.571875 0.0109375 0.0484375
0 0.234375 0.553125 0.00625 0.00625
1 0.240625 0.5671875 0.0125 0.0421875
0 0.2421875 0.553125 0.003125 0.0046875
1 0.2421875 0.6 0.0234375 0.0796875
0 0.2453125 0.565625 0.009375 0.0109375
1 0.2578125 0.5953125 0.0296875 0.0953125
0 0.2609375 0.55625 0.009375 0.0125
1 0.2625 0.5859375 0.021875 0.06875
0 0.265625 0.55625 0.00625 0.0078125
1 0.284375 0.5953125 0.0328125 0.0921875
0 0.2828125 0.5546875 0.009375 0.009375
1 0.296875 0.5953125 0.01875 0.065625
0 0.3 0.5671875 0.0078125 0.009375
1 0.290625 0.5921875 0.0171875 0.059375
0 0.2921875 0.5671875 0.0078125 0.009375
1 0.3078125 0.5890625 0.0203125 0.078125
0 0.3078125 0.5546875 0.0078125 0.009375
1 0.315625 0.5953125 0.0234375 0.0875
0 0.3140625 0.5609375 0.0109375 0.0125
1 0.334375 0.59375 0.0203125 0.0625
0 0.3359375 0.5625 0.0078125 0.009375
1 0.340625 0.596875 0.028125 0.084375
0 0.3421875 0.5640625 0.009375 0.0125
1 0.3671875 0.5953125 0.0359375 0.0890625
0 0.3671875 0.559375 0.0109375 0.0125
1 0.4421875 0.5671875 0.0125 0.0390625
0 0.4421875 0.5515625 0.0046875 0.0046875
1 0.35625 0.590625 0.0203125 0.071875
0 0.3546875 0.559375 0.0078125 0.0078125
1 0.3265625 0.58125 0.0125 0.0484375
0 0.3265625 0.5609375 0.0046875 0.0046875