1 0.8625 0.6515625 0.0515625 0.209375
0 0.8625 0.565625 0.0296875 0.034375
1 0.675 0.5765625 0.0390625 0.1046875
0 0.6765625 0.53125 0.0109375 0.0125
1 0.6515625 0.590625 0.0453125 0.109375
0 0.6484375 0.54375 0.015625 0.015625
1 0.6 0.5703125 0.0296875 0.09375
0 0.5984375 0.534375 0.009375 0.0125
1 0.6328125 0.5828125 0.0296875 0.096875
0 0.6296875 0.54375 0.0140625 0.0171875
1 0.61875 0.6078125 0.059375 0.1296875
0 0.625 0.5546875 0.015625 0.0203125
1 0.45 0.659375 0.15 0.3203125
0 0.46875 0.5234375 0.0421875 0.04375