1 0.634375 0.7484375 0.0109375 0.0234375
0 0.6359375 0.740625 0.003125 0.003125
1 0.53125 0.7671875 0.009375 0.0296875
0 0.53125 0.7578125 0.003125 0.0046875
1 0.528125 0.69375 0.0125 0.025
0 0.528125 0.6859375 0.003125 0.003125
1 0.746875 0.790625 0.015625 0.025
0 0.75 0.7828125 0.003125 0.003125
1 0.753125 0.7953125 0.015625 0.0234375
0 0.7578125 0.7875 0.003125 0.003125
1 0.7640625 0.7984375 0.015625 0.025
0 0.765625 0.790625 0.003125 0.0046875
1 0.8421875 0.7984375 0.0109375 0.0265625
0 0.84375 0.790625 0.0046875 0.0046875
1 0.9296875 0.678125 0.0125 0.028125
0 0.93125 0.6671875 0.003125 0.003125
1 0.9203125 0.6109375 0.0171875 0.0203125
0 0.9203125 0.6109375 0.0171875 0.0203125
1 0.959375 0.584375 0.0109375 0.021875
0 0.9609375 0.5765625 0.0015625 0.003125
1 0.9765625 0.584375 0.0125 0.025
0 0.9765625 0.5734375 0.003125 0.003125
1 0.915625 0.56875 0.0125 0.015625
0 0.9140625 0.5640625 0.003125 0.003125
1 0.8984375 0.553125 0.0125 0.025
0 0.8984375 0.5453125 0.0015625 0.003125
1 0.9859375 0.515625 0.0125 0.025
0 0.990625 0.50625 0.0015625 0.0015625
1 0.978125 0.509375 0.0078125 0.021875
0 0.9796875 0.5015625 0.0015625 0.0015625
1 0.934375 0.509375 0.015625 0.0234375
0 0.934375 0.5 0.003125 0.003125
1 0.8625 0.475 0.009375 0.015625
0 0.8625 0.471875 0.0015625 0.0015625
1 0.8796875 0.471875 0.0125 0.015625
0 0.884375 0.4671875 0.003125 0.003125
1 0.9734375 0.3984375 0.009375 0.0234375
0 0.971875 0.3890625 0.003125 0.003125
1 0.9734375 0.39375 0.009375 0.0203125
0 0.9734375 0.3875 0.003125 0.003125
1 0.83125 0.3828125 0.009375 0.0203125
0 0.8328125 0.3765625 0.003125 0.003125
1 0.7125 0.434375 0.009375 0.015625
0 0.7140625 0.43125 0.0015625 0.003125
1 0.740625 0.421875 0.009375 0.01875
0 0.74375 0.415625 0.0015625 0.0015625
1 0.7328125 0.4046875 0.0078125 0.0203125
0 0.7328125 0.3984375 0.0015625 0.003125
1 0.725 0.40625 0.009375 0.021875
0 0.725 0.3984375 0.0015625 0.0015625
1 0.7125 0.4140625 0.0078125 0.0203125
0 0.7125 0.40625 0.0015625 0.0015625
1 0.6859375 0.4328125 0.0078125 0.0203125
0 0.6875 0.4265625 0.003125 0.003125
1 0.6859375 0.425 0.009375 0.021875
0 0.6875 0.4171875 0.003125 0.003125
1 0.671875 0.43125 0.0109375 0.0234375
0 0.675 0.421875 0.0015625 0.003125
1 0.7015625 0.403125 0.009375 0.0234375
0 0.7 0.3953125 0.003125 0.003125
1 0.684375 0.3953125 0.015625 0.0203125
0 0.6859375 0.3875 0.0015625 0.0015625
1 0.68125 0.390625 0.015625 0.0234375
0 0.6828125 0.3828125 0.003125 0.003125
1 0.6171875 0.43125 0.0140625 0.0203125
0 0.6171875 0.425 0.003125 0.0046875
1 0.609375 0.4046875 0.0125 0.021875
0 0.6109375 0.396875 0.003125 0.003125
1 0.578125 0.3984375 0.009375 0.021875
0 0.578125 0.3921875 0.0046875 0.003125
1 0.5625 0.4203125 0.0078125 0.0203125
0 0.5640625 0.4125 0.0015625 0.0015625
1 0.53125 0.434375 0.009375 0.0171875
0 0.5328125 0.4296875 0.003125 0.0046875
1 0.5171875 0.4328125 0.009375 0.015625
0 0.5171875 0.4328125 0.009375 0.015625
1 0.515625 0.4265625 0.0109375 0.0140625
0 0.515625 0.421875 0.0015625 0.0015625
1 0.5046875 0.4265625 0.009375 0.0171875
0 0.50625 0.421875 0.0015625 0.0015625
1 0.4703125 0.43125 0.009375 0.0171875
0 0.471875 0.425 0.0015625 0.003125
1 0.540625 0.396875 0.0109375 0.0234375
0 0.54375 0.3890625 0.003125 0.003125
1 0.4015625 0.428125 0.0125 0.015625
0 0.4015625 0.428125 0.0125 0.015625
1 0.3671875 0.43125 0.009375 0.0171875
0 0.3671875 0.4265625 0.0015625 0.003125
1 0.3625 0.4328125 0.009375 0.0171875
0 0.3625 0.4265625 0.0015625 0.0015625
1 0.3203125 0.3875 0.0109375 0.0203125
0 0.31875 0.38125 0.003125 0.003125
1 0.2875 0.43125 0.0109375 0.015625
0 0.2890625 0.428125 0.003125 0.003125
1 0.2953125 0.4265625 0.009375 0.015625
0 0.2953125 0.4234375 0.0015625 0.003125
1 0.284375 0.4265625 0.0078125 0.0171875
0 0.2859375 0.421875 0.003125 0.003125
1 0.25 0.39375 0.009375 0.021875
0 0.25 0.3859375 0.0046875 0.003125
1 0.25625 0.425 0.009375 0.015625
0 0.25625 0.421875 0.0015625 0.0015625
1 0.190625 0.365625 0.0125 0.0171875
0 0.1890625 0.359375 0.0015625 0.0015625
1 0.1296875 0.425 0.009375 0.021875
0 0.128125 0.4171875 0.0015625 0.0015625
1 0.121875 0.4265625 0.009375 0.021875
0 0.1234375 0.4171875 0.0015625 0.003125
1 0.0203125 0.425 0.0109375 0.01875
0 0.0203125 0.41875 0.003125 0.0015625
1 0.0046875 0.4609375 0.009375 0.0203125
0 0.0046875 0.4546875 0.0015625 0.003125
1 0.06875 0.4875 0.0140625 0.0203125
0 0.06875 0.478125 0.003125 0.0046875
1 0.103125 0.48125 0.0125 0.0171875
0 0.103125 0.4765625 0.003125 0.003125
1 0.015625 0.509375 0.009375 0.0234375
0 0.015625 0.5015625 0.003125 0.003125
1 0.1046875 0.5515625 0.009375 0.0234375
0 0.103125 0.5421875 0.0046875 0.0046875
1 0.0828125 0.546875 0.0109375 0.0234375
0 0.0859375 0.534375 0.0046875 0.0046875
1 0.0875 0.5453125 0.0078125 0.0234375
0 0.0875 0.5375 0.003125 0.003125
1 0.046875 0.6265625 0.0109375 0.0203125
0 0.05 0.6203125 0.003125 0.003125
1 0.05625 0.6296875 0.0125 0.0171875
0 0.0578125 0.628125 0.0015625 0.003125
1 0.0859375 0.6625 0.0140625 0.0265625
0 0.0875 0.6515625 0.0046875 0.003125
1 0.09375 0.659375 0.0109375 0.021875
0 0.09375 0.6515625 0.003125 0.003125
1 0.1140625 0.6484375 0.0109375 0.0234375
0 0.1140625 0.6390625 0.003125 0.003125
1 0.121875 0.6484375 0.0109375 0.01875
0 0.125 0.640625 0.003125 0.0015625
1 0.1640625 0.70625 0.0125 0.028125
0 0.1640625 0.696875 0.003125 0.0046875
1 0.146875 0.7375 0.0125 0.025
0 0.1484375 0.728125 0.003125 0.003125
1 0.1609375 0.7421875 0.0109375 0.028125
0 0.1640625 0.7296875 0.003125 0.003125
1 0.184375 0.74375 0.0109375 0.0296875
0 0.184375 0.7328125 0.003125 0.0046875
1 0.175 0.7484375 0.0109375 0.0296875
0 0.1734375 0.7375 0.0046875 0.0046875
1 0.1671875 0.753125 0.009375 0.025
0 0.16875 0.7453125 0.003125 0.003125
1 0.175 0.7953125 0.009375 0.025
0 0.175 0.7859375 0.0015625 0.003125
1 0.1625 0.7890625 0.0125 0.0234375
0 0.1609375 0.7796875 0.003125 0.003125
1 0.1484375 0.790625 0.009375 0.0234375
0 0.15 0.7828125 0.003125 0.003125
1 0.13125 0.796875 0.0125 0.021875
0 0.1328125 0.7875 0.0015625 0.003125
1 0.1046875 0.7984375 0.0109375 0.025
0 0.1046875 0.7890625 0.003125 0.0046875
1 0.0734375 0.803125 0.0140625 0.0265625
0 0.075 0.79375 0.0046875 0.0046875
1 0.225 0.8015625 0.009375 0.0234375
0 0.225 0.79375 0.003125 0.003125
1 0.2328125 0.7984375 0.015625 0.028125
0 0.2328125 0.7875 0.003125 0.003125
1 0.296875 0.765625 0.009375 0.0234375
0 0.296875 0.75625 0.003125 0.003125
1 0.390625 0.7546875 0.009375 0.0203125
0 0.3921875 0.7484375 0.0015625 0.0015625
1 0.278125 0.7109375 0.009375 0.021875
0 0.278125 0.7046875 0.0015625 0.003125
1 0.265625 0.709375 0.0125 0.0203125
0 0.265625 0.703125 0.003125 0.003125
1 0.1984375 0.665625 0.009375 0.0234375
0 0.2 0.6578125 0.0046875 0.003125
1 0.3453125 0.6578125 0.0109375 0.0171875
0 0.3453125 0.6515625 0.003125 0.003125
1 0.3546875 0.6578125 0.009375 0.0171875
0 0.35625 0.6515625 0.003125 0.003125
1 0.4015625 0.659375 0.009375 0.025
0 0.4015625 0.65 0.003125 0.003125
1 0.4109375 0.725 0.0109375 0.0234375
0 0.4109375 0.715625 0.003125 0.003125
1 0.41875 0.7328125 0.0125 0.0265625
0 0.41875 0.721875 0.003125 0.003125
1 0.4359375 0.7234375 0.0109375 0.0265625
0 0.434375 0.7125 0.0015625 0.0015625
1 0.0109375 0.2578125 0.009375 0.01875
0 0.0109375 0.2515625 0.0015625 0.003125
1 0.0234375 0.228125 0.009375 0.0203125
0 0.0234375 0.221875 0.0015625 0.0015625
1 0.0359375 0.2234375 0.009375 0.01875
0 0.0359375 0.2171875 0.0015625 0.0015625
1 0.071875 0.2234375 0.0109375 0.0203125
0 0.0734375 0.2171875 0.0015625 0.0015625
1 0.0828125 0.23125 0.009375 0.01875
0 0.08125 0.225 0.003125 0.003125
1 0.0859375 0.2203125 0.0078125 0.0171875
0 0.0859375 0.2171875 0.0015625 0.003125
1 0.1375 0.2265625 0.0125 0.021875
0 0.1375 0.2203125 0.003125 0.003125
1 0.1125 0.2171875 0.009375 0.021875
0 0.1140625 0.209375 0.003125 0.003125
1 0.2015625 0.2578125 0.009375 0.0140625
0 0.2015625 0.2515625 0.0015625 0.0015625
1 0.2453125 0.2109375 0.0078125 0.021875
0 0.246875 0.203125 0.003125 0.0046875
1 0.5609375 0.259375 0.0078125 0.0140625
0 0.5609375 0.2546875 0.0015625 0.0015625
1 0.6484375 0.3078125 0.0109375 0.021875
0 0.6484375 0.3015625 0.003125 0.0046875
1 0.475 0.6609375 0.009375 0.0171875
0 0.4734375 0.6546875 0.003125 0.003125
1 0.4859375 0.659375 0.0109375 0.0234375
0 0.4875 0.653125 0.003125 0.0046875
1 0.6734375 0.6640625 0.009375 0.025
0 0.675 0.65625 0.003125 0.0046875
1 0.684375 0.6640625 0.0109375 0.025
0 0.684375 0.65625 0.0046875 0.0046875
1 0.7234375 0.6625 0.009375 0.0203125
0 0.7234375 0.65625 0.003125 0.0015625
1 0.7421875 0.6625 0.0125 0.0203125
0 0.7421875 0.6546875 0.003125 0.003125
1 0.753125 0.6625 0.009375 0.01875
0 0.75 0.6546875 0.0015625 0.003125
1 0.79375 0.6671875 0.0109375 0.01875
0 0.79375 0.6609375 0.0015625 0.0015625
1 0.7125 0.696875 0.0125 0.028125
0 0.7140625 0.6875 0.003125 0.003125