1 0.096875 0.6640625 0.190625 0.3296875
0 0.0671875 0.646875 0.1078125 0.096875
1 0.1875 0.6640625 0.2359375 0.3296875
0 0.1609375 0.5515625 0.0734375 0.1
1 0.3359375 0.6640625 0.1765625 0.3296875
0 0.3375 0.6359375 0.0703125 0.0765625
1 0.51875 0.6640625 0.3671875 0.3296875
0 0.471875 0.5609375 0.0953125 0.140625
1 0.5265625 0.6640625 0.315625 0.3296875
0 0.471875 0.5625 0.0890625 0.134375
1 0.7453125 0.6765625 0.16875 0.303125
0 0.7703125 0.6234375 0.0703125 0.1015625
1 0.7390625 0.6640625 0.296875 0.3296875
0 0.796875 0.7046875 0.0875 0.115625
1 0.875 0.6640625 0.2421875 0.3296875
0 0.86875 0.6 0.0640625 0.078125