1 0.0296875 0.48125 0.05625 0.1734375
0 0.01875 0.4109375 0.021875 0.0296875
1 0.0546875 0.48125 0.0765625 0.1890625
0 0.0390625 0.4046875 0.01875 0.0234375
1 0.06875 0.49375 0.090625 0.259375
0 0.059375 0.3828125 0.0296875 0.0375
1 0.0984375 0.4828125 0.0796875 0.1984375
0 0.0921875 0.4 0.025 0.028125
1 0.1125 0.4421875 0.0484375 0.109375
0 0.1140625 0.3984375 0.0125 0.015625
1 0.1640625 0.44375 0.0296875 0.10625
0 0.1625 0.4 0.0125 0.0140625
1 0.15 0.521875 0.05625 0.159375
0 0.15 0.459375 0.021875 0.025
1 0.1890625 0.4796875 0.0734375 0.2234375
0 0.1984375 0.3859375 0.025 0.034375
1 0.203125 0.4734375 0.05 0.1453125
0 0.20625 0.4140625 0.015625 0.0171875
1 0.2375 0.4859375 0.0625 0.2109375
0 0.2453125 0.4015625 0.0234375 0.028125
1 0.234375 0.4546875 0.0625 0.1203125
0 0.2375 0.409375 0.021875 0.0265625
1 0.2640625 0.471875 0.0484375 0.14375
0 0.2578125 0.4203125 0.0171875 0.01875
1 0.3 0.4328125 0.040625 0.140625
0 0.2921875 0.3734375 0.01875 0.0171875
1 0.471875 0.5296875 0.1203125 0.3578125
0 0.4625 0.3796875 0.04375 0.05
1 0.5296875 0.559375 0.1375 0.40625
0 0.525 0.39375 0.04375 0.0640625
1 0.6265625 0.5359375 0.128125 0.41875
0 0.6296875 0.359375 0.0453125 0.059375
1 0.6984375 0.5484375 0.1953125 0.446875
0 0.675 0.3703125 0.05 0.0609375
1 0.525 0.4859375 0.0921875 0.2625
0 0.5296875 0.378125 0.03125 0.0390625
1 0.565625 0.4203125 0.0328125 0.075
0 0.565625 0.3921875 0.0109375 0.015625
1 0.6109375 0.4828125 0.0921875 0.2625
0 0.6078125 0.371875 0.025 0.0359375
1 0.6984375 0.4984375 0.1078125 0.3390625
0 0.6828125 0.36875 0.034375 0.0390625
1 0.7859375 0.475 0.090625 0.240625
0 0.775 0.371875 0.0265625 0.03125
1 0.8078125 0.4671875 0.090625 0.2296875
0 0.7875 0.36875 0.0234375 0.0265625
1 0.9 0.4546875 0.075 0.246875
0 0.8828125 0.3546875 0.0328125 0.03125
1 0.8890625 0.4875 0.109375 0.2921875
0 0.884375 0.3609375 0.0328125 0.03125
1 0.896875 0.5171875 0.1296875 0.3109375
0 0.8796875 0.3875 0.0375 0.040625