1 0.2359375 0.7609375 0.0671875 0.165625
0 0.2296875 0.6921875 0.01875 0.021875
1 0.3203125 0.7359375 0.046875 0.134375
0 0.328125 0.6796875 0.0125 0.015625
1 0.3328125 0.7375 0.034375 0.121875
0 0.328125 0.6796875 0.015625 0.0171875
1 0.371875 0.7375 0.0578125 0.1328125
0 0.378125 0.6796875 0.0140625 0.015625
1 0.4015625 0.6953125 0.0171875 0.053125
0 0.403125 0.6734375 0.0046875 0.00625
1 0.4140625 0.709375 0.028125 0.0640625
0 0.415625 0.6828125 0.00625 0.009375
1 0.425 0.6828125 0.009375 0.0203125
0 0.425 0.675 0.003125 0.003125
1 0.434375 0.709375 0.03125 0.0859375
0 0.434375 0.675 0.0078125 0.0109375
1 0.4609375 0.709375 0.0234375 0.0640625
0 0.4640625 0.6828125 0.00625 0.0078125
1 0.509375 0.6734375 0.0078125 0.0203125
0 0.509375 0.6640625 0.0015625 0.0015625
1 0.5171875 0.6796875 0.0078125 0.021875
0 0.5171875 0.671875 0.0015625 0.0015625
1 0.5 0.68125 0.009375 0.0203125
0 0.5 0.671875 0.0015625 0.0015625
1 0.4921875 0.675 0.0078125 0.0171875
0 0.4921875 0.66875 0.0015625 0.003125
1 0.4875 0.6921875 0.0203125 0.0328125
0 0.4875 0.678125 0.0046875 0.0046875
1 0.5890625 0.6828125 0.00625 0.021875
0 0.590625 0.6734375 0.0015625 0.003125
1 0.76875 0.678125 0.0109375 0.0234375
0 0.771875 0.6703125 0.0015625 0.0015625
1 0.778125 0.678125 0.00625 0.0171875
0 0.778125 0.671875 0.0015625 0.0015625
1 0.840625 0.6796875 0.00625 0.028125
0 0.840625 0.66875 0.003125 0.003125
1 0.925 0.66875 0.0078125 0.015625
0 0.925 0.6625 0.0015625 0.0015625