1 0.084375 0.49375 0.1640625 0.3671875
0 0.121875 0.3453125 0.0515625 0.059375
1 0.1296875 0.51875 0.11875 0.303125
0 0.159375 0.3921875 0.034375 0.040625
1 0.1953125 0.5125 0.103125 0.31875
0 0.2078125 0.38125 0.0421875 0.0515625
1 0.2578125 0.521875 0.09375 0.309375
0 0.2765625 0.396875 0.0359375 0.05
1 0.1765625 0.5390625 0.1625 0.275
0 0.1984375 0.4375 0.0515625 0.06875
1 0.3109375 0.5640625 0.1375 0.2296875
0 0.3296875 0.4765625 0.0375 0.0453125
1 0.3328125 0.5390625 0.075 0.2546875
0 0.34375 0.434375 0.03125 0.0359375
1 0.403125 0.5765625 0.1015625 0.2078125
0 0.4046875 0.5 0.0390625 0.046875
1 0.378125 0.5234375 0.0796875 0.2921875
0 0.3875 0.4015625 0.03125 0.0359375
1 0.421875 0.528125 0.14375 0.2875
0 0.440625 0.4109375 0.0296875 0.0390625
1 0.4109375 0.546875 0.090625 0.2546875
0 0.421875 0.44375 0.03125 0.0421875
1 0.48125 0.5765625 0.1015625 0.2125
0 0.4953125 0.4984375 0.034375 0.046875
1 0.4890625 0.525 0.1015625 0.309375
0 0.5015625 0.3953125 0.0296875 0.040625
1 0.53125 0.525 0.0828125 0.3046875
0 0.5328125 0.4 0.0296875 0.040625
1 0.5578125 0.540625 0.059375 0.253125
0 0.5640625 0.434375 0.0265625 0.0296875
1 0.6 0.5390625 0.0796875 0.275
0 0.5984375 0.4265625 0.0265625 0.0359375
1 0.571875 0.56875 0.121875 0.23125
0 0.5734375 0.484375 0.0421875 0.05625
1 0.6390625 0.5375 0.08125 0.2921875
0 0.65 0.4140625 0.034375 0.040625
1 0.671875 0.5765625 0.11875 0.23125
0 0.6890625 0.4921875 0.053125 0.05625
1 0.69375 0.540625 0.1 0.2859375
0 0.6875 0.4234375 0.034375 0.0390625
1 0.7765625 0.5765625 0.1234375 0.2359375
0 0.7671875 0.503125 0.034375 0.053125
1 0.7671875 0.5390625 0.0875 0.28125
0 0.759375 0.4203125 0.034375 0.040625
1 0.803125 0.525 0.1109375 0.3265625
0 0.8078125 0.3875 0.0390625 0.0453125
1 0.8984375 0.5140625 0.153125 0.371875
0 0.8578125 0.359375 0.046875 0.053125
1 0.9359375 0.515625 0.121875 0.3640625
0 0.925 0.359375 0.04375 0.0453125