1 0.6953125 0.7625 0.01875 0.0328125
0 0.6953125 0.7484375 0.0046875 0.0046875
1 0.45625 0.778125 0.0140625 0.0375
0 0.4578125 0.7625 0.0046875 0.0046875
1 0.4625 0.7734375 0.0125 0.0375
0 0.4640625 0.7578125 0.003125 0.0046875
1 0.4453125 0.75 0.0140625 0.028125
0 0.4453125 0.7375 0.0015625 0.0015625
1 0.428125 0.7640625 0.0125 0.03125
0 0.4265625 0.7515625 0.003125 0.003125
1 0.4140625 0.7671875 0.0140625 0.03125
0 0.415625 0.753125 0.003125 0.0046875
1 0.3890625 0.765625 0.0125 0.0328125
0 0.3890625 0.7515625 0.003125 0.0046875
1 0.371875 0.76875 0.0109375 0.0328125
0 0.3734375 0.75625 0.003125 0.0046875
1 0.3859375 0.7265625 0.009375 0.025
0 0.3859375 0.715625 0.0015625 0.003125
1 0.3859375 0.70625 0.0078125 0.021875
0 0.3859375 0.6984375 0.0015625 0.0015625
1 0.425 0.709375 0.00625 0.0203125
0 0.4265625 0.7015625 0.0015625 0.0015625
1 0.371875 0.721875 0.009375 0.025
0 0.371875 0.7125 0.0015625 0.003125
1 0.3578125 0.73125 0.009375 0.025
0 0.35625 0.721875 0.0015625 0.003125
1 0.3453125 0.725 0.009375 0.0234375
0 0.3453125 0.715625 0.003125 0.003125
1 0.3453125 0.7140625 0.0078125 0.01875
0 0.3453125 0.70625 0.0015625 0.0015625
1 0.3359375 0.715625 0.0078125 0.0203125
0 0.3359375 0.70625 0.0015625 0.0015625
1 0.3234375 0.7265625 0.0109375 0.0265625
0 0.325 0.715625 0.0015625 0.003125
1 0.315625 0.74375 0.0109375 0.0296875
0 0.315625 0.7328125 0.0015625 0.0046875
1 0.3171875 0.7375 0.0078125 0.021875
0 0.3171875 0.728125 0.003125 0.003125
1 0.309375 0.7375 0.0109375 0.028125
0 0.3109375 0.725 0.003125 0.0046875
1 0.3015625 0.7296875 0.009375 0.0265625
0 0.303125 0.71875 0.003125 0.003125
1 0.3140625 0.7265625 0.009375 0.0234375
0 0.3140625 0.7171875 0.003125 0.003125
1 0.3125 0.71875 0.0078125 0.0203125
0 0.3140625 0.7109375 0.0015625 0.003125
1 0.328125 0.70625 0.0078125 0.021875
0 0.328125 0.696875 0.0015625 0.0015625
1 0.3421875 0.703125 0.0078125 0.0203125
0 0.3421875 0.6953125 0.0015625 0.0015625
1 0.35625 0.6953125 0.0078125 0.0171875
0 0.3578125 0.6890625 0.0015625 0.0015625
1 0.33125 0.696875 0.00625 0.0171875
0 0.3296875 0.690625 0.0015625 0.0015625
1 0.3234375 0.6984375 0.00625 0.01875
0 0.3234375 0.690625 0.0015625 0.0015625
1 0.3125 0.703125 0.0078125 0.01875
0 0.3140625 0.6953125 0.0015625 0.0015625
1 0.3125 0.7015625 0.00625 0.01875
0 0.3125 0.69375 0.0015625 0.0015625
1 0.30625 0.7015625 0.0078125 0.0203125
0 0.30625 0.69375 0.0015625 0.0015625
1 0.3015625 0.7046875 0.0078125 0.0203125
0 0.3015625 0.696875 0.0015625 0.003125
1 0.290625 0.70625 0.009375 0.021875
0 0.29375 0.696875 0.0015625 0.003125
1 0.3 0.6890625 0.00625 0.015625
0 0.3 0.6828125 0.0015625 0.0015625
1 0.2984375 0.6828125 0.00625 0.015625
0 0.2984375 0.678125 0.0015625 0.0015625
1 0.29375 0.6828125 0.0046875 0.0140625
0 0.2953125 0.6796875 0.0015625 0.0015625
1 0.2921875 0.684375 0.0046875 0.0140625
0 0.2921875 0.678125 0.0015625 0.0015625
1 0.290625 0.6875 0.0078125 0.0171875
0 0.290625 0.68125 0.0015625 0.0015625
1 0.284375 0.690625 0.00625 0.0171875
0 0.284375 0.6828125 0.0015625 0.0015625
1 0.275 0.690625 0.00625 0.015625
0 0.275 0.684375 0.0015625 0.0015625
1 0.28125 0.6859375 0.00625 0.015625
0 0.28125 0.6796875 0.0015625 0.0015625
1 0.28125 0.6796875 0.0046875 0.0140625
0 0.28125 0.675 0.0015625 0.0015625
1 0.275 0.6859375 0.0046875 0.0125
0 0.2765625 0.68125 0.0015625 0.0015625
1 0.275 0.6796875 0.00625 0.0140625
0 0.2765625 0.6734375 0.0015625 0.0015625
1 0.26875 0.678125 0.0046875 0.0140625
0 0.2703125 0.671875 0.0015625 0.0015625
1 0.2765625 0.6765625 0.0046875 0.0140625
0 0.278125 0.671875 0.0015625 0.0015625
1 0.265625 0.6875 0.00625 0.015625
0 0.2671875 0.68125 0.0015625 0.0015625
1 0.25625 0.68125 0.00625 0.015625
0 0.25625 0.675 0.0015625 0.0015625
1 0.24375 0.6890625 0.00625 0.01875
0 0.24375 0.6828125 0.0015625 0.0015625
1 0.2171875 0.7203125 0.0109375 0.021875
0 0.21875 0.7109375 0.0015625 0.0015625
1 0.2109375 0.6890625 0.0078125 0.015625
0 0.2109375 0.6828125 0.0015625 0.0015625
1 0.178125 0.671875 0.00625 0.015625
0 0.178125 0.6671875 0.0015625 0.0015625
1 0.1578125 0.671875 0.00625 0.009375
0 0.1578125 0.66875 0.0015625 0.0015625
1 0.1625 0.6703125 0.0078125 0.009375
0 0.1625 0.6671875 0.0015625 0.0015625
1 0.1453125 0.6890625 0.0046875 0.0140625
0 0.1453125 0.6828125 0.0015625 0.0015625
1 0.1421875 0.6890625 0.00625 0.015625
0 0.14375 0.6828125 0.0015625 0.0015625
1 0.0375 0.7 0.00625 0.0203125
0 0.0390625 0.6921875 0.0015625 0.0015625
1 0.0296875 0.7 0.00625 0.01875
0 0.03125 0.6921875 0.0015625 0.0015625
1 0.0234375 0.696875 0.00625 0.01875
0 0.021875 0.6890625 0.0015625 0.0015625
1 0.2625 0.6546875 0.0046875 0.0078125
0 0.2625 0.6515625 0 0
1 0.2734375 0.65 0.003125 0.00625
0 0.275 0.6484375 0 0
1 0.278125 0.6703125 0.0046875 0.0125
0 0.2796875 0.665625 0.0015625 0.0015625
1 0.28125 0.66875 0.0046875 0.0140625
0 0.28125 0.6640625 0.0015625 0.0015625
1 0.284375 0.66875 0.0046875 0.0125
0 0.284375 0.665625 0.0015625 0.0015625
1 0.2859375 0.6703125 0.0046875 0.0125
0 0.2859375 0.6640625 0 0.0015625
1 0.2890625 0.6703125 0.0046875 0.0140625
0 0.290625 0.6640625 0.0015625 0.0015625
1 0.290625 0.66875 0.003125 0.0125
0 0.290625 0.6640625 0.0015625 0.0015625
1 0.296875 0.6703125 0.003125 0.0125
0 0.296875 0.665625 0.0015625 0.0015625
1 0.2984375 0.6671875 0.003125 0.0125
0 0.2984375 0.6625 0 0.0015625
1 0.3 0.66875 0.003125 0.0109375
0 0.3 0.665625 0 0.0015625
1 0.3015625 0.6671875 0.003125 0.0125
0 0.3015625 0.6625 0.0015625 0.0015625
1 0.3109375 0.665625 0.0046875 0.0078125
0 0.3109375 0.6640625 0.0015625 0.0015625
1 0.3078125 0.6640625 0.0046875 0.0078125
0 0.3078125 0.6609375 0 0
1 0.3109375 0.6625 0.0046875 0.0078125
0 0.3109375 0.659375 0.0015625 0.0015625
1 0.303125 0.6578125 0.003125 0.009375
0 0.303125 0.6546875 0.0015625 0.0015625
1 0.2984375 0.65625 0.003125 0.009375
0 0.2984375 0.653125 0.0015625 0.0015625
1 0.2890625 0.6578125 0.003125 0.009375
0 0.290625 0.653125 0.0015625 0
1 0.315625 0.6578125 0.003125 0.0109375
0 0.315625 0.6515625 0 0
1 0.325 0.6515625 0.003125 0.0078125
0 0.325 0.6484375 0 0
1 0.3375 0.6609375 0.0046875 0.00625
0 0.3375 0.6578125 0 0.0015625
1 0.3453125 0.6578125 0.003125 0.0109375
0 0.346875 0.653125 0.0015625 0.0015625
1 0.3484375 0.6578125 0.003125 0.0109375
0 0.3484375 0.6546875 0.0015625 0.0015625
1 0.36875 0.6609375 0.0046875 0.0109375
0 0.36875 0.65625 0.0015625 0
1 0.3703125 0.6609375 0.003125 0.009375
0 0.36875 0.65625 0 0
1 0.3640625 0.665625 0.003125 0.009375
0 0.3640625 0.6609375 0 0
1 0.3609375 0.665625 0.003125 0.0109375
0 0.3609375 0.6625 0.0015625 0.0015625
1 0.3578125 0.6625 0.003125 0.0078125
0 0.3578125 0.659375 0 0
1 0.3515625 0.6703125 0.0046875 0.0125
0 0.3515625 0.665625 0.0015625 0.0015625
1 0.3484375 0.6671875 0.0046875 0.0078125
0 0.3484375 0.6640625 0.0015625 0.0015625
1 0.34375 0.6703125 0.00625 0.009375
0 0.3421875 0.6671875 0.0015625 0.0015625
1 0.3453125 0.6875 0.00625 0.015625
0 0.3453125 0.6796875 0.0015625 0.0015625
1 0.3328125 0.6796875 0.00625 0.0140625
0 0.33125 0.6734375 0.0015625 0.0015625
1 0.3265625 0.6796875 0.00625 0.0140625
0 0.3265625 0.675 0.0015625 0.0015625
1 0.3203125 0.68125 0.00625 0.0140625
0 0.3203125 0.6765625 0.0015625 0.0015625
1 0.321875 0.6796875 0.0046875 0.0140625
0 0.3203125 0.6734375 0.0015625 0.0015625
1 0.31875 0.6796875 0.0046875 0.0140625
0 0.31875 0.6734375 0.0015625 0.0015625
1 0.3171875 0.6828125 0.0078125 0.0125
0 0.3171875 0.678125 0.0015625 0.0015625
1 0.43125 0.690625 0.009375 0.01875
0 0.43125 0.6828125 0.0015625 0.0015625
1 0.459375 0.6921875 0.0109375 0.0171875
0 0.4578125 0.6859375 0.0015625 0.0015625
1 0.4734375 0.690625 0.0078125 0.0109375
0 0.4734375 0.6859375 0.0015625 0.0015625
1 0.4890625 0.6921875 0.0109375 0.0171875
0 0.490625 0.684375 0.0015625 0.0015625
1 0.509375 0.690625 0.009375 0.01875
0 0.509375 0.684375 0.0015625 0.0015625
1 0.5640625 0.7 0.0078125 0.0171875
0 0.5640625 0.69375 0.0015625 0.0015625
1 0.56875 0.69375 0.00625 0.0171875
0 0.56875 0.6859375 0.0015625 0.0015625
1 0.578125 0.6859375 0.0078125 0.0171875
0 0.578125 0.678125 0.0015625 0.0015625
1 0.578125 0.6984375 0.0078125 0.0171875
0 0.578125 0.6921875 0.0015625 0.0015625
1 0.5828125 0.696875 0.00625 0.015625
0 0.58125 0.690625 0.0015625 0.0015625
1 0.5890625 0.696875 0.00625 0.0171875
0 0.5890625 0.690625 0.0015625 0.0015625
1 0.596875 0.6953125 0.00625 0.01875
0 0.596875 0.6875 0.0015625 0.0015625
1 0.603125 0.6890625 0.0046875 0.0125
0 0.6046875 0.684375 0.0015625 0.0015625
1 0.609375 0.6875 0.0046875 0.0140625
0 0.609375 0.68125 0 0.0015625
1 0.6234375 0.6828125 0.0125 0.00625
0 0.628125 0.68125 0.0015625 0.0015625
1 0.6671875 0.7046875 0.0078125 0.0203125
0 0.6671875 0.696875 0.0015625 0.0015625
1 0.671875 0.70625 0.00625 0.0171875
0 0.6703125 0.6984375 0.0015625 0.0015625
1 0.6734375 0.7046875 0.00625 0.01875
0 0.671875 0.696875 0.0015625 0.003125
1 0.6796875 0.7046875 0.0078125 0.0203125
0 0.6796875 0.696875 0.0015625 0.0015625
1 0.7453125 0.6890625 0.009375 0.0140625
0 0.74375 0.684375 0.0015625 0.0015625
1 0.7609375 0.69375 0.0078125 0.0171875
0 0.759375 0.6859375 0.0015625 0.0015625
1 0.7859375 0.684375 0.00625 0.015625
0 0.7859375 0.678125 0.0015625 0.0015625
1 0.79375 0.690625 0.0078125 0.0140625
0 0.79375 0.6859375 0.0015625 0.0015625
1 0.76875 0.6828125 0.0140625 0.0078125
0 0.7640625 0.6796875 0.0015625 0.0015625
1 0.803125 0.6859375 0.0046875 0.0140625
0 0.803125 0.6796875 0.0015625 0.0015625
1 0.81875 0.6859375 0.0078125 0.015625
0 0.81875 0.6796875 0.0015625 0.0015625
1 0.8234375 0.68125 0.0078125 0.015625
0 0.8234375 0.675 0.0015625 0.0015625
1 0.8296875 0.684375 0.0078125 0.015625
0 0.8296875 0.678125 0.0015625 0.0015625
1 0.8296875 0.68125 0.00625 0.0140625
0 0.8296875 0.6765625 0.0015625 0.0015625
1 0.8484375 0.68125 0.00625 0.015625
0 0.8484375 0.675 0.0015625 0.0015625
1 0.8515625 0.690625 0.0078125 0.0171875
0 0.8515625 0.684375 0.0015625 0.0015625
1 0.859375 0.690625 0.0078125 0.0171875
0 0.8578125 0.684375 0.0015625 0.0015625
1 0.8859375 0.684375 0.009375 0.0171875
0 0.8859375 0.678125 0.0015625 0.0015625
1 0.9015625 0.684375 0.0078125 0.0171875
0 0.9015625 0.678125 0.0015625 0.0015625
1 0.9 0.68125 0.0078125 0.015625
0 0.9015625 0.675 0.0015625 0.0015625
1 0.9296875 0.6828125 0.00625 0.0078125
0 0.928125 0.678125 0.0015625 0.0015625
1 0.9359375 0.68125 0.00625 0.009375
0 0.934375 0.678125 0.0015625 0.0015625
1 0.7921875 0.6734375 0.00625 0.0140625
0 0.7921875 0.66875 0.0015625 0.0015625
1 0.81875 0.659375 0.00625 0.0109375
0 0.81875 0.6546875 0 0
1 0.8078125 0.6546875 0.0046875 0.009375
0 0.8078125 0.6515625 0 0
1 0.8046875 0.6546875 0.0046875 0.0109375
0 0.8046875 0.65 0 0
1 0.8046875 0.653125 0.003125 0.009375
0 0.8046875 0.6484375 0 0
1 0.8 0.6546875 0.0046875 0.009375
0 0.8 0.65 0.0015625 0
1 0.7984375 0.653125 0.0046875 0.009375
0 0.7984375 0.65 0.0015625 0.0015625
1 0.7859375 0.6703125 0.0046875 0.0125
0 0.7859375 0.6625 0.0015625 0.0015625
1 0.7796875 0.6640625 0.0046875 0.0109375
0 0.7796875 0.659375 0 0.0015625
1 0.784375 0.6625 0.0046875 0.0125
0 0.784375 0.6578125 0.0015625 0.0015625
1 0.7828125 0.65625 0.003125 0.0109375
0 0.7828125 0.653125 0.0015625 0.0015625
1 0.7765625 0.65625 0.0046875 0.0109375
0 0.7765625 0.6515625 0.0015625 0.0015625
1 0.775 0.6625 0.0046875 0.0125
0 0.775 0.6578125 0.0015625 0.0015625
1 0.7625 0.6625 0.0046875 0.0109375
0 0.7625 0.659375 0 0
1 0.76875 0.6703125 0.0046875 0.0109375
0 0.76875 0.665625 0.0015625 0.0015625
1 0.771875 0.66875 0.003125 0.009375
0 0.771875 0.6640625 0 0
1 0.753125 0.665625 0.0046875 0.0125
0 0.753125 0.6609375 0.0015625 0.0015625
1 0.7265625 0.6578125 0.0046875 0.0125
0 0.7265625 0.653125 0.0015625 0.0015625
1 0.7109375 0.65625 0.0046875 0.0109375
0 0.7109375 0.6515625 0.0015625 0.0015625
1 0.7203125 0.6484375 0.003125 0.009375
0 0.7203125 0.6453125 0 0.0015625
1 0.703125 0.6578125 0.003125 0.0109375
0 0.703125 0.653125 0.0015625 0.0015625
1 0.6953125 0.65625 0.0015625 0.00625
0 0.69375 0.6546875 0 0
1 0.684375 0.6578125 0.0046875 0.0109375
0 0.6828125 0.653125 0.0015625 0.0015625
1 0.59375 0.659375 0.0046875 0.0078125
0 0.5921875 0.65625 0 0.0015625
1 0.596875 0.6578125 0.003125 0.0078125
0 0.5953125 0.65625 0.0015625 0.0015625
1 0.6078125 0.6578125 0.003125 0.0109375
0 0.6078125 0.653125 0 0.0015625
1 0.6203125 0.6546875 0.003125 0.0109375
0 0.6203125 0.65 0 0.0015625
1 0.6234375 0.65625 0.0046875 0.0109375
0 0.6234375 0.6515625 0.0015625 0.0015625
1 0.640625 0.6578125 0.0046875 0.0109375
0 0.6390625 0.653125 0.0015625 0.0015625
1 0.6515625 0.653125 0.003125 0.0109375
0 0.6515625 0.65 0.0015625 0.0015625
1 0.6515625 0.6546875 0.003125 0.0109375
0 0.6515625 0.65 0.0015625 0.0015625
1 0.6546875 0.6546875 0.0046875 0.0109375
0 0.6546875 0.6515625 0.0015625 0.0015625
1 0.5671875 0.65625 0.0046875 0.009375
0 0.56875 0.653125 0.0015625 0
1 0.578125 0.6578125 0.0046875 0.0109375
0 0.5796875 0.653125 0.0015625 0.0015625
1 0.578125 0.6546875 0.003125 0.009375
0 0.578125 0.6515625 0 0
1 0.5859375 0.653125 0.003125 0.0109375
0 0.584375 0.65 0 0.0015625
1 0.5515625 0.65625 0.003125 0.0109375
0 0.5515625 0.6515625 0.0015625 0.0015625
1 0.5484375 0.6546875 0.003125 0.009375
0 0.5484375 0.6515625 0 0.0015625
1 0.5421875 0.6578125 0.0046875 0.0078125
0 0.54375 0.6546875 0 0
1 0.540625 0.6578125 0.0046875 0.0078125
0 0.540625 0.65625 0.0015625 0
1 0.5359375 0.6578125 0.003125 0.0109375
0 0.5359375 0.653125 0.0015625 0.0015625
1 0.5078125 0.659375 0.003125 0.0078125
0 0.5078125 0.65625 0.0015625 0.0015625
1 0.509375 0.659375 0.003125 0.0078125
0 0.509375 0.65625 0.0015625 0.0015625
1 0.509375 0.653125 0.003125 0.009375
0 0.509375 0.6484375 0 0
1 0.5046875 0.65625 0.0046875 0.0109375
0 0.5046875 0.6515625 0.0015625 0.0015625
1 0.5 0.6578125 0.003125 0.0109375
0 0.5 0.653125 0 0
1 0.5015625 0.65625 0.003125 0.0109375
0 0.5015625 0.6515625 0 0.0015625
1 0.49375 0.6578125 0.0046875 0.0109375
0 0.49375 0.653125 0.0015625 0.0015625
1 0.4890625 0.6578125 0.0046875 0.0109375
0 0.4890625 0.653125 0.0015625 0.0015625
1 0.484375 0.6578125 0.003125 0.0109375
0 0.484375 0.6546875 0.0015625 0.0015625
1 0.4859375 0.6578125 0.003125 0.0109375
0 0.4859375 0.6546875 0 0.0015625
1 0.3921875 0.6515625 0.003125 0.0109375
0 0.3921875 0.646875 0 0.0015625
1 0.39375 0.653125 0.003125 0.0078125
0 0.39375 0.6515625 0 0.0015625
1 0.396875 0.6515625 0.003125 0.0078125
0 0.3984375 0.6484375 0 0
1 0.859375 0.634375 0.0046875 0.0109375
0 0.859375 0.6296875 0.0015625 0.0015625
1 0.9078125 0.6359375 0.0046875 0.0109375
0 0.9078125 0.63125 0.0015625 0.0015625
1 0.2875 0.6453125 0.003125 0.00625
0 0.2875 0.6421875 0 0