1 0.0140625 0.5984375 0.025 0.11875
0 0.0125 0.5984375 0.025 0.11875
1 0.034375 0.578125 0.0375 0.0921875
0 0.0296875 0.540625 0.009375 0.0109375
1 0.0171875 0.571875 0.025 0.078125
0 0.015625 0.540625 0.0078125 0.009375
1 0.0875 0.615625 0.0625 0.1984375
0 0.0859375 0.5328125 0.0203125 0.0265625
1 0.1125 0.575 0.0375 0.08125
0 0.1125 0.54375 0.009375 0.0109375
1 0.125 0.5734375 0.021875 0.075
0 0.125 0.540625 0.0078125 0.0078125
1 0.1328125 0.59375 0.059375 0.1421875
0 0.15 0.5359375 0.0171875 0.0171875
1 0.1515625 0.5890625 0.0453125 0.1421875
0 0.159375 0.53125 0.0125 0.015625
1 0.1984375 0.5921875 0.0453125 0.084375
0 0.221875 0.5703125 0.009375 0.0109375
1 0.196875 0.5734375 0.025 0.0796875
0 0.196875 0.5421875 0.0109375 0.0109375
1 0.2203125 0.5921875 0.0515625 0.1359375
0 0.2171875 0.5359375 0.0171875 0.0203125
1 0.290625 0.609375 0.1046875 0.2265625
0 0.2828125 0.51875 0.028125 0.0328125
1 0.3203125 0.565625 0.0140625 0.040625
0 0.3203125 0.55 0.0046875 0.0078125
1 0.3328125 0.565625 0.0171875 0.04375
0 0.33125 0.55 0.0046875 0.0078125
1 0.346875 0.575 0.0171875 0.0546875
0 0.346875 0.5515625 0.00625 0.0078125
1 0.3546875 0.5828125 0.03125 0.0703125
0 0.35625 0.553125 0.0078125 0.009375
1 0.4125 0.609375 0.1125 0.228125
0 0.4109375 0.5234375 0.028125 0.0296875
1 0.44375 0.578125 0.0375 0.1
0 0.4453125 0.5375 0.0125 0.0125
1 0.4625 0.5953125 0.0359375 0.115625
0 0.4671875 0.5296875 0.0171875 0.0203125
1 0.49375 0.59375 0.05 0.121875
0 0.4953125 0.5421875 0.0140625 0.0140625
1 0.5 0.5765625 0.0375 0.1109375
0 0.5015625 0.5296875 0.0125 0.0140625
1 0.5234375 0.571875 0.0125 0.04375
0 0.5234375 0.5515625 0.003125 0.003125
1 0.5328125 0.5703125 0.009375 0.0296875
0 0.5328125 0.5609375 0.0015625 0.003125
1 0.553125 0.58125 0.0453125 0.1015625
0 0.553125 0.5375 0.0125 0.0140625
1 0.59375 0.5859375 0.0578125 0.0296875
0 0.575 0.5828125 0.009375 0.0078125
1 0.596875 0.5859375 0.0390625 0.0546875
0 0.5921875 0.5640625 0.0109375 0.009375
1 0.6265625 0.5828125 0.025 0.0484375
0 0.6203125 0.5640625 0.00625 0.0078125
1 0.640625 0.58125 0.021875 0.05
0 0.6375 0.5640625 0.009375 0.009375
1 0.659375 0.584375 0.028125 0.0515625
0 0.6640625 0.5640625 0.009375 0.009375
1 0.6859375 0.5890625 0.0765625 0.14375
0 0.690625 0.528125 0.0171875 0.0203125
1 0.7359375 0.584375 0.059375 0.1515625
0 0.7390625 0.5203125 0.01875 0.0203125
1 0.7671875 0.5734375 0.0171875 0.0578125
0 0.7671875 0.55 0.0078125 0.009375
1 0.775 0.575 0.028125 0.0609375
0 0.7765625 0.5515625 0.0078125 0.009375
1 0.803125 0.575 0.0359375 0.0890625
0 0.8015625 0.5390625 0.009375 0.0125
1 0.825 0.5828125 0.0375 0.0921875
0 0.8265625 0.5453125 0.0109375 0.0109375
1 0.84375 0.578125 0.03125 0.078125
0 0.8390625 0.546875 0.00625 0.0078125
1 0.8671875 0.58125 0.0328125 0.078125
0 0.86875 0.55 0.009375 0.0109375
1 0.8890625 0.5828125 0.0421875 0.096875
0 0.8921875 0.54375 0.0125 0.015625
1 0.9125 0.5796875 0.03125 0.078125
0 0.9140625 0.55 0.009375 0.0109375
1 0.921875 0.58125 0.034375 0.08125
0 0.925 0.5484375 0.009375 0.009375
1 0.9484375 0.575 0.028125 0.0703125
0 0.9453125 0.54375 0.0078125 0.0078125
1 0.9734375 0.5828125 0.0375 0.0828125
0 0.975 0.55 0.009375 0.009375
1 0.9890625 0.5953125 0.0171875 0.0875
0 0.9953125 0.559375 0.0046875 0.0109375