1 0.021875 0.5375 0.040625 0.3328125
0 0.0109375 0.4 0.0171875 0.0515625
1 0.028125 0.5203125 0.053125 0.3484375
0 0.0265625 0.3765625 0.04375 0.0515625
1 0.065625 0.5140625 0.115625 0.35625
0 0.059375 0.371875 0.0390625 0.05625
1 0.071875 0.5484375 0.0859375 0.3046875
0 0.0703125 0.425 0.04375 0.046875
1 0.146875 0.5125 0.09375 0.334375
0 0.1375 0.3703125 0.0375 0.0390625
1 0.16875 0.503125 0.125 0.384375
0 0.178125 0.3421875 0.05 0.0609375
1 0.18125 0.521875 0.0890625 0.31875
0 0.1859375 0.3859375 0.0390625 0.040625
1 0.2765625 0.525 0.146875 0.384375
0 0.28125 0.3625 0.0515625 0.05625
1 0.2828125 0.525 0.10625 0.33125
0 0.2734375 0.3953125 0.0390625 0.040625
1 0.33125 0.50625 0.0640625 0.26875
0 0.3328125 0.3984375 0.0296875 0.0390625
1 0.3625 0.5109375 0.090625 0.2859375
0 0.3765625 0.390625 0.034375 0.0375
1 0.365625 0.521875 0.0890625 0.2859375
0 0.3609375 0.403125 0.034375 0.0375
1 0.4078125 0.496875 0.071875 0.275
0 0.4046875 0.384375 0.0265625 0.0328125
1 0.4390625 0.528125 0.1375 0.3703125
0 0.4453125 0.378125 0.0421875 0.053125
1 0.5015625 0.5171875 0.0734375 0.246875
0 0.5046875 0.4125 0.03125 0.034375
1 0.58125 0.5109375 0.159375 0.421875
0 0.58125 0.340625 0.05 0.0671875
1 0.609375 0.5046875 0.0765625 0.278125
0 0.621875 0.3921875 0.028125 0.034375
1 0.678125 0.5 0.1015625 0.28125
0 0.66875 0.3828125 0.028125 0.0390625
1 0.6953125 0.4921875 0.0640625 0.215625
0 0.6953125 0.40625 0.025 0.028125
1 0.740625 0.503125 0.05625 0.190625
0 0.7484375 0.425 0.021875 0.028125
1 0.771875 0.490625 0.065625 0.209375
0 0.771875 0.4015625 0.01875 0.025
1 0.79375 0.5 0.06875 0.203125
0 0.790625 0.41875 0.021875 0.03125
1 0.8078125 0.496875 0.0421875 0.171875
0 0.80625 0.4265625 0.01875 0.0234375
1 0.8359375 0.5015625 0.05625 0.184375
0 0.834375 0.421875 0.0171875 0.0234375
1 0.8515625 0.4875 0.034375 0.1625
0 0.846875 0.425 0.015625 0.0234375
1 0.88125 0.4953125 0.05625 0.16875
0 0.8765625 0.4234375 0.01875 0.01875
1 0.9125 0.503125 0.040625 0.140625
0 0.909375 0.4484375 0.0171875 0.0234375
1 0.91875 0.4953125 0.04375 0.153125
0 0.9203125 0.434375 0.01875 0.021875
1 0.9578125 0.4921875 0.071875 0.18125
0 0.95625 0.4171875 0.021875 0.021875
1 0.9859375 0.4953125 0.0234375 0.165625
0 0.9921875 0.4234375 0.009375 0.01875