1 0.0234375 0.70625 0.04375 0.2
0 0.0125 0.6234375 0.0203125 0.0328125
1 0.0234375 0.696875 0.046875 0.165625
0 0.0203125 0.6296875 0.0171875 0.021875
1 0.0515625 0.6984375 0.0359375 0.1125
0 0.0515625 0.65625 0.0171875 0.01875
1 0.075 0.69375 0.040625 0.1171875
0 0.078125 0.6484375 0.015625 0.0171875
1 0.1 0.7109375 0.0265625 0.0515625
0 0.0953125 0.6921875 0.0078125 0.0078125
1 0.11875 0.690625 0.03125 0.1
0 0.1203125 0.6546875 0.0109375 0.0125
1 0.1359375 0.7203125 0.0671875 0.2203125
0 0.134375 0.6296875 0.025 0.028125
1 0.1640625 0.6984375 0.040625 0.178125
0 0.1640625 0.6234375 0.0203125 0.021875
1 0.171875 0.7171875 0.0734375 0.1890625
0 0.1734375 0.6390625 0.021875 0.0265625
1 0.209375 0.7015625 0.1125 0.2546875
0 0.2203125 0.596875 0.034375 0.040625
1 0.2703125 0.7203125 0.075 0.2171875
0 0.26875 0.6296875 0.025 0.0265625
1 0.3109375 0.6953125 0.0359375 0.103125
0 0.30625 0.6546875 0.0125 0.0140625
1 0.3421875 0.69375 0.0453125 0.1359375
0 0.3421875 0.6390625 0.015625 0.01875
1 0.3703125 0.6953125 0.0421875 0.1078125
0 0.3734375 0.653125 0.0109375 0.0125
1 0.384375 0.6953125 0.0390625 0.121875
0 0.384375 0.6421875 0.0125 0.0140625
1 0.3984375 0.6875 0.0421875 0.13125
0 0.39375 0.634375 0.015625 0.01875
1 0.40625 0.6890625 0.0421875 0.11875
0 0.390625 0.634375 0.015625 0.0171875
1 0.4421875 0.7171875 0.05625 0.146875
0 0.453125 0.6609375 0.015625 0.021875
1 0.4671875 0.7046875 0.0546875 0.16875
0 0.4625 0.6328125 0.0203125 0.0203125
1 0.5171875 0.7046875 0.059375 0.1609375
0 0.50625 0.634375 0.0203125 0.0171875
1 0.5265625 0.7171875 0.0609375 0.1765625
0 0.5296875 0.6484375 0.021875 0.0296875
1 0.546875 0.7 0.0359375 0.1234375
0 0.5421875 0.65 0.0125 0.0171875
1 0.571875 0.7234375 0.084375 0.2109375
0 0.56875 0.6359375 0.0296875 0.0328125
1 0.7703125 0.6640625 0.453125 0.3296875
0 0.7140625 0.5296875 0.121875 0.1421875
1 0.8109375 0.6640625 0.278125 0.3296875
0 0.759375 0.5828125 0.084375 0.1140625
1 0.0359375 0.69375 0.0359375 0.1265625
0 0.0359375 0.64375 0.015625 0.01875