1 0.05625 0.61875 0.1109375 0.5078125
0 0.028125 0.4140625 0.0546875 0.084375
1 0.0828125 0.46875 0.0203125 0.065625
0 0.078125 0.4421875 0.0078125 0.009375
1 0.096875 0.4625 0.0203125 0.0625
0 0.0953125 0.4390625 0.009375 0.009375
1 0.1578125 0.609375 0.1625 0.528125
0 0.178125 0.3875 0.071875 0.0734375
1 0.3125 0.565625 0.153125 0.35
0 0.2859375 0.41875 0.0484375 0.0453125
1 0.3265625 0.4609375 0.028125 0.05625
0 0.321875 0.440625 0.0078125 0.009375
1 0.3859375 0.5140625 0.090625 0.2859375
0 0.3875 0.3953125 0.03125 0.0359375
1 0.4140625 0.4875 0.084375 0.2265625
0 0.4296875 0.390625 0.025 0.0265625
1 0.5265625 0.5296875 0.090625 0.2421875
0 0.5421875 0.428125 0.0234375 0.0265625
1 0.5796875 0.5765625 0.121875 0.3421875
0 0.5765625 0.434375 0.034375 0.040625
1 0.715625 0.6109375 0.2609375 0.5234375
0 0.7046875 0.3875 0.0625 0.0640625
1 0.821875 0.4890625 0.053125 0.125
0 0.821875 0.4390625 0.0125 0.0171875
1 0.821875 0.4828125 0.0375 0.1078125
0 0.821875 0.4390625 0.0140625 0.0171875
1 0.8640625 0.4890625 0.028125 0.109375
0 0.8625 0.44375 0.0125 0.015625
1 0.8703125 0.4890625 0.0421875 0.121875
0 0.8734375 0.4375 0.015625 0.0171875
1 0.896875 0.4796875 0.034375 0.1203125
0 0.89375 0.43125 0.0140625 0.0171875
1 0.928125 0.5265625 0.121875 0.2609375
0 0.928125 0.4140625 0.028125 0.0328125
1 0.9640625 0.496875 0.053125 0.153125
0 0.9609375 0.43125 0.015625 0.01875
1 0.971875 0.484375 0.0453125 0.128125
0 0.9890625 0.4296875 0.0125 0.0125
1 0.9859375 0.471875 0.025 0.1
0 0.9875 0.43125 0.0140625 0.0140625