1 0.6 0.51875 0.11875 0.315625
0 0.5890625 0.3875 0.034375 0.0359375
1 0.6796875 0.478125 0.0484375 0.1046875
0 0.68125 0.4390625 0.015625 0.0203125
1 0.9859375 0.415625 0.0203125 0.0609375
0 0.984375 0.3890625 0.00625 0.00625
1 0.9640625 0.425 0.0265625 0.0875
0 0.9625 0.3890625 0.0109375 0.0109375
1 0.9515625 0.428125 0.0234375 0.0765625
0 0.953125 0.3953125 0.0078125 0.0078125
1 0.925 0.421875 0.03125 0.0875
0 0.93125 0.3875 0.009375 0.0109375
1 0.940625 0.41875 0.021875 0.075
0 0.9390625 0.3890625 0.0078125 0.009375
1 0.896875 0.4171875 0.0171875 0.0546875
0 0.896875 0.3921875 0.00625 0.00625
1 0.8859375 0.4203125 0.0265625 0.090625
0 0.884375 0.3828125 0.0125 0.0125
1 0.8625 0.4203125 0.0296875 0.0890625
0 0.8640625 0.3828125 0.009375 0.0109375
1 0.8265625 0.421875 0.0390625 0.084375
0 0.8296875 0.3875 0.009375 0.009375
1 0.8171875 0.4171875 0.025 0.075
0 0.81875 0.3875 0.0078125 0.0109375
1 0.790625 0.4171875 0.021875 0.0734375
0 0.79375 0.3875 0.009375 0.0109375
1 0.78125 0.41875 0.0296875 0.078125
0 0.78125 0.3859375 0.009375 0.009375
1 0.753125 0.41875 0.021875 0.075
0 0.7546875 0.3859375 0.0078125 0.009375
1 0.73125 0.415625 0.03125 0.0953125
0 0.734375 0.378125 0.009375 0.0125
1 0.7 0.415625 0.028125 0.0921875
0 0.7015625 0.3796875 0.0109375 0.0125
1 0.6546875 0.4234375 0.028125 0.090625
0 0.6546875 0.3859375 0.0109375 0.0140625
1 0.61875 0.425 0.040625 0.0984375
0 0.6203125 0.3828125 0.0125 0.0109375
1 0.634375 0.4078125 0.0171875 0.0625
0 0.634375 0.384375 0.00625 0.0078125
1 0.64375 0.4109375 0.0125 0.0546875
0 0.64375 0.3890625 0.00625 0.00625
1 0.684375 0.409375 0.0171875 0.05625
0 0.6859375 0.3875 0.0078125 0.0078125
1 0.6953125 0.409375 0.0234375 0.059375
0 0.69375 0.384375 0.0078125 0.00625
1 0.5734375 0.41875 0.03125 0.0859375
0 0.5734375 0.384375 0.009375 0.009375
1 0.54375 0.459375 0.05 0.1578125
0 0.5484375 0.39375 0.01875 0.021875
1 0.515625 0.4140625 0.0203125 0.05625
0 0.515625 0.390625 0.00625 0.00625
1 0.4953125 0.421875 0.021875 0.059375
0 0.4953125 0.396875 0.00625 0.0078125
1 0.48125 0.434375 0.0328125 0.1109375
0 0.48125 0.3890625 0.0125 0.0140625
1 0.4640625 0.4265625 0.0265625 0.0890625
0 0.4625 0.390625 0.0109375 0.0125
1 0.440625 0.459375 0.065625 0.1671875
0 0.4359375 0.3875 0.0171875 0.0171875
1 0.375 0.45625 0.0640625 0.1859375
0 0.3609375 0.3828125 0.021875 0.0265625
1 0.3296875 0.4828125 0.0453125 0.13125
0 0.3296875 0.4328125 0.01875 0.021875
1 0.2734375 0.4625 0.0609375 0.153125
0 0.2703125 0.3984375 0.0171875 0.021875
1 0.2453125 0.4546875 0.05625 0.1265625
0 0.253125 0.403125 0.015625 0.0171875
1 0.2265625 0.4328125 0.0203125 0.065625
0 0.23125 0.40625 0.00625 0.009375
1 0.3078125 0.4421875 0.0328125 0.1078125
0 0.3109375 0.3953125 0.009375 0.0109375
1 0.396875 0.4296875 0.0296875 0.0984375
0 0.396875 0.390625 0.0109375 0.0140625
1 0.4125 0.4359375 0.025 0.0890625
0 0.415625 0.403125 0.0109375 0.0125
1 0.34375 0.434375 0.028125 0.1
0 0.340625 0.3921875 0.0109375 0.0109375
1 0.1234375 0.4484375 0.034375 0.1
0 0.1296875 0.409375 0.0140625 0.015625
1 0.125 0.4484375 0.0390625 0.115625
0 0.1265625 0.4015625 0.0140625 0.015625
1 0.153125 0.5390625 0.125 0.325
0 0.153125 0.4046875 0.0359375 0.05
1 0.078125 0.5078125 0.0953125 0.240625
0 0.0828125 0.40625 0.0296875 0.0328125
1 0.021875 0.5078125 0.040625 0.2140625
0 0.00625 0.41875 0.009375 0.025
1 0.00859375 0.43203125 0.0171875 0.0671875
0 0.0078125 0.4046875 0.009375 0.0078125