1 0.03125 0.4375 0.0578125 0.1734375
0 0.00625 0.375 0.009375 0.028125
1 0.1203125 0.5296875 0.1390625 0.4109375
0 0.121875 0.3546875 0.0484375 0.05625
1 0.2671875 0.546875 0.171875 0.4515625
0 0.2640625 0.3546875 0.0484375 0.0546875
1 0.3390625 0.428125 0.0546875 0.1765625
0 0.3390625 0.353125 0.021875 0.028125
1 0.3640625 0.446875 0.0640625 0.190625
0 0.353125 0.3671875 0.025 0.028125
1 0.3875 0.4296875 0.0578125 0.1734375
0 0.3875 0.3578125 0.01875 0.0234375
1 0.45625 0.4515625 0.0640625 0.2109375
0 0.4640625 0.3625 0.021875 0.028125
1 0.525 0.5421875 0.1265625 0.3953125
0 0.5171875 0.38125 0.0421875 0.0625
1 0.5984375 0.421875 0.06875 0.2015625
0 0.5953125 0.3375 0.0203125 0.025
1 0.6265625 0.4546875 0.0625 0.19375
0 0.6328125 0.378125 0.01875 0.0265625
1 0.6671875 0.4453125 0.0515625 0.16875
0 0.6640625 0.3765625 0.0203125 0.0234375
1 0.7078125 0.4609375 0.0578125 0.1859375
0 0.7078125 0.384375 0.021875 0.025
1 0.7375 0.534375 0.14375 0.38125
0 0.765625 0.375 0.0484375 0.0546875
1 0.7953125 0.41875 0.0375 0.1171875
0 0.796875 0.375 0.0125 0.0171875
1 0.840625 0.4625 0.071875 0.2109375
0 0.8484375 0.3765625 0.0265625 0.0296875
1 0.90625 0.515625 0.1171875 0.359375
0 0.9296875 0.36875 0.0484375 0.05625
1 0.88125 0.421875 0.0390625 0.1171875
0 0.8890625 0.375 0.0125 0.015625
1 0.946875 0.43125 0.046875 0.128125
0 0.953125 0.3765625 0.015625 0.015625
1 0.65625 0.4171875 0.04375 0.14375
0 0.6578125 0.3578125 0.0171875 0.01875
1 0.56875 0.4140625 0.03125 0.1109375
0 0.56875 0.3671875 0.0125 0.0140625
1 0.4703125 0.4375 0.0515625 0.18125
0 0.4765625 0.3578125 0.01875 0.0234375
1 0.4203125 0.4234375 0.034375 0.1203125
0 0.4203125 0.371875 0.0125 0.015625
1 0.3625 0.4046875 0.0703125 0.078125
0 0.378125 0.3796875 0.0171875 0.021875