1 0.1234375 0.6859375 0.24375 0.371875
0 0.0453125 0.4015625 0.0875 0.1625
1 0.1265625 0.63125 0.1625 0.25
0 0.11875 0.55 0.0484375 0.0625
1 0.253125 0.6140625 0.1515625 0.278125
0 0.2421875 0.5046875 0.0421875 0.05625
1 0.3609375 0.596875 0.1484375 0.284375
0 0.3578125 0.4921875 0.04375 0.053125
1 0.46875 0.584375 0.1234375 0.284375
0 0.465625 0.4734375 0.0390625 0.046875
1 0.3984375 0.6734375 0.2234375 0.315625
0 0.378125 0.5703125 0.05625 0.0625
1 0.496875 0.615625 0.1375 0.303125
0 0.5015625 0.503125 0.0421875 0.053125
1 0.615625 0.63125 0.140625 0.2390625
0 0.603125 0.5484375 0.040625 0.046875
1 0.7015625 0.64375 0.171875 0.265625
0 0.7109375 0.546875 0.0359375 0.04375
1 0.8265625 0.6171875 0.1859375 0.309375
0 0.8015625 0.496875 0.04375 0.0609375
1 0.9328125 0.659375 0.128125 0.2921875
0 0.9375 0.5484375 0.0515625 0.0609375
1 0.846875 0.4546875 0.140625 0.2015625
0 0.8390625 0.38125 0.0390625 0.046875
1 0.83125 0.5234375 0.090625 0.171875
0 0.8375 0.4640625 0.0296875 0.0390625
1 0.90625 0.446875 0.1375 0.225
0 0.896875 0.359375 0.03125 0.0390625
1 0.953125 0.440625 0.0890625 0.21875
0 0.971875 0.3703125 0.028125 0.0375
1 0.796875 0.421875 0.0765625 0.16875
0 0.80625 0.359375 0.0265625 0.03125
1 0.7265625 0.4671875 0.096875 0.284375
0 0.715625 0.353125 0.025 0.0375
1 0.6390625 0.4734375 0.1125 0.28125
0 0.634375 0.359375 0.034375 0.046875
1 0.553125 0.48125 0.115625 0.31875
0 0.55625 0.3453125 0.0375 0.0421875
1 0.471875 0.478125 0.1125 0.3203125
0 0.4734375 0.3546875 0.0375 0.05
1 0.3640625 0.5203125 0.11875 0.403125
0 0.35 0.34375 0.0390625 0.046875
1 0.38125 0.48125 0.10625 0.340625
0 0.3796875 0.3359375 0.0359375 0.0484375
1 0.290625 0.4984375 0.1140625 0.371875
0 0.284375 0.3453125 0.034375 0.04375
1 0.24375 0.465625 0.103125 0.3328125
0 0.234375 0.328125 0.0375 0.040625
1 0.16875 0.5125 0.1140625 0.35
0 0.16875 0.3640625 0.040625 0.0484375
1 0.09375 0.51875 0.1109375 0.35
0 0.09375 0.3734375 0.040625 0.05
1 0.0703125 0.503125 0.121875 0.35625
0 0.084375 0.35 0.0375 0.040625
1 0.028125 0.4875 0.053125 0.36875
0 0.009375 0.31875 0.015625 0.03125
1 0.2734375 0.4515625 0.0984375 0.315625
0 0.2671875 0.325 0.03125 0.040625
1 0.465625 0.446875 0.0890625 0.2765625
0 0.4609375 0.3296875 0.03125 0.034375
1 0.4734375 0.4328125 0.096875 0.2875
0 0.4734375 0.315625 0.03125 0.040625
1 0.5578125 0.4359375 0.09375 0.2859375
0 0.5609375 0.3203125 0.034375 0.04375
1 0.628125 0.44375 0.1015625 0.3140625
0 0.621875 0.315625 0.0359375 0.0484375