1 0.990625 0.390625 0.0125 0.05625
0 0.99375 0.3671875 0.0046875 0.00625
1 0.9890625 0.409375 0.0171875 0.0546875
0 0.990625 0.3921875 0.0046875 0.0078125
1 0.9609375 0.3875 0.015625 0.0421875
0 0.959375 0.3734375 0.0046875 0.00625
1 0.984375 0.3890625 0.0203125 0.046875
0 0.9828125 0.36875 0.0046875 0.0046875
1 0.9796875 0.3875 0.0171875 0.04375
0 0.9828125 0.36875 0.00625 0.0046875
1 0.9796875 0.43125 0.0296875 0.0671875
0 0.9875 0.403125 0.009375 0.0078125
1 0.9765625 0.415625 0.021875 0.0578125
0 0.9796875 0.39375 0.00625 0.0078125
1 0.9875 0.4140625 0.0171875 0.05625
0 0.990625 0.390625 0.00625 0.00625
1 0.9359375 0.490625 0.0453125 0.115625
0 0.934375 0.440625 0.0125 0.0140625
1 0.8921875 0.471875 0.0328125 0.0859375
0 0.89375 0.4375 0.009375 0.009375
1 0.8640625 0.4640625 0.0296875 0.0875
0 0.8625 0.4296875 0.009375 0.0125
1 0.84375 0.4609375 0.028125 0.0828125
0 0.846875 0.4265625 0.009375 0.0125
1 0.8515625 0.475 0.03125 0.0921875
0 0.85625 0.4359375 0.0125 0.009375
1 0.803125 0.4765625 0.0359375 0.0953125
0 0.8046875 0.434375 0.0125 0.009375
1 0.759375 0.453125 0.0390625 0.0671875
0 0.7671875 0.428125 0.009375 0.0125
1 0.8359375 0.4046875 0.0203125 0.0546875
0 0.8328125 0.384375 0.009375 0.0078125
1 0.8125 0.4046875 0.0125 0.0421875
0 0.8125 0.390625 0.0046875 0.0046875
1 0.7640625 0.4125 0.025 0.0640625
0 0.7609375 0.3859375 0.00625 0.009375
1 0.7515625 0.415625 0.01875 0.0640625
0 0.75 0.3890625 0.00625 0.00625
1 0.684375 0.440625 0.021875 0.05625
0 0.684375 0.440625 0.021875 0.05625
1 0.634375 0.446875 0.03125 0.0828125
0 0.640625 0.4109375 0.009375 0.009375
1 0.5265625 0.45625 0.0296875 0.0796875
0 0.5265625 0.4234375 0.009375 0.009375
1 0.5234375 0.4421875 0.0296875 0.08125
0 0.5234375 0.409375 0.009375 0.0125
1 0.5078125 0.4140625 0.0234375 0.0546875
0 0.5125 0.3921875 0.0078125 0.0078125
1 0.5 0.4078125 0.0234375 0.059375
0 0.5 0.384375 0.0078125 0.0078125
1 0.3953125 0.446875 0.0296875 0.0875
0 0.3953125 0.4140625 0.009375 0.0125
1 0.3296875 0.4296875 0.021875 0.0671875
0 0.3296875 0.4015625 0.009375 0.0078125
1 0.3234375 0.421875 0.01875 0.059375
0 0.3265625 0.3984375 0.009375 0.009375
1 0.321875 0.4515625 0.01875 0.0515625
0 0.31875 0.4328125 0.00625 0.0078125
1 0.275 0.4203125 0.0328125 0.065625
0 0.275 0.39375 0.009375 0.0078125
1 0.3109375 0.4890625 0.0421875 0.10625
0 0.3125 0.4453125 0.0125 0.0140625
1 0.259375 0.49375 0.0421875 0.10625
0 0.259375 0.4515625 0.0125 0.015625
1 0.20625 0.434375 0.0265625 0.078125
0 0.203125 0.4046875 0.009375 0.009375
1 0.15625 0.45 0.046875 0.0625
0 0.15625 0.428125 0.0125 0.0125
1 0.1515625 0.4453125 0.03125 0.090625
0 0.153125 0.415625 0.009375 0.0078125
1 0.1328125 0.4578125 0.0359375 0.0796875
0 0.125 0.425 0.0125 0.0125
1 0.109375 0.4578125 0.0296875 0.0796875
0 0.109375 0.428125 0.009375 0.0140625
1 0.1171875 0.51875 0.0421875 0.1296875
0 0.1171875 0.4671875 0.0171875 0.01875
1 0.015625 0.51875 0.0296875 0.140625
0 0.0046875 0.4625 0.00625 0.01875
1 0.0640625 0.6140625 0.0578125 0.190625
0 0.06875 0.5359375 0.028125 0.0328125
1 0.071875 0.6890625 0.075 0.159375
0 0.065625 0.625 0.03125 0.03125
1 0.134375 0.6765625 0.0875 0.1828125
0 0.1359375 0.6046875 0.021875 0.03125
1 0.125 0.634375 0.075 0.1921875
0 0.1375 0.55625 0.025 0.03125
1 0.121875 0.625 0.059375 0.1796875
0 0.1375 0.5578125 0.0234375 0.028125
1 0.1296875 0.575 0.0640625 0.1609375
0 0.134375 0.515625 0.01875 0.025
1 0.2125 0.61875 0.0625 0.1734375
0 0.2046875 0.546875 0.0171875 0.025
1 0.2171875 0.6609375 0.0640625 0.215625
0 0.228125 0.571875 0.0265625 0.034375
1 0.2546875 0.6046875 0.0640625 0.165625
0 0.2609375 0.534375 0.0171875 0.021875
1 0.303125 0.665625 0.071875 0.2046875
0 0.3109375 0.5859375 0.0296875 0.0375
1 0.29375 0.6703125 0.059375 0.1859375
0 0.3015625 0.59375 0.01875 0.025
1 0.378125 0.6625 0.0953125 0.1921875
0 0.3671875 0.5828125 0.0234375 0.028125
1 0.45625 0.7 0.0875 0.1375
0 0.4453125 0.6515625 0.0296875 0.0390625
1 0.484375 0.65625 0.096875 0.18125
0 0.4859375 0.584375 0.0234375 0.0296875
1 0.4375 0.625 0.0765625 0.165625
0 0.4390625 0.55625 0.0234375 0.028125
1 0.4421875 0.6171875 0.06875 0.1875
0 0.4390625 0.540625 0.0234375 0.028125
1 0.3703125 0.515625 0.0671875 0.0984375
0 0.3921875 0.478125 0.009375 0.0125
1 0.3984375 0.53125 0.0421875 0.1265625
0 0.3953125 0.48125 0.0140625 0.0171875
1 0.390625 0.515625 0.078125 0.0953125
0 0.3953125 0.478125 0.015625 0.015625
1 0.5171875 0.5484375 0.046875 0.1203125
0 0.51875 0.4984375 0.0125 0.0140625
1 0.5359375 0.565625 0.0390625 0.1171875
0 0.54375 0.5171875 0.0171875 0.01875
1 0.5203125 0.6046875 0.0515625 0.153125
0 0.5265625 0.54375 0.021875 0.0203125
1 0.55625 0.6078125 0.0421875 0.1546875
0 0.5546875 0.5421875 0.01875 0.01875
1 0.5796875 0.6484375 0.0890625 0.1875
0 0.571875 0.5703125 0.025 0.028125
1 0.7796875 0.534375 0.0578125 0.1453125
0 0.7828125 0.471875 0.015625 0.0171875
1 0.8296875 0.5234375 0.05 0.103125
0 0.8328125 0.4796875 0.0125 0.0125
1 0.85625 0.5390625 0.046875 0.103125
0 0.8640625 0.4953125 0.0140625 0.015625
1 0.8828125 0.5484375 0.059375 0.1171875
0 0.884375 0.5 0.0171875 0.0171875
1 0.8796875 0.503125 0.0515625 0.1109375
0 0.884375 0.4546875 0.0125 0.0140625
1 0.9171875 0.6859375 0.09375 0.1640625
0 0.934375 0.625 0.03125 0.034375
1 0.984375 0.65 0.025 0.128125
0 0.984375 0.65 0.0265625 0.128125