1 0.603125 0.5546875 0.275 0.846875
0 0.609375 0.2078125 0.090625 0.1203125
1 0.7796875 0.421875 0.153125 0.4390625
0 0.78125 0.2421875 0.05625 0.0703125
1 0.6828125 0.4375 0.1546875 0.475
0 0.6921875 0.2484375 0.0578125 0.0859375
1 0.503125 0.415625 0.1984375 0.565625
0 0.525 0.18125 0.0640625 0.0828125
1 0.28125 0.4296875 0.2 0.55
0 0.275 0.2109375 0.075 0.0734375
1 0.409375 0.3203125 0.0875 0.2015625
0 0.4109375 0.2421875 0.021875 0.028125
1 0.353125 0.3375 0.0609375 0.1890625
0 0.35 0.259375 0.021875 0.025
1 0.3890625 0.325 0.046875 0.16875
0 0.3875 0.25625 0.0171875 0.0234375
1 0.1921875 0.3328125 0.046875 0.1671875
0 0.19375 0.2625 0.0171875 0.021875
1 0.15625 0.3328125 0.0625 0.1765625
0 0.1484375 0.259375 0.021875 0.025