1 0.05625 0.4765625 0.015625 0.0359375
0 0.0578125 0.4640625 0.0046875 0.0046875
1 0.278125 0.465625 0.0125 0.028125
0 0.2796875 0.4546875 0.003125 0.0015625
1 0.2359375 0.478125 0.0125 0.0296875
0 0.2390625 0.46875 0.00625 0.00625
1 0.178125 0.4890625 0.0125 0.028125
0 0.1796875 0.4796875 0.0046875 0.0046875
1 0.16875 0.4859375 0.0140625 0.03125
0 0.1703125 0.475 0.0046875 0.00625
1 0.590625 0.465625 0.009375 0.0234375
0 0.590625 0.4578125 0.0015625 0.0015625
1 0.5921875 0.48125 0.0109375 0.0296875
0 0.5921875 0.4703125 0.003125 0.0046875
1 0.6015625 0.4703125 0.0109375 0.028125
0 0.603125 0.4609375 0.0046875 0.0046875
1 0.609375 0.478125 0.0109375 0.0296875
0 0.6109375 0.465625 0.003125 0.003125
1 0.61875 0.4796875 0.0109375 0.028125
0 0.6203125 0.4703125 0.003125 0.0046875
1 0.625 0.478125 0.0109375 0.028125
0 0.6265625 0.4671875 0.0046875 0.0046875
1 0.6328125 0.478125 0.0109375 0.0296875
0 0.6359375 0.4671875 0.003125 0.0046875
1 0.6484375 0.478125 0.0109375 0.028125
0 0.6484375 0.46875 0.003125 0.003125
1 0.521875 0.5015625 0.0125 0.0328125
0 0.521875 0.490625 0.0046875 0.00625
1 0.5265625 0.5171875 0.0140625 0.0359375
0 0.528125 0.503125 0.0046875 0.0046875
1 0.5375 0.5234375 0.0171875 0.0453125
0 0.5390625 0.50625 0.0046875 0.0078125
1 0.546875 0.5 0.0171875 0.0359375
0 0.546875 0.4875 0.00625 0.00625
1 0.5640625 0.4984375 0.0140625 0.0296875
0 0.5640625 0.4890625 0.0046875 0.00625
1 0.5703125 0.5109375 0.0171875 0.0421875
0 0.5703125 0.4953125 0.0046875 0.00625
1 0.55625 0.51875 0.01875 0.04375
0 0.559375 0.5015625 0.0046875 0.00625
1 0.553125 0.540625 0.01875 0.0484375
0 0.55625 0.521875 0.0046875 0.00625
1 0.575 0.5453125 0.01875 0.0515625
0 0.575 0.5234375 0.0046875 0.00625
1 0.5796875 0.5421875 0.015625 0.04375
0 0.5796875 0.525 0.0046875 0.00625
1 0.6 0.49375 0.0140625 0.034375
0 0.6015625 0.478125 0.0046875 0.003125
1 0.6 0.50625 0.015625 0.0375
0 0.5984375 0.4921875 0.0046875 0.0046875
1 0.6015625 0.5390625 0.0171875 0.0421875
0 0.6015625 0.521875 0.0046875 0.0046875
1 0.615625 0.5015625 0.0140625 0.028125
0 0.61875 0.49375 0.0046875 0.0046875
1 0.6203125 0.525 0.0171875 0.046875
0 0.621875 0.5078125 0.00625 0.00625
1 0.6390625 0.5265625 0.0140625 0.034375
0 0.6421875 0.5125 0.00625 0.0046875
1 0.6484375 0.528125 0.015625 0.0421875
0 0.65 0.509375 0.003125 0.0046875
1 0.640625 0.5390625 0.01875 0.04375
0 0.640625 0.521875 0.00625 0.00625
1 0.5078125 0.5453125 0.01875 0.0421875
0 0.509375 0.5296875 0.0046875 0.00625
1 0.4875 0.55625 0.021875 0.0578125
0 0.490625 0.534375 0.00625 0.009375
1 0.4640625 0.56875 0.0203125 0.05625
0 0.4625 0.5453125 0.0109375 0.009375
1 0.4328125 0.7375 0.0953125 0.184375
0 0.4421875 0.6671875 0.03125 0.0390625
1 0.39375 0.734375 0.0671875 0.190625
0 0.4 0.6578125 0.025 0.0359375
1 0.45 0.6859375 0.05625 0.121875
0 0.4578125 0.6328125 0.0125 0.015625
1 0.38125 0.6515625 0.03125 0.0859375
0 0.38125 0.61875 0.0109375 0.0140625
1 0.4078125 0.65625 0.0296875 0.0828125
0 0.403125 0.621875 0.0125 0.015625
1 0.3875 0.6359375 0.0296875 0.075
0 0.390625 0.6078125 0.0140625 0.0140625
1 0.453125 0.6421875 0.0296875 0.0671875
0 0.4546875 0.615625 0.0109375 0.0109375
1 0.4609375 0.6265625 0.0234375 0.065625
0 0.459375 0.6 0.009375 0.0109375
1 0.484375 0.6265625 0.028125 0.075
0 0.4859375 0.5953125 0.009375 0.009375
1 0.509375 0.5984375 0.0234375 0.059375
0 0.5078125 0.5734375 0.00625 0.009375
1 0.5046875 0.5890625 0.034375 0.0640625
0 0.5109375 0.565625 0.00625 0.0078125
1 0.5140625 0.63125 0.0296875 0.0671875
0 0.515625 0.60625 0.009375 0.0125
1 0.5375 0.6515625 0.0375 0.0984375
0 0.5390625 0.6125 0.0109375 0.0140625
1 0.5140625 0.6796875 0.0453125 0.1296875
0 0.5140625 0.628125 0.0140625 0.01875
1 0.53125 0.7453125 0.078125 0.1703125
0 0.5421875 0.68125 0.0265625 0.0328125
1 0.58125 0.7390625 0.1390625 0.1828125
0 0.5734375 0.6796875 0.0421875 0.053125
1 0.6703125 0.728125 0.0859375 0.203125
0 0.6625 0.6421875 0.0234375 0.028125
1 0.7640625 0.7109375 0.0625 0.1625
0 0.7734375 0.640625 0.0171875 0.0171875
1 0.8453125 0.74375 0.10625 0.1734375
0 0.8375 0.6796875 0.0359375 0.0421875
1 0.8734375 0.7296875 0.075 0.2015625
0 0.871875 0.64375 0.0203125 0.025
1 0.5484375 0.6046875 0.021875 0.0625
0 0.5515625 0.5796875 0.00625 0.009375
1 0.5765625 0.621875 0.0296875 0.078125
0 0.578125 0.5921875 0.009375 0.009375
1 0.603125 0.625 0.0296875 0.0828125
0 0.6015625 0.5921875 0.009375 0.0109375
1 0.640625 0.625 0.0359375 0.084375
0 0.640625 0.5890625 0.009375 0.0109375
1 0.6 0.5828125 0.0296875 0.05625
0 0.6 0.5609375 0.00625 0.00625
1 0.603125 0.571875 0.01875 0.05625
0 0.603125 0.5484375 0.0046875 0.0046875
1 0.6796875 0.6390625 0.0328125 0.0609375
0 0.68125 0.6171875 0.009375 0.0140625
1 0.6953125 0.6359375 0.0421875 0.0515625
0 0.7 0.615625 0.0078125 0.009375
1 0.6875 0.640625 0.0390625 0.0671875
0 0.6921875 0.615625 0.0109375 0.0140625