1 0.959375 0.5265625 0.075 0.325
0 0.98125 0.390625 0.03125 0.0375
1 0.9375 0.4734375 0.0671875 0.2
0 0.9328125 0.3890625 0.0203125 0.0234375
1 0.8859375 0.4765625 0.065625 0.184375
0 0.8875 0.3953125 0.0234375 0.0203125
1 0.8484375 0.459375 0.0515625 0.146875
0 0.8421875 0.3953125 0.0140625 0.015625
1 0.796875 0.4671875 0.0578125 0.1359375
0 0.790625 0.409375 0.0140625 0.015625
1 0.759375 0.4765625 0.071875 0.184375
0 0.7484375 0.396875 0.015625 0.015625
1 0.71875 0.4875 0.0875 0.196875
0 0.725 0.4046875 0.01875 0.025
1 0.5328125 0.50625 0.140625 0.2546875
0 0.5359375 0.4 0.0328125 0.0375
1 0.4359375 0.50625 0.1125 0.325
0 0.434375 0.3734375 0.0359375 0.0375
1 0.3484375 0.54375 0.13125 0.3890625
0 0.35 0.3796875 0.0421875 0.046875
1 0.209375 0.5640625 0.1796875 0.425
0 0.2109375 0.3890625 0.0546875 0.0625
1 0.0453125 0.584375 0.0875 0.3859375
0 0.01875 0.43125 0.0328125 0.0703125
1 0.0796875 0.515625 0.103125 0.3453125
0 0.1 0.36875 0.040625 0.0484375
1 0.15 0.5390625 0.1359375 0.3484375
0 0.165625 0.390625 0.0375 0.0375
1 0.28125 0.5140625 0.09375 0.296875
0 0.2875 0.39375 0.0328125 0.0375