1 0.490625 0.41875 0.0109375 0.028125
0 0.490625 0.409375 0.0046875 0.0046875
1 0.4875 0.44375 0.0203125 0.05625
0 0.484375 0.4234375 0.0078125 0.009375
1 0.4921875 0.4421875 0.0140625 0.046875
0 0.4921875 0.425 0.0046875 0.00625
1 0.4640625 0.446875 0.021875 0.053125
0 0.46875 0.4265625 0.00625 0.00625
1 0.4453125 0.453125 0.0234375 0.0546875
0 0.4484375 0.4328125 0.009375 0.009375
1 0.3546875 0.5046875 0.065625 0.1578125
0 0.353125 0.4375 0.021875 0.0203125
1 0.1171875 0.6375 0.23125 0.278125
0 0.05625 0.596875 0.109375 0.121875
1 0.5484375 0.4546875 0.0328125 0.0921875
0 0.5515625 0.415625 0.0109375 0.0109375
1 0.5546875 0.465625 0.0421875 0.1125
0 0.5625 0.41875 0.0140625 0.01875
1 0.5625 0.471875 0.0453125 0.1140625
0 0.5671875 0.4265625 0.0140625 0.01875
1 0.60625 0.5 0.09375 0.2203125
0 0.6109375 0.409375 0.028125 0.0375