1 0.0640625 0.5578125 0.0140625 0.0640625
0 0.0625 0.534375 0.00625 0.0078125
1 0.0765625 0.5640625 0.0234375 0.0515625
0 0.0796875 0.546875 0.0078125 0.009375
1 0.0484375 0.6578125 0.0875 0.2375
0 0.04375 0.55625 0.0265625 0.03125
1 0.0390625 0.5984375 0.05625 0.178125
0 0.0390625 0.525 0.0234375 0.025
1 0.1421875 0.64375 0.0796875 0.240625
0 0.14375 0.54375 0.03125 0.0359375
1 0.1546875 0.59375 0.0859375 0.234375
0 0.1578125 0.49375 0.025 0.0296875
1 0.2296875 0.6203125 0.084375 0.2375
0 0.228125 0.51875 0.03125 0.0296875
1 0.24375 0.571875 0.0671875 0.121875
0 0.2546875 0.5296875 0.0234375 0.0234375
1 0.25625 0.671875 0.071875 0.1515625
0 0.2640625 0.6125 0.025 0.028125
1 0.2703125 0.6078125 0.084375 0.190625
0 0.3 0.5296875 0.0234375 0.03125
1 0.3078125 0.6171875 0.078125 0.19375
0 0.315625 0.540625 0.0234375 0.028125
1 0.375 0.578125 0.040625 0.1359375
0 0.378125 0.528125 0.025 0.025
1 0.44375 0.603125 0.075 0.2953125
0 0.4484375 0.4765625 0.0359375 0.034375
1 0.4921875 0.625 0.0890625 0.2953125
0 0.4875 0.5015625 0.034375 0.0453125
1 0.603125 0.6328125 0.2921875 0.2875
0 0.5640625 0.521875 0.05 0.05625
1 0.8359375 0.6421875 0.153125 0.0578125
0 0.878125 0.634375 0.0234375 0.025