1 0.225 0.390625 0.0875 0.30625
0 0.21875 0.271875 0.03125 0.0359375
1 0.3078125 0.4015625 0.121875 0.309375
0 0.29375 0.26875 0.0328125 0.0375
1 0.3609375 0.3796875 0.04375 0.1734375
0 0.3609375 0.3078125 0.0203125 0.028125
1 0.4765625 0.3828125 0.09375 0.296875
0 0.4828125 0.2609375 0.034375 0.046875
1 0.5328125 0.4359375 0.1109375 0.3828125
0 0.5296875 0.284375 0.0546875 0.0640625
1 0.2671875 0.475 0.2 0.559375
0 0.2578125 0.2453125 0.06875 0.09375
1 0.4359375 0.5046875 0.20625 0.634375
0 0.434375 0.246875 0.0703125 0.1015625
1 0.59375 0.525 0.234375 0.6875
0 0.5796875 0.25 0.084375 0.0984375
1 0.6515625 0.4359375 0.1453125 0.4078125
0 0.6375 0.2671875 0.04375 0.059375
1 0.6734375 0.3765625 0.090625 0.278125
0 0.68125 0.26875 0.0328125 0.03125
1 0.7484375 0.4171875 0.125 0.4
0 0.75625 0.2484375 0.04375 0.0546875
1 0.775 0.4140625 0.1125 0.3171875
0 0.765625 0.28125 0.0328125 0.0421875