1 0.0390625 0.6546875 0.021875 0.0484375
0 0.0421875 0.6359375 0.00625 0.00625
1 0.153125 0.653125 0.01875 0.040625
0 0.1546875 0.6375 0.00625 0.00625
1 0.190625 0.653125 0.01875 0.0453125
0 0.19375 0.6375 0.0078125 0.00625
1 0.2140625 0.653125 0.0234375 0.046875
0 0.2109375 0.6359375 0.00625 0.0046875
1 0.234375 0.6546875 0.01875 0.0375
0 0.234375 0.64375 0.0046875 0.0046875
1 0.3625 0.6796875 0.034375 0.103125
0 0.3671875 0.6359375 0.0140625 0.0140625
1 0.4265625 0.6921875 0.0546875 0.125
0 0.4296875 0.6421875 0.0140625 0.0171875
1 0.3796875 0.690625 0.0546875 0.125
0 0.390625 0.646875 0.01875 0.0203125
1 0.5421875 0.6875 0.0484375 0.1171875
0 0.55 0.640625 0.015625 0.0140625
1 0.478125 0.6546875 0.0171875 0.04375
0 0.48125 0.6390625 0.0046875 0.00625
1 0.4609375 0.6671875 0.0203125 0.0703125
0 0.4609375 0.6390625 0.0109375 0.0109375
1 0.453125 0.65625 0.0171875 0.0515625
0 0.45625 0.6390625 0.00625 0.0078125
1 0.6484375 0.6875 0.03125 0.1078125
0 0.6484375 0.6421875 0.0125 0.0125
1 0.671875 0.68125 0.0328125 0.09375
0 0.6703125 0.64375 0.009375 0.0109375
1 0.696875 0.6796875 0.0390625 0.1015625
0 0.696875 0.6359375 0.009375 0.009375
1 0.753125 0.6984375 0.04375 0.134375
0 0.75625 0.646875 0.0140625 0.0171875
1 0.7796875 0.7 0.0375 0.121875
0 0.775 0.65 0.0125 0.0125
1 0.865625 0.7078125 0.0609375 0.140625
0 0.8546875 0.6515625 0.015625 0.021875
1 0.809375 0.6859375 0.0375 0.0984375
0 0.8046875 0.64375 0.0125 0.0125
1 0.828125 0.6515625 0.0140625 0.040625
0 0.828125 0.6359375 0.0046875 0.0046875
1 0.71875 0.6578125 0.0203125 0.0515625
0 0.715625 0.6375 0.00625 0.00625
1 0.603125 0.653125 0.0140625 0.0453125
0 0.603125 0.6390625 0.0046875 0.0046875
1 0.628125 0.6828125 0.0375 0.109375
0 0.634375 0.6375 0.009375 0.0109375
1 0.334375 0.653125 0.0140625 0.0359375
0 0.3375 0.6390625 0.0046875 0.0046875