1 0.053125 0.540625 0.10625 0.5796875
0 0.015625 0.3125 0.03125 0.0875
1 0.1421875 0.553125 0.2828125 0.5546875
0 0.140625 0.309375 0.096875 0.11875
1 0.15625 0.5 0.171875 0.5015625
0 0.1609375 0.29375 0.0546875 0.0765625
1 0.3078125 0.4890625 0.178125 0.409375
0 0.2890625 0.3203125 0.0515625 0.0640625
1 0.5671875 0.471875 0.1765625 0.4015625
0 0.571875 0.3078125 0.04375 0.059375
1 0.8078125 0.5171875 0.1703125 0.5140625
0 0.8171875 0.2984375 0.06875 0.0703125
1 0.865625 0.54375 0.265625 0.5734375
0 0.946875 0.3046875 0.1046875 0.115625