1 0.0421875 0.646875 0.0765625 0.1640625
0 0.04375 0.578125 0.01875 0.021875
1 0.03125 0.6484375 0.05 0.146875
0 0.028125 0.584375 0.015625 0.015625
1 0.1078125 0.6546875 0.0609375 0.1359375
0 0.109375 0.5984375 0.015625 0.01875
1 0.171875 0.64375 0.0515625 0.13125
0 0.1703125 0.5890625 0.0140625 0.0171875
1 0.1953125 0.6625 0.0578125 0.0796875
0 0.190625 0.6359375 0.0125 0.0109375
1 0.20625 0.6265625 0.0359375 0.096875
0 0.2125 0.590625 0.0109375 0.0140625
1 0.234375 0.6296875 0.0375 0.1
0 0.2375 0.590625 0.0109375 0.0140625
1 0.2703125 0.63125 0.0390625 0.096875
0 0.26875 0.5921875 0.0140625 0.0125
1 0.4609375 0.696875 0.0890625 0.2578125
0 0.4515625 0.5921875 0.03125 0.0390625
1 0.5265625 0.6421875 0.05 0.1078125
0 0.528125 0.6015625 0.0125 0.0125
1 0.6015625 0.64375 0.0421875 0.1125
0 0.5953125 0.5953125 0.0125 0.0140625
1 0.7765625 0.6234375 0.040625 0.084375
0 0.7703125 0.590625 0.009375 0.0109375
1 0.7828125 0.6171875 0.025 0.0671875
0 0.7828125 0.5890625 0.0109375 0.009375
1 0.840625 0.603125 0.021875 0.0421875
0 0.840625 0.5890625 0.0078125 0.009375
1 0.9140625 0.63125 0.040625 0.0890625
0 0.9078125 0.596875 0.0125 0.0125
1 0.98125 0.609375 0.028125 0.065625
0 0.9828125 0.584375 0.0125 0.009375
1 0.8 0.6046875 0.0171875 0.0390625
0 0.8 0.590625 0.0078125 0.0078125
1 0.759375 0.6015625 0.0203125 0.040625
0 0.759375 0.5875 0.0078125 0.00625