1 0.81875 0.5953125 0.13125 0.43125
0 0.8171875 0.4109375 0.0453125 0.05625
1 0.73125 0.5765625 0.1125 0.3875
0 0.71875 0.4140625 0.0421875 0.0546875
1 0.6671875 0.5609375 0.1046875 0.35
0 0.665625 0.4171875 0.0328125 0.05
1 0.6 0.5296875 0.09375 0.3125
0 0.5921875 0.396875 0.0375 0.046875
1 0.54375 0.5046875 0.1 0.315625
0 0.546875 0.36875 0.04375 0.034375
1 0.634375 0.6765625 0.159375 0.2734375
0 0.61875 0.5765625 0.04375 0.05625
1 0.53125 0.6640625 0.1265625 0.25
0 0.534375 0.571875 0.040625 0.05625
1 0.43125 0.66875 0.134375 0.259375
0 0.44375 0.5734375 0.0390625 0.0546875
1 0.3015625 0.6578125 0.1359375 0.28125
0 0.3171875 0.5484375 0.046875 0.0609375
1 0.21875 0.65625 0.121875 0.2890625
0 0.2296875 0.5515625 0.04375 0.05625
1 0.1171875 0.6796875 0.159375 0.265625
0 0.109375 0.5921875 0.0515625 0.0625
1 0.075 0.578125 0.1125 0.33125
0 0.0875 0.440625 0.04375 0.0515625
1 0.1609375 0.5734375 0.0984375 0.328125
0 0.1640625 0.4421875 0.040625 0.05
1 0.1375 0.5453125 0.08125 0.3046875
0 0.1359375 0.421875 0.0328125 0.0421875
1 0.184375 0.5328125 0.0921875 0.26875
0 0.196875 0.4234375 0.040625 0.0453125
1 0.2484375 0.5703125 0.1125 0.33125
0 0.2515625 0.4390625 0.040625 0.05625
1 0.3234375 0.5734375 0.1125 0.30625
0 0.3140625 0.4546875 0.0375 0.05
1 0.3265625 0.5234375 0.0875 0.271875
0 0.3390625 0.41875 0.0375 0.046875
1 0.3609375 0.5078125 0.08125 0.23125
0 0.36875 0.4171875 0.028125 0.0375
1 0.384375 0.546875 0.096875 0.2765625
0 0.3875 0.4453125 0.03125 0.0453125
1 0.3875 0.625 0.1125 0.25
0 0.4 0.5375 0.0390625 0.05
1 0.434375 0.5453125 0.0828125 0.290625
0 0.4265625 0.4328125 0.0296875 0.0421875
1 0.46875 0.55625 0.1046875 0.2828125
0 0.471875 0.4421875 0.0390625 0.05
1 0.528125 0.5828125 0.09375 0.296875
0 0.525 0.4609375 0.034375 0.04375
1 0.578125 0.5703125 0.0703125 0.296875
0 0.575 0.4546875 0.034375 0.0453125
1 0.621875 0.571875 0.0953125 0.3125
0 0.61875 0.4453125 0.040625 0.05
1 0.5125 0.5171875 0.0921875 0.2546875
0 0.509375 0.415625 0.034375 0.046875
1 0.453125 0.5015625 0.078125 0.21875
0 0.4546875 0.4203125 0.0265625 0.0375
1 0.421875 0.521875 0.078125 0.2328125
0 0.425 0.43125 0.03125 0.0421875