1 0.2046875 0.721875 0.0171875 0.0484375
0 0.2046875 0.7046875 0.0046875 0.00625
1 0.2296875 0.725 0.01875 0.0453125
0 0.23125 0.7078125 0.00625 0.00625
1 0.240625 0.721875 0.0140625 0.05
0 0.240625 0.703125 0.00625 0.00625
1 0.28125 0.734375 0.01875 0.0546875
0 0.28125 0.7125 0.0046875 0.0046875
1 0.309375 0.740625 0.025 0.0671875
0 0.3125 0.709375 0.0078125 0.0078125
1 0.3453125 0.7375 0.025 0.0640625
0 0.346875 0.7109375 0.0078125 0.009375
1 0.3546875 0.7359375 0.01875 0.0546875
0 0.35625 0.7125 0.0078125 0.0078125
1 0.4078125 0.75 0.0296875 0.0828125
0 0.4109375 0.715625 0.009375 0.0140625
1 0.403125 0.73125 0.0203125 0.0671875
0 0.403125 0.703125 0.0078125 0.0078125
1 0.421875 0.7328125 0.021875 0.0625
0 0.421875 0.7078125 0.0078125 0.0078125
1 0.4328125 0.734375 0.0171875 0.059375
0 0.4328125 0.7109375 0.00625 0.00625
1 0.45625 0.8046875 0.0546875 0.11875
0 0.45 0.759375 0.015625 0.01875
1 0.46875 0.753125 0.025 0.0734375
0 0.4734375 0.7234375 0.009375 0.009375
1 0.48125 0.7484375 0.0328125 0.0734375
0 0.4859375 0.71875 0.0078125 0.009375
1 0.675 0.7859375 0.05 0.1328125
0 0.6734375 0.73125 0.015625 0.0140625
1 0.7328125 0.7875 0.0453125 0.1296875
0 0.7375 0.7328125 0.015625 0.015625
1 0.721875 0.7515625 0.0328125 0.0734375
0 0.7296875 0.721875 0.009375 0.0109375
1 0.10625 0.7078125 0.0125 0.0328125
0 0.1078125 0.69375 0.0015625 0.0015625
1 0.115625 0.7078125 0.009375 0.03125
0 0.1140625 0.6953125 0.0046875 0.003125
1 0.2578125 0.725 0.015625 0.0453125
0 0.2625 0.70625 0.0046875 0.0046875