1 0.128125 0.609375 0.09375 0.2703125
0 0.1328125 0.496875 0.03125 0.0390625
1 0.18125 0.5984375 0.075 0.2609375
0 0.18125 0.4890625 0.03125 0.034375
1 0.2109375 0.5953125 0.0875 0.2890625
0 0.215625 0.478125 0.0296875 0.040625
1 0.2359375 0.6046875 0.065625 0.24375
0 0.2390625 0.503125 0.025 0.0296875
1 0.26875 0.6046875 0.071875 0.2609375
0 0.28125 0.4953125 0.0265625 0.034375
1 0.3015625 0.5921875 0.0546875 0.265625
0 0.3015625 0.478125 0.0265625 0.0359375
1 0.3171875 0.6046875 0.0796875 0.2640625
0 0.3171875 0.4984375 0.03125 0.0390625
1 0.334375 0.6015625 0.0734375 0.2546875
0 0.3359375 0.4984375 0.0296875 0.0359375
1 0.3859375 0.60625 0.0640625 0.234375
0 0.38125 0.509375 0.028125 0.0328125
1 0.384375 0.6109375 0.075 0.2421875
0 0.3828125 0.509375 0.0265625 0.0328125
1 0.43125 0.5953125 0.0796875 0.2609375
0 0.421875 0.4828125 0.028125 0.0296875
1 0.421875 0.6125 0.08125 0.2625
0 0.43125 0.5078125 0.0265625 0.0375
1 0.4640625 0.5984375 0.059375 0.2578125
0 0.4625 0.4890625 0.025 0.0328125
1 0.4890625 0.6171875 0.071875 0.2421875
0 0.4859375 0.5203125 0.028125 0.0375
1 0.509375 0.5953125 0.0578125 0.2578125
0 0.5046875 0.4890625 0.0296875 0.0375
1 0.5234375 0.59375 0.0734375 0.278125
0 0.521875 0.4765625 0.025 0.03125
1 0.5609375 0.5953125 0.109375 0.2765625
0 0.553125 0.48125 0.0359375 0.0390625
1 0.6078125 0.596875 0.09375 0.2921875
0 0.6 0.4734375 0.034375 0.040625
1 0.6609375 0.5984375 0.09375 0.2796875
0 0.6578125 0.484375 0.028125 0.0390625
1 0.7015625 0.5953125 0.0671875 0.2640625
0 0.696875 0.4859375 0.034375 0.0359375
1 0.7125 0.6171875 0.0859375 0.2734375
0 0.7046875 0.5046875 0.0296875 0.034375
1 0.7421875 0.6015625 0.0765625 0.2703125
0 0.740625 0.490625 0.034375 0.0375
1 0.778125 0.6015625 0.06875 0.2515625
0 0.7734375 0.5015625 0.025 0.0359375
1 0.803125 0.6125 0.0921875 0.2703125
0 0.796875 0.5015625 0.0296875 0.0390625
1 0.8203125 0.5953125 0.078125 0.284375
0 0.825 0.4765625 0.028125 0.034375
1 0.878125 0.609375 0.096875 0.2953125
0 0.8609375 0.4859375 0.03125 0.034375
1 0.9078125 0.6015625 0.0890625 0.2890625
0 0.896875 0.4828125 0.0328125 0.0421875