1 0.0546875 0.7125 0.05625 0.1234375
0 0.053125 0.6625 0.015625 0.01875
1 0.1484375 0.5671875 0.0234375 0.065625
0 0.153125 0.54375 0.0078125 0.009375
1 0.1734375 0.565625 0.028125 0.05625
0 0.171875 0.5484375 0.009375 0.0125
1 0.265625 0.61875 0.040625 0.09375
0 0.2703125 0.578125 0.0125 0.0140625
1 0.2890625 0.609375 0.0328125 0.0859375
0 0.2921875 0.5765625 0.0109375 0.0125
1 0.3125 0.5796875 0.0234375 0.0515625
0 0.3140625 0.5609375 0.009375 0.009375
1 0.346875 0.6140625 0.0453125 0.084375
0 0.353125 0.5796875 0.0109375 0.0140625
1 0.346875 0.584375 0.0421875 0.071875
0 0.34375 0.5625 0.0109375 0.0125
1 0.3546875 0.578125 0.03125 0.0578125
0 0.3546875 0.55625 0.009375 0.0109375
1 0.3734375 0.5796875 0.0234375 0.05625
0 0.375 0.5578125 0.0046875 0.00625
1 0.3796875 0.6203125 0.0328125 0.0984375
0 0.3859375 0.5796875 0.0140625 0.0140625
1 0.4171875 0.61875 0.034375 0.0921875
0 0.415625 0.58125 0.0109375 0.0140625
1 0.4046875 0.6 0.0296875 0.0734375
0 0.4078125 0.571875 0.009375 0.0140625
1 0.3984375 0.5578125 0.0296875 0.0609375
0 0.396875 0.5375 0.009375 0.0109375
1 0.4109375 0.5671875 0.028125 0.0609375
0 0.4109375 0.5453125 0.009375 0.0109375
1 0.4375 0.59375 0.034375 0.075
0 0.4375 0.565625 0.0078125 0.0140625
1 0.4375 0.578125 0.028125 0.065625
0 0.440625 0.5546875 0.009375 0.009375
1 0.4359375 0.6265625 0.0421875 0.05625
0 0.428125 0.6078125 0.009375 0.0078125
1 0.4609375 0.60625 0.0375 0.0765625
0 0.459375 0.5765625 0.009375 0.0109375
1 0.475 0.575 0.0234375 0.05625
0 0.4796875 0.5546875 0.00625 0.009375
1 0.5140625 0.6296875 0.0328125 0.0484375
0 0.5140625 0.6125 0.009375 0.0109375
1 0.5125 0.6109375 0.028125 0.0453125
0 0.5109375 0.596875 0.009375 0.009375
1 0.509375 0.5921875 0.0296875 0.0421875
0 0.509375 0.5796875 0.009375 0.009375
1 0.4984375 0.584375 0.0265625 0.0375
0 0.4984375 0.571875 0.00625 0.0078125
1 0.5109375 0.5671875 0.0234375 0.0515625
0 0.509375 0.55 0.00625 0.0078125
1 0.5296875 0.5703125 0.0234375 0.0671875
0 0.5296875 0.5453125 0.0078125 0.009375
1 0.54375 0.571875 0.0234375 0.065625
0 0.54375 0.546875 0.009375 0.0078125
1 0.5625 0.5875 0.0296875 0.0765625
0 0.5625 0.5578125 0.0078125 0.0125
1 0.5734375 0.603125 0.0296875 0.075
0 0.575 0.5734375 0.009375 0.009375
1 0.5953125 0.6171875 0.0328125 0.0765625
0 0.5953125 0.5859375 0.0078125 0.009375
1 0.621875 0.6140625 0.0359375 0.084375
0 0.621875 0.58125 0.009375 0.0109375
1 0.590625 0.5765625 0.025 0.05625
0 0.5890625 0.5609375 0.0109375 0.0109375
1 0.5953125 0.5671875 0.0234375 0.0578125
0 0.59375 0.546875 0.0078125 0.009375
1 0.621875 0.5890625 0.03125 0.0609375
0 0.6203125 0.5671875 0.009375 0.009375
1 0.628125 0.5796875 0.0375 0.0640625
0 0.6265625 0.55625 0.0109375 0.0109375
1 0.6625 0.578125 0.0265625 0.0703125
0 0.6625 0.5484375 0.009375 0.009375
1 0.659375 0.5703125 0.0265625 0.0671875
0 0.6625 0.54375 0.0078125 0.009375
1 0.7125 0.6234375 0.0421875 0.0421875
0 0.7140625 0.6109375 0.009375 0.009375
1 0.7390625 0.621875 0.040625 0.0484375
0 0.7375 0.60625 0.0109375 0.0125
1 0.83125 0.5984375 0.028125 0.065625
0 0.8328125 0.575 0.009375 0.0109375
1 0.834375 0.5796875 0.0234375 0.05625
0 0.834375 0.5578125 0.0109375 0.009375
1 0.85625 0.559375 0.0328125 0.06875
0 0.85625 0.534375 0.0078125 0.009375
1 0.8828125 0.5890625 0.0390625 0.0703125
0 0.884375 0.5625 0.009375 0.0125
1 0.9265625 0.6609375 0.0453125 0.0640625
0 0.9265625 0.6390625 0.0140625 0.015625
1 0.9484375 0.6140625 0.0421875 0.0953125
0 0.9453125 0.575 0.009375 0.0140625