1 0.615625 0.5765625 0.05625 0.140625
0 0.6078125 0.51875 0.0203125 0.0171875
1 0.665625 0.5890625 0.05 0.1359375
0 0.6609375 0.53125 0.015625 0.0171875
1 0.7828125 0.578125 0.0421875 0.1671875
0 0.778125 0.5078125 0.0203125 0.0234375
1 0.7265625 0.5953125 0.05625 0.196875
0 0.728125 0.5109375 0.025 0.028125
1 0.7578125 0.6328125 0.0890625 0.2921875
0 0.740625 0.50625 0.0390625 0.0421875
1 0.7 0.6453125 0.078125 0.2578125
0 0.6984375 0.5359375 0.0265625 0.0296875
1 0.7953125 0.634375 0.15625 0.2890625
0 0.8015625 0.51875 0.0515625 0.04375
1 0.459375 0.603125 0.090625 0.2390625
0 0.44375 0.503125 0.0296875 0.0328125