1 0.1578125 0.6 0.2921875 0.45625
0 0.159375 0.3578125 0.1 0.1296875
1 0.4390625 0.6140625 0.3671875 0.4296875
0 0.4453125 0.371875 0.1234375 0.15625
1 0.75 0.61875 0.3515625 0.4203125
0 0.778125 0.4015625 0.090625 0.11875
1 0.915625 0.59375 0.159375 0.46875
0 0.95 0.3078125 0.0921875 0.1359375
1 0.3078125 0.578125 0.5125 0.5015625
0 0.325 0.2859375 0.0859375 0.11875
1 0.528125 0.5046875 0.28125 0.6484375
0 0.5296875 0.21875 0.071875 0.0921875
1 0.7078125 0.575 0.3109375 0.5078125
0 0.6734375 0.3546875 0.090625 0.103125