1 0.7078125 0.5703125 0.2015625 0.334375
0 0.7109375 0.43125 0.0375 0.0390625
1 0.565625 0.54375 0.146875 0.2875
0 0.56875 0.421875 0.0328125 0.03125
1 0.4609375 0.50625 0.1171875 0.26875
0 0.4546875 0.3984375 0.0265625 0.040625
1 0.3859375 0.5984375 0.0875 0.1984375
0 0.390625 0.5171875 0.028125 0.0265625
1 0.3703125 0.5640625 0.0703125 0.2578125
0 0.3765625 0.459375 0.0328125 0.0375
1 0.6546875 0.5109375 0.065625 0.240625
0 0.6578125 0.4109375 0.03125 0.0390625
1 0.2578125 0.5765625 0.1765625 0.4015625
0 0.290625 0.4140625 0.05 0.0515625