1 0.86875 0.5671875 0.075 0.1953125
0 0.8671875 0.4859375 0.0203125 0.028125
1 0.975 0.571875 0.04375 0.115625
0 0.98125 0.5265625 0.015625 0.01875
1 0.6828125 0.553125 0.046875 0.13125
0 0.6828125 0.496875 0.0140625 0.015625
1 0.6515625 0.5578125 0.0328125 0.0984375
0 0.653125 0.5171875 0.0140625 0.0109375
1 0.6171875 0.5890625 0.1125 0.2109375
0 0.6078125 0.496875 0.028125 0.03125
1 0.5859375 0.603125 0.14375 0.2625
0 0.58125 0.496875 0.0421875 0.0453125
1 0.45625 0.515625 0.028125 0.065625
0 0.4609375 0.4875 0.009375 0.009375
1 0.415625 0.6265625 0.15 0.3
0 0.415625 0.515625 0.0578125 0.0703125
1 0.2609375 0.6109375 0.278125 0.33125
0 0.2546875 0.409375 0.09375 0.121875
1 0.0859375 0.6 0.0984375 0.30625
0 0.0796875 0.471875 0.0328125 0.0421875
1 0.0359375 0.6171875 0.0671875 0.3109375
0 0.0109375 0.4875 0.0171875 0.0484375
1 0.046875 0.55 0.0421875 0.11875
0 0.04375 0.5 0.0109375 0.0140625
1 0.01875 0.5421875 0.0328125 0.1515625
0 0.0140625 0.484375 0.01875 0.0234375
1 0.1171875 0.528125 0.0328125 0.090625
0 0.1203125 0.49375 0.0046875 0.009375
1 0.14375 0.528125 0.0265625 0.08125
0 0.1453125 0.49375 0.009375 0.009375
1 0.89375 0.5765625 0.0640625 0.109375
0 0.8984375 0.5359375 0.0109375 0.0203125