1 0.2078125 0.6796875 0.1296875 0.1953125
0 0.2 0.60625 0.0421875 0.046875
1 0.04375 0.6671875 0.0828125 0.2203125
0 0.0140625 0.59375 0.0234375 0.0671875
1 0.0578125 0.6796875 0.1109375 0.19375
0 0.0375 0.65 0.0578125 0.065625
1 0.1390625 0.6484375 0.146875 0.25625
0 0.1171875 0.55625 0.0375 0.0578125
1 0.3578125 0.6265625 0.1296875 0.3015625
0 0.3375 0.5015625 0.0453125 0.0484375
1 0.4265625 0.6171875 0.121875 0.3203125
0 0.403125 0.4828125 0.0375 0.0390625
1 0.5234375 0.6359375 0.121875 0.2828125
0 0.5359375 0.525 0.0453125 0.0515625
1 0.4703125 0.6046875 0.1046875 0.30625
0 0.4671875 0.4734375 0.0328125 0.0390625
1 0.6796875 0.640625 0.1578125 0.2734375
0 0.6765625 0.53125 0.0421875 0.0515625
1 0.496875 0.5609375 0.0859375 0.28125
0 0.4859375 0.45625 0.0421875 0.053125
1 0.546875 0.5515625 0.1078125 0.26875
0 0.528125 0.4390625 0.0328125 0.0375
1 0.8265625 0.6234375 0.1390625 0.30625
0 0.825 0.4953125 0.0421875 0.0484375
1 0.896875 0.6203125 0.103125 0.2984375
0 0.890625 0.49375 0.0328125 0.0390625
1 0.796875 0.609375 0.1171875 0.3265625
0 0.803125 0.471875 0.0328125 0.0421875
1 0.70625 0.609375 0.09375 0.3140625
0 0.7109375 0.475 0.040625 0.0421875
1 0.6 0.521875 0.0828125 0.2640625
0 0.590625 0.4046875 0.028125 0.0328125
1 0.6140625 0.509375 0.0734375 0.26875
0 0.6078125 0.4 0.028125 0.0421875
1 0.65 0.4875 0.071875 0.20625
0 0.6421875 0.4 0.0234375 0.025
1 0.675 0.45625 0.0484375 0.1640625
0 0.675 0.390625 0.0234375 0.028125
1 0.9015625 0.471875 0.084375 0.196875
0 0.9046875 0.3921875 0.028125 0.0296875
1 0.9375 0.4078125 0.0484375 0.1453125
0 0.9296875 0.346875 0.01875 0.0234375
1 0.89375 0.4 0.0484375 0.1359375
0 0.896875 0.3453125 0.0140625 0.01875
1 0.8609375 0.3875 0.046875 0.1359375
0 0.8578125 0.334375 0.0140625 0.0203125
1 0.7015625 0.44375 0.040625 0.146875
0 0.696875 0.3859375 0.0203125 0.0234375
1 0.6796875 0.4234375 0.0328125 0.121875
0 0.6796875 0.375 0.01875 0.0171875
1 0.6921875 0.403125 0.0359375 0.121875
0 0.69375 0.3578125 0.0203125 0.0234375
1 0.7234375 0.428125 0.0421875 0.159375
0 0.7234375 0.3625 0.01875 0.01875
1 0.70625 0.4046875 0.03125 0.1140625
0 0.709375 0.3578125 0.0140625 0.0171875
1 0.71875 0.409375 0.0375 0.1453125
0 0.715625 0.35 0.01875 0.021875
1 0.75 0.4078125 0.065625 0.15
0 0.7390625 0.3421875 0.01875 0.021875
1 0.7328125 0.3625 0.0328125 0.1046875
0 0.734375 0.31875 0.0109375 0.0140625
1 0.75625 0.4125 0.0328125 0.1265625
0 0.759375 0.3671875 0.0140625 0.015625
1 0.6796875 0.3671875 0.0375 0.1046875
0 0.68125 0.325 0.0109375 0.015625
1 0.5671875 0.41875 0.059375 0.15625
0 0.565625 0.353125 0.0140625 0.0234375
1 0.609375 0.3703125 0.0328125 0.1
0 0.6078125 0.3296875 0.0140625 0.015625
1 0.64375 0.346875 0.03125 0.0875
0 0.6484375 0.315625 0.009375 0.0140625
1 0.790625 0.4 0.0484375 0.1421875
0 0.790625 0.340625 0.0140625 0.0140625
1 0.2328125 0.54375 0.0890625 0.278125
0 0.2234375 0.4265625 0.0328125 0.0375
1 0.1203125 0.5328125 0.09375 0.2359375
0 0.1171875 0.4359375 0.028125 0.03125
1 0.090625 0.509375 0.0703125 0.2109375
0 0.0875 0.421875 0.0234375 0.03125
1 0.278125 0.5125 0.0984375 0.2625
0 0.2625 0.4046875 0.028125 0.03125
1 0.296875 0.4515625 0.071875 0.178125
0 0.290625 0.3796875 0.0234375 0.0296875
1 0.3890625 0.4390625 0.0625 0.1640625
0 0.3890625 0.3703125 0.015625 0.021875
1 0.246875 0.4359375 0.059375 0.1640625
0 0.2578125 0.36875 0.01875 0.0234375
1 0.4609375 0.3796875 0.040625 0.115625
0 0.4609375 0.33125 0.0140625 0.0203125
1 0.028125 0.3734375 0.0453125 0.1359375
0 0.03125 0.31875 0.01875 0.0203125
1 0.0765625 0.375 0.0421875 0.11875
0 0.0765625 0.328125 0.0140625 0.015625
1 0.0796875 0.371875 0.0359375 0.1046875
0 0.084375 0.334375 0.0109375 0.0140625
1 0.10625 0.3703125 0.0375 0.1171875
0 0.109375 0.3234375 0.0140625 0.0203125
1 0.15 0.3625 0.0328125 0.1078125
0 0.1515625 0.3171875 0.0140625 0.015625
1 0.1734375 0.365625 0.0328125 0.1015625
0 0.178125 0.325 0.0109375 0.015625
1 0.203125 0.3625 0.03125 0.1
0 0.20625 0.321875 0.0140625 0.015625
1 0.1390625 0.3453125 0.028125 0.0984375
0 0.1390625 0.3046875 0.0140625 0.0109375
1 0.2234375 0.35625 0.0328125 0.10625
0 0.228125 0.315625 0.009375 0.0140625
1 0.2421875 0.3546875 0.028125 0.0875
0 0.2421875 0.31875 0.009375 0.009375
1 0.2109375 0.321875 0.028125 0.08125
0 0.2140625 0.290625 0.009375 0.0109375
1 0.26875 0.346875 0.03125 0.084375
0 0.278125 0.3109375 0.00625 0.009375
1 0.309375 0.3515625 0.028125 0.0796875
0 0.3140625 0.31875 0.009375 0.009375
1 0.3046875 0.3328125 0.01875 0.065625
0 0.3078125 0.309375 0.009375 0.0109375
1 0.325 0.340625 0.028125 0.0859375
0 0.3234375 0.30625 0.009375 0.009375
1 0.334375 0.3421875 0.0265625 0.084375
0 0.3390625 0.30625 0.009375 0.009375
1 0.3578125 0.35 0.01875 0.0703125
0 0.3609375 0.321875 0.009375 0.0109375
1 0.3765625 0.3359375 0.0265625 0.090625
0 0.3796875 0.3015625 0.009375 0.009375
1 0.384375 0.3390625 0.0234375 0.0796875
0 0.384375 0.30625 0.009375 0.009375
1 0.4078125 0.3375 0.0203125 0.075
0 0.4078125 0.30625 0.009375 0.009375
1 0.4140625 0.3359375 0.01875 0.0734375
0 0.4140625 0.3109375 0.00625 0.009375
1 0.4296875 0.3359375 0.01875 0.0703125
0 0.4296875 0.3046875 0.009375 0.009375
1 0.46875 0.35625 0.0359375 0.09375
0 0.4734375 0.3171875 0.0140625 0.0140625
1 0.7765625 0.378125 0.0359375 0.1046875
0 0.778125 0.3375 0.01875 0.0203125
1 0.796875 0.3671875 0.0328125 0.1171875
0 0.796875 0.321875 0.01875 0.021875
1 0.9421875 0.3515625 0.03125 0.0796875
0 0.9375 0.321875 0.009375 0.0140625
1 0.834375 0.340625 0.03125 0.09375
0 0.83125 0.30625 0.009375 0.0109375
1 0.859375 0.3453125 0.028125 0.08125
0 0.8578125 0.3125 0.009375 0.0109375
1 0.7734375 0.35 0.028125 0.084375
0 0.7734375 0.31875 0.0140625 0.0140625