1 0.340625 0.6859375 0.0234375 0.0515625
0 0.340625 0.6640625 0.0046875 0.00625
1 0.3171875 0.6859375 0.0234375 0.0578125
0 0.31875 0.6625 0.0046875 0.00625
1 0.309375 0.68125 0.015625 0.05
0 0.3078125 0.6640625 0.0078125 0.009375
1 0.2953125 0.68125 0.021875 0.0578125
0 0.296875 0.659375 0.0078125 0.009375
1 0.2734375 0.65 0.0171875 0.046875
0 0.275 0.6328125 0.0046875 0.0078125
1 0.296875 0.6515625 0.01875 0.0390625
0 0.2984375 0.6390625 0.0078125 0.0078125
1 0.36875 0.621875 0.0171875 0.040625
0 0.3703125 0.60625 0.0046875 0.0046875
1 0.38125 0.621875 0.015625 0.0421875
0 0.38125 0.60625 0.00625 0.00625
1 0.4265625 0.5859375 0.0109375 0.0296875
0 0.428125 0.575 0.0046875 0.0046875
1 0.4171875 0.5859375 0.0125 0.0296875
0 0.4203125 0.575 0.0046875 0.0046875
1 0.421875 0.5640625 0.009375 0.028125
0 0.4234375 0.553125 0.0046875 0.0046875
1 0.4609375 0.54375 0.0125 0.021875
0 0.4609375 0.5359375 0.0046875 0.0046875
1 0.2375 0.534375 0.0125 0.03125
0 0.2390625 0.5234375 0.00625 0.00625