1 0.1359375 0.425 0.1703125 0.4
0 0.13125 0.2671875 0.0453125 0.0578125
1 0.2046875 0.43125 0.071875 0.2671875
0 0.203125 0.33125 0.040625 0.05
1 0.25625 0.4375 0.1171875 0.384375
0 0.25625 0.278125 0.04375 0.0515625
1 0.3203125 0.4484375 0.109375 0.26875
0 0.315625 0.340625 0.0328125 0.0421875
1 0.3328125 0.4390625 0.075 0.2171875
0 0.3359375 0.3515625 0.025 0.0296875
1 0.371875 0.4078125 0.04375 0.1125
0 0.36875 0.3703125 0.01875 0.028125
1 0.3765625 0.45 0.0765625 0.2078125
0 0.3984375 0.3640625 0.021875 0.0296875
1 0.428125 0.4359375 0.0671875 0.178125
0 0.428125 0.359375 0.025 0.025
1 0.4609375 0.4296875 0.13125 0.440625
0 0.4640625 0.2515625 0.05 0.0671875
1 0.5234375 0.428125 0.2625 0.4875
0 0.540625 0.2265625 0.0609375 0.08125
1 0.6828125 0.465625 0.0515625 0.128125
0 0.6796875 0.415625 0.0171875 0.01875
1 0.7078125 0.4609375 0.1 0.2125
0 0.7109375 0.3765625 0.025 0.0296875
1 0.7625 0.459375 0.0515625 0.14375
0 0.7640625 0.40625 0.015625 0.01875
1 0.7890625 0.4765625 0.0765625 0.1546875
0 0.778125 0.415625 0.021875 0.0234375
1 0.803125 0.459375 0.0421875 0.1265625
0 0.803125 0.415625 0.015625 0.01875
1 0.8375 0.4578125 0.08125 0.24375
0 0.8328125 0.3578125 0.0296875 0.0328125
1 0.88125 0.471875 0.0375 0.0875
0 0.878125 0.4421875 0.015625 0.01875
1 0.8890625 0.453125 0.0265625 0.08125
0 0.8890625 0.428125 0.0109375 0.0125
1 0.896875 0.459375 0.028125 0.0734375
0 0.8984375 0.43125 0.009375 0.0109375
1 0.9265625 0.46875 0.0625 0.153125
0 0.93125 0.4078125 0.0203125 0.025
1 0.96875 0.46875 0.0546875 0.11875
0 0.9734375 0.421875 0.0140625 0.0171875