1 0.2703125 0.5296875 0.0375 0.109375
0 0.2703125 0.484375 0.0125 0.015625
1 0.296875 0.5296875 0.0390625 0.1078125
0 0.296875 0.4859375 0.0140625 0.015625
1 0.3078125 0.53125 0.0296875 0.0953125
0 0.309375 0.49375 0.0125 0.0140625
1 0.3328125 0.528125 0.0421875 0.1171875
0 0.334375 0.478125 0.0140625 0.0171875
1 0.4484375 0.5203125 0.0296875 0.09375
0 0.453125 0.4859375 0.0125 0.015625
1 0.4953125 0.5171875 0.0296875 0.0859375
0 0.49375 0.48125 0.009375 0.0140625
1 0.4484375 0.58125 0.1484375 0.1875
0 0.4078125 0.5078125 0.0359375 0.0359375
1 0.5765625 0.5734375 0.134375 0.1765625
0 0.546875 0.50625 0.0296875 0.0390625
1 0.6265625 0.5265625 0.0234375 0.05625
0 0.6296875 0.5046875 0.009375 0.009375
1 0.6453125 0.5265625 0.0234375 0.065625
0 0.646875 0.5 0.0078125 0.0109375
1 0.6546875 0.528125 0.01875 0.0578125
0 0.653125 0.50625 0.0078125 0.009375
1 0.6796875 0.5328125 0.03125 0.0890625
0 0.6796875 0.4953125 0.0109375 0.0109375
1 0.7234375 0.5359375 0.0359375 0.0828125
0 0.7265625 0.503125 0.009375 0.0125
1 0.74375 0.53125 0.028125 0.0765625
0 0.7421875 0.4984375 0.0078125 0.0078125
1 0.7609375 0.5609375 0.0453125 0.1265625
0 0.7625 0.5140625 0.01875 0.025
1 0.778125 0.546875 0.0515625 0.1546875
0 0.7828125 0.48125 0.021875 0.0234375
1 0.8359375 0.5390625 0.075 0.1578125
0 0.8359375 0.4765625 0.021875 0.025
1 0.871875 0.540625 0.0390625 0.1203125
0 0.875 0.4921875 0.0140625 0.01875