1 0.0421875 0.621875 0.0828125 0.190625
0 0.025 0.5484375 0.021875 0.0296875
1 0.05 0.6296875 0.0828125 0.1734375
0 0.0578125 0.559375 0.025 0.0234375
1 0.175 0.6359375 0.090625 0.1953125
0 0.165625 0.5578125 0.025 0.028125
1 0.225 0.6296875 0.059375 0.1828125
0 0.2234375 0.5609375 0.025 0.0265625
1 0.2109375 0.6703125 0.0890625 0.209375
0 0.2078125 0.5859375 0.0265625 0.0328125
1 0.28125 0.6609375 0.1046875 0.2296875
0 0.265625 0.565625 0.028125 0.0328125
1 0.25 0.625 0.0625 0.1875
0 0.25625 0.546875 0.025 0.0234375
1 0.30625 0.6359375 0.05 0.1703125
0 0.3046875 0.5625 0.0203125 0.0171875
1 0.325 0.6296875 0.0546875 0.1359375
0 0.31875 0.56875 0.0125 0.015625
1 0.375 0.6234375 0.075 0.184375
0 0.375 0.5453125 0.0203125 0.025
1 0.409375 0.6609375 0.1046875 0.2375
0 0.4 0.559375 0.025 0.03125
1 0.525 0.63125 0.0578125 0.18125
0 0.528125 0.553125 0.0171875 0.0171875
1 0.509375 0.6625 0.090625 0.2296875
0 0.5078125 0.5703125 0.028125 0.0375
1 0.6046875 0.6234375 0.0734375 0.190625
0 0.60625 0.5453125 0.0203125 0.0234375
1 0.6203125 0.634375 0.0578125 0.165625
0 0.625 0.5640625 0.0203125 0.021875
1 0.6703125 0.6203125 0.0515625 0.1359375
0 0.671875 0.565625 0.0140625 0.0171875
1 0.7015625 0.634375 0.0640625 0.1640625
0 0.7046875 0.5703125 0.0265625 0.034375
1 0.7125 0.6515625 0.078125 0.209375
0 0.7078125 0.5703125 0.028125 0.0375
1 0.7625 0.6609375 0.065625 0.203125
0 0.753125 0.58125 0.025 0.0328125
1 0.815625 0.659375 0.08125 0.2140625
0 0.8140625 0.571875 0.03125 0.0328125
1 0.8578125 0.653125 0.0625 0.2046875
0 0.859375 0.575 0.0265625 0.0296875
1 0.9421875 0.6234375 0.05 0.1515625
0 0.9515625 0.5609375 0.0171875 0.0203125
1 0.978125 0.6328125 0.0375 0.1828125
0 0.9890625 0.5578125 0.015625 0.025