1 0.0375 0.7359375 0.06875 0.2578125
0 0.0109375 0.6359375 0.0171875 0.0421875
1 0.075 0.640625 0.059375 0.0984375
0 0.0828125 0.609375 0.0140625 0.015625
1 0.103125 0.6375 0.0421875 0.08125
0 0.1046875 0.6078125 0.0140625 0.0125
1 0.1828125 0.646875 0.0265625 0.084375
0 0.1828125 0.6171875 0.0140625 0.015625
1 0.2921875 0.609375 0.0171875 0.0625
0 0.29375 0.5859375 0.009375 0.0125
1 0.2828125 0.6109375 0.01875 0.053125
0 0.2828125 0.5890625 0.00625 0.009375
1 0.475 0.61875 0.0375 0.0671875
0 0.475 0.596875 0.009375 0.0125
1 0.534375 0.640625 0.05 0.1
0 0.5328125 0.6015625 0.0171875 0.0203125
1 0.59375 0.634375 0.04375 0.0890625
0 0.596875 0.603125 0.0171875 0.01875
1 0.734375 0.5890625 0.021875 0.0421875
0 0.7296875 0.571875 0.0046875 0.0046875
1 0.803125 0.5859375 0.0171875 0.04375
0 0.8046875 0.5671875 0.00625 0.0046875
1 0.825 0.5875 0.0171875 0.04375
0 0.825 0.56875 0.00625 0.0046875
1 0.8921875 0.6 0.0265625 0.065625
0 0.8890625 0.5765625 0.009375 0.009375
1 0.984375 0.58125 0.0140625 0.0484375
0 0.984375 0.559375 0.00625 0.0046875
1 0.3 0.6 0.0171875 0.053125
0 0.3015625 0.5828125 0.00625 0.00625