1 0.075 0.5453125 0.1078125 0.4
0 0.0796875 0.3765625 0.04375 0.0515625
1 0.1 0.55625 0.1953125 0.4421875
0 0.1484375 0.3640625 0.0625 0.05625
1 0.215625 0.55 0.1 0.3328125
0 0.2140625 0.409375 0.046875 0.0484375
1 0.2578125 0.55625 0.13125 0.365625
0 0.2828125 0.4015625 0.0421875 0.0453125
1 0.3375 0.5640625 0.1359375 0.4265625
0 0.3453125 0.3828125 0.0546875 0.065625
1 0.4140625 0.515625 0.1125 0.278125
0 0.4046875 0.3984375 0.0234375 0.0375
1 0.5109375 0.56875 0.215625 0.415625
0 0.5234375 0.3984375 0.0484375 0.059375
1 0.6046875 0.55625 0.3 0.440625
0 0.625 0.3828125 0.059375 0.08125
1 0.6890625 0.5265625 0.0953125 0.278125
0 0.6921875 0.4140625 0.0421875 0.0421875
1 0.7453125 0.5125 0.05 0.1640625
0 0.7453125 0.44375 0.015625 0.01875
1 0.8078125 0.584375 0.171875 0.221875
0 0.78125 0.496875 0.0328125 0.0453125