1 0.06875 0.55625 0.065625 0.2078125
0 0.075 0.471875 0.028125 0.034375
1 0.1265625 0.5625 0.084375 0.2015625
0 0.1484375 0.478125 0.0328125 0.0265625
1 0.5 0.5703125 0.1921875 0.4140625
0 0.496875 0.40625 0.06875 0.078125
1 0.5421875 0.525 0.1125 0.275
0 0.5546875 0.4234375 0.0421875 0.0609375
1 0.6828125 0.5703125 0.1359375 0.3421875
0 0.6703125 0.43125 0.0359375 0.0515625
1 0.8859375 0.596875 0.1875 0.3625
0 0.88125 0.453125 0.059375 0.065625
1 0.0125 0.521875 0.0203125 0.121875
0 0.0109375 0.471875 0.015625 0.015625
1 0.1078125 0.5296875 0.046875 0.121875
0 0.103125 0.48125 0.01875 0.0203125
1 0.2375 0.5046875 0.03125 0.084375
0 0.2375 0.4734375 0.0109375 0.015625
1 0.021875 0.5 0.03125 0.084375
0 0.01875 0.4703125 0.009375 0.0140625