1 0.2484375 0.54375 0.184375 0.5484375
0 0.2375 0.315625 0.0640625 0.0859375
1 0.30625 0.5171875 0.1328125 0.4640625
0 0.303125 0.3265625 0.0484375 0.0671875
1 0.2 0.51875 0.134375 0.4578125
0 0.2078125 0.3296875 0.0421875 0.053125
1 0.1171875 0.4328125 0.090625 0.3921875
0 0.0890625 0.2703125 0.034375 0.0484375
1 0.4171875 0.4296875 0.1453125 0.4
0 0.4109375 0.2640625 0.0484375 0.05625
1 0.51875 0.3109375 0.059375 0.1390625
0 0.525 0.253125 0.0171875 0.01875
1 0.6734375 0.3484375 0.0734375 0.175
0 0.6859375 0.275 0.021875 0.025
1 0.7265625 0.346875 0.053125 0.1734375
0 0.725 0.278125 0.021875 0.028125
1 0.765625 0.3484375 0.075 0.1796875
0 0.759375 0.2734375 0.0203125 0.0234375
1 0.8015625 0.334375 0.06875 0.1859375
0 0.8046875 0.2578125 0.021875 0.028125
1 0.85625 0.34375 0.0484375 0.190625
0 0.8640625 0.2671875 0.0265625 0.0265625
1 0.8953125 0.36875 0.059375 0.215625
0 0.9125 0.278125 0.028125 0.0328125
1 0.1765625 0.4078125 0.1203125 0.365625
0 0.1734375 0.25625 0.0375 0.053125
1 0.8828125 0.3375 0.0421875 0.1671875
0 0.8859375 0.2671875 0.0171875 0.021875