1 0.059375 0.5046875 0.0421875 0.125
0 0.053125 0.4546875 0.0140625 0.0140625
1 0.065625 0.50625 0.0484375 0.159375
0 0.065625 0.4375 0.0203125 0.021875
1 0.1484375 0.5359375 0.0765625 0.1546875
0 0.15 0.4703125 0.01875 0.0203125
1 0.1375 0.4625 0.0203125 0.0609375
0 0.140625 0.4390625 0.0078125 0.009375
1 0.184375 0.471875 0.021875 0.065625
0 0.1765625 0.446875 0.0078125 0.0109375
1 0.2671875 0.4796875 0.021875 0.078125
0 0.2671875 0.4484375 0.009375 0.0125
1 0.2609375 0.478125 0.021875 0.065625
0 0.2640625 0.45 0.00625 0.0078125
1 0.290625 0.4828125 0.0234375 0.0671875
0 0.290625 0.453125 0.00625 0.0078125
1 0.2859375 0.46875 0.0203125 0.059375
0 0.2828125 0.4453125 0.0078125 0.0109375
1 0.296875 0.471875 0.021875 0.071875
0 0.290625 0.440625 0.0078125 0.0078125
1 0.334375 0.475 0.015625 0.059375
0 0.334375 0.45 0.00625 0.0078125
1 0.3484375 0.5015625 0.015625 0.05
0 0.3515625 0.4796875 0.0078125 0.0078125
1 0.3609375 0.4984375 0.0296875 0.06875
0 0.3625 0.4703125 0.0078125 0.0109375
1 0.40625 0.4984375 0.034375 0.06875
0 0.40625 0.4703125 0.009375 0.009375
1 0.440625 0.4859375 0.0171875 0.046875
0 0.440625 0.465625 0.0046875 0.00625
1 0.459375 0.4859375 0.021875 0.0546875
0 0.4578125 0.4625 0.0078125 0.0078125
1 0.4703125 0.4875 0.0203125 0.05
0 0.4703125 0.465625 0.0046875 0.00625
1 0.50625 0.4875 0.015625 0.046875
0 0.509375 0.4671875 0.0046875 0.0046875
1 0.5203125 0.4890625 0.015625 0.0390625
0 0.5203125 0.4734375 0.0046875 0.0046875
1 0.525 0.4875 0.0140625 0.0484375
0 0.5234375 0.4671875 0.0046875 0.00625
1 0.5328125 0.4890625 0.0140625 0.0421875
0 0.5328125 0.471875 0.00625 0.00625
1 0.540625 0.484375 0.0171875 0.0390625
0 0.540625 0.46875 0.0046875 0.0046875
1 0.6515625 0.5484375 0.0515625 0.1390625
0 0.6515625 0.4890625 0.015625 0.0171875
1 0.6984375 0.55625 0.0515625 0.1734375
0 0.7015625 0.4828125 0.01875 0.025
1 0.7140625 0.5671875 0.0484375 0.1765625
0 0.715625 0.4953125 0.0234375 0.025
1 0.4625 0.584375 0.0703125 0.1796875
0 0.4609375 0.5078125 0.01875 0.0234375
1 0.2640625 0.6296875 0.11875 0.3
0 0.26875 0.503125 0.040625 0.04375
1 0.4 0.659375 0.1890625 0.240625
0 0.3921875 0.590625 0.0625 0.084375
1 0.734375 0.6546875 0.1390625 0.2484375
0 0.7296875 0.553125 0.0390625 0.040625
1 0.8078125 0.6546875 0.1296875 0.25
0 0.8109375 0.5640625 0.0578125 0.0609375