1 0.7578125 0.359375 0.0515625 0.115625
0 0.7609375 0.3109375 0.0125 0.0140625
1 0.51875 0.2609375 0.0140625 0.0390625
0 0.51875 0.246875 0.0046875 0.0046875
1 0.5328125 0.365625 0.0328125 0.0984375
0 0.525 0.3296875 0.0125 0.015625
1 0.5515625 0.3828125 0.04375 0.11875
0 0.546875 0.3390625 0.0140625 0.0203125
1 0.446875 0.35 0.01875 0.0484375
0 0.446875 0.334375 0.0078125 0.0078125
1 0.428125 0.3546875 0.0203125 0.0609375
0 0.428125 0.3328125 0.009375 0.0109375
1 0.384375 0.4046875 0.040625 0.13125
0 0.384375 0.35625 0.0125 0.015625
1 0.4265625 0.4015625 0.040625 0.1296875
0 0.425 0.3546875 0.0203125 0.01875
1 0.35625 0.453125 0.0671875 0.2109375
0 0.3515625 0.3625 0.0234375 0.0265625
1 0.328125 0.4390625 0.0671875 0.2296875
0 0.3296875 0.34375 0.025 0.03125
1 0.2875 0.471875 0.075 0.2546875
0 0.2953125 0.365625 0.025 0.0265625
1 0.315625 0.471875 0.1203125 0.30625
0 0.3125 0.35 0.0359375 0.040625
1 0.48125 0.4234375 0.0796875 0.253125
0 0.4796875 0.321875 0.025 0.0328125
1 0.421875 0.5625 0.20625 0.428125
0 0.43125 0.390625 0.065625 0.065625
1 0.60625 0.5359375 0.196875 0.48125
0 0.590625 0.34375 0.05625 0.075