1 0.05 0.7140625 0.0171875 0.034375
0 0.053125 0.7015625 0.0046875 0.0046875
1 0.0625 0.7125 0.0125 0.0359375
0 0.065625 0.6984375 0.00625 0.00625
1 0.06875 0.7171875 0.021875 0.0390625
0 0.071875 0.703125 0.0046875 0.0046875
1 0.11875 0.7203125 0.0203125 0.05
0 0.121875 0.6984375 0.0046875 0.0046875
1 0.1140625 0.7140625 0.0171875 0.04375
0 0.115625 0.696875 0.00625 0.0046875
1 0.25625 0.734375 0.01875 0.053125
0 0.259375 0.7140625 0.00625 0.0078125
1 0.2796875 0.7390625 0.0234375 0.065625
0 0.2828125 0.7109375 0.0078125 0.0078125
1 0.30625 0.7421875 0.025 0.0609375
0 0.303125 0.7171875 0.009375 0.009375
1 0.371875 0.765625 0.0234375 0.0796875
0 0.365625 0.73125 0.0078125 0.009375
1 0.45 0.765625 0.0296875 0.0859375
0 0.4515625 0.73125 0.0109375 0.0140625
1 0.4734375 0.775 0.0359375 0.0875
0 0.4765625 0.7390625 0.0109375 0.0125
1 0.4875 0.7734375 0.025 0.0828125
0 0.490625 0.740625 0.009375 0.0109375
1 0.49375 0.76875 0.021875 0.0828125
0 0.49375 0.734375 0.009375 0.0109375
1 0.5171875 0.7765625 0.025 0.09375
0 0.521875 0.7375 0.0109375 0.0109375
1 0.525 0.7640625 0.0296875 0.0875
0 0.5234375 0.728125 0.009375 0.0109375
1 0.534375 0.7796875 0.034375 0.0921875
0 0.5328125 0.7421875 0.0109375 0.0125
1 0.534375 0.78125 0.0359375 0.0953125
0 0.5328125 0.7421875 0.0125 0.0140625
1 0.5703125 0.771875 0.0453125 0.096875
0 0.56875 0.7328125 0.0109375 0.0125
1 0.5828125 0.778125 0.0265625 0.0921875
0 0.5859375 0.740625 0.0109375 0.0125
1 0.6125 0.778125 0.03125 0.090625
0 0.609375 0.740625 0.009375 0.0140625
1 0.675 0.778125 0.0421875 0.1
0 0.684375 0.7390625 0.0171875 0.01875
1 0.6875 0.778125 0.040625 0.1
0 0.6796875 0.7375 0.0125 0.0140625
1 0.8171875 0.771875 0.046875 0.1015625
0 0.8171875 0.728125 0.0109375 0.0125
1 0.825 0.7875 0.059375 0.08125
0 0.8359375 0.7625 0.0140625 0.0171875
1 0.8890625 0.7796875 0.0625 0.096875
0 0.8921875 0.7453125 0.01875 0.021875
1 0.125 0.7640625 0.040625 0.09375
0 0.125 0.7265625 0.0109375 0.0140625
1 0.2140625 0.7671875 0.0515625 0.1
0 0.2296875 0.725 0.009375 0.0125
1 0.2140625 0.765625 0.04375 0.0875
0 0.221875 0.7296875 0.009375 0.009375