1 0.2171875 0.8546875 0.0609375 0.2859375
0 0.2140625 0.7328125 0.0359375 0.0359375
1 0.2390625 0.7578125 0.046875 0.1328125
0 0.2390625 0.7046875 0.015625 0.0203125
1 0.2625 0.8171875 0.0875 0.240625
0 0.2625 0.7203125 0.028125 0.0328125
1 0.34375 0.834375 0.0796875 0.2625
0 0.3484375 0.7234375 0.03125 0.034375
1 0.3828125 0.83125 0.1140625 0.2921875
0 0.384375 0.7109375 0.0296875 0.034375
1 0.434375 0.75 0.046875 0.1171875
0 0.434375 0.7015625 0.015625 0.0171875
1 0.471875 0.74375 0.0359375 0.09375
0 0.471875 0.709375 0.0125 0.0171875
1 0.5671875 0.771875 0.0546875 0.14375
0 0.5671875 0.709375 0.015625 0.0171875
1 0.60625 0.7484375 0.0328125 0.103125
0 0.6 0.703125 0.0125 0.0109375
1 0.63125 0.75 0.0359375 0.1109375
0 0.6296875 0.7015625 0.0125 0.0125
1 0.66875 0.7484375 0.046875 0.1140625
0 0.6640625 0.696875 0.0125 0.0109375
1 0.6515625 0.7453125 0.0390625 0.109375
0 0.646875 0.7015625 0.0109375 0.0125
1 0.525 0.8359375 0.18125 0.325
0 0.515625 0.7125 0.059375 0.06875
1 0.709375 0.85 0.1984375 0.29375
0 0.7359375 0.78125 0.0890625 0.1109375