1 0.009375 0.6578125 0.0140625 0.09375
0 0.0078125 0.6203125 0.0109375 0.0140625
1 0.0140625 0.646875 0.0234375 0.0515625
0 0.01875 0.6296875 0.0046875 0.0078125
1 0.0265625 0.646875 0.01875 0.046875
0 0.0296875 0.6265625 0.0046875 0.00625
1 0.0484375 0.6609375 0.040625 0.1
0 0.0578125 0.61875 0.0140625 0.0140625
1 0.0734375 0.653125 0.0265625 0.0734375
0 0.08125 0.625 0.009375 0.009375
1 0.0875 0.659375 0.0421875 0.0890625
0 0.0984375 0.625 0.0140625 0.0140625
1 0.1078125 0.6640625 0.0375 0.090625
0 0.1171875 0.625 0.0140625 0.0140625
1 0.121875 0.6625 0.0234375 0.084375
0 0.1296875 0.6296875 0.009375 0.009375
1 0.1484375 0.65 0.0140625 0.046875
0 0.1484375 0.63125 0.0046875 0.0046875
1 0.1609375 0.65 0.0140625 0.04375
0 0.1671875 0.634375 0.0046875 0.0046875
1 0.1984375 0.65 0.0140625 0.0375
0 0.196875 0.6359375 0.0046875 0.00625
1 0.2828125 0.6578125 0.0203125 0.05625
0 0.2828125 0.634375 0.00625 0.009375
1 0.2984375 0.6453125 0.0140625 0.0375
0 0.3 0.6328125 0.0046875 0.003125
1 0.3046875 0.659375 0.01875 0.0515625
0 0.309375 0.6390625 0.00625 0.0078125
1 0.328125 0.665625 0.0375 0.09375
0 0.3359375 0.625 0.0140625 0.0140625
1 0.3703125 0.6625 0.0234375 0.0734375
0 0.371875 0.63125 0.009375 0.009375
1 0.3828125 0.6578125 0.01875 0.0625
0 0.3859375 0.6328125 0.00625 0.009375
1 0.421875 0.6984375 0.0640625 0.1546875
0 0.43125 0.6359375 0.0234375 0.0234375
1 0.4734375 0.6546875 0.01875 0.0578125
0 0.475 0.634375 0.00625 0.009375
1 0.490625 0.6625 0.0234375 0.065625
0 0.4953125 0.6328125 0.0046875 0.0078125
1 0.49375 0.6609375 0.01875 0.0625
0 0.4953125 0.634375 0.00625 0.0078125
1 0.51875 0.6671875 0.0421875 0.10625
0 0.515625 0.625 0.0140625 0.0140625
1 0.5359375 0.675 0.03125 0.1078125
0 0.5328125 0.628125 0.0140625 0.0140625
1 0.5546875 0.665625 0.0375 0.1078125
0 0.5515625 0.621875 0.0140625 0.015625
1 0.56875 0.6625 0.03125 0.0984375
0 0.571875 0.6296875 0.0109375 0.009375
1 0.5703125 0.64375 0.028125 0.0453125
0 0.5703125 0.6296875 0.009375 0.009375
1 0.5984375 0.66875 0.0265625 0.0796875
0 0.6 0.6359375 0.009375 0.0109375
1 0.615625 0.66875 0.0234375 0.0859375
0 0.6125 0.6328125 0.009375 0.009375
1 0.6671875 0.66875 0.01875 0.053125
0 0.66875 0.6453125 0.009375 0.009375
1 0.6921875 0.6640625 0.0203125 0.0703125
0 0.6890625 0.6375 0.0046875 0.0078125
1 0.7109375 0.6625 0.01875 0.0453125
0 0.7109375 0.6453125 0.0046875 0.00625
1 0.725 0.6640625 0.015625 0.0578125
0 0.7265625 0.640625 0.009375 0.009375
1 0.7421875 0.66875 0.01875 0.05625
0 0.7453125 0.6453125 0.0046875 0.0078125
1 0.7609375 0.6671875 0.01875 0.0515625
0 0.759375 0.6453125 0.00625 0.0078125
1 0.79375 0.671875 0.0328125 0.0734375
0 0.790625 0.640625 0.009375 0.009375
1 0.653125 0.6625 0.0109375 0.04375
0 0.653125 0.6453125 0.0046875 0.0046875
1 0.665625 0.640625 0.0140625 0.0296875
0 0.665625 0.63125 0.00625 0.0078125
1 0.8625 0.6640625 0.0328125 0.065625
0 0.865625 0.6421875 0.009375 0.009375
1 0.88125 0.6640625 0.0375 0.0703125
0 0.8859375 0.6359375 0.009375 0.009375
1 0.9203125 0.678125 0.0453125 0.090625
0 0.9125 0.6390625 0.0140625 0.009375
1 0.9234375 0.675 0.046875 0.0921875
0 0.915625 0.6390625 0.015625 0.0140625