1 0.4921875 0.684375 0.2375 0.371875
0 0.5203125 0.8078125 0.1234375 0.1234375
1 0.3265625 0.63125 0.2375 0.478125
0 0.3125 0.4453125 0.084375 0.103125
1 0.503125 0.64375 0.2375 0.453125
0 0.5203125 0.4765625 0.065625 0.096875
1 0.715625 0.6390625 0.2578125 0.4625
0 0.7015625 0.4609375 0.0703125 0.075
1 0.95625 0.5875 0.078125 0.378125
0 0.9859375 0.4203125 0.0171875 0.0375
1 0.940625 0.5328125 0.1109375 0.365625
0 0.0015625 0.125 0 0
1 0.875 0.4734375 0.1375 0.3671875
0 0.90625 0.325 0.0453125 0.05625
1 0.7703125 0.453125 0.115625 0.3515625
0 0.790625 0.3109375 0.05 0.05625
1 0.0578125 0.6078125 0.1078125 0.528125
0 0.015625 0.3875 0.0234375 0.075
1 0.08515625 0.51796875 0.1703125 0.4640625
0 0.071875 0.33125 0.0515625 0.084375
1 0.1328125 0.4546875 0.1421875 0.434375
0 0.1265625 0.278125 0.0453125 0.0625
1 0.2703125 0.475 0.1546875 0.421875
0 0.2796875 0.315625 0.05 0.0671875