1 0.0453125 0.6828125 0.065625 0.1625
0 0.046875 0.61875 0.0203125 0.025
1 0.0734375 0.678125 0.0703125 0.1578125
0 0.05625 0.6171875 0.01875 0.025
1 0.178125 0.678125 0.08125 0.19375
0 0.1765625 0.5953125 0.0234375 0.025
1 0.234375 0.684375 0.065625 0.178125
0 0.2390625 0.6125 0.021875 0.025
1 0.328125 0.6734375 0.0578125 0.1640625
0 0.325 0.6078125 0.01875 0.0234375
1 0.3578125 0.6828125 0.0859375 0.1875
0 0.359375 0.609375 0.0265625 0.028125
1 0.4359375 0.6765625 0.06875 0.2
0 0.4375 0.5921875 0.0234375 0.0234375
1 0.4875 0.6453125 0.059375 0.1359375
0 0.4859375 0.59375 0.0140625 0.01875
1 0.559375 0.6796875 0.0765625 0.19375
0 0.5640625 0.603125 0.03125 0.0296875
1 0.6125 0.6609375 0.0625 0.1578125
0 0.615625 0.596875 0.0140625 0.01875
1 0.84375 0.6671875 0.0625 0.15
0 0.846875 0.6078125 0.015625 0.0234375
1 0.9265625 0.6640625 0.1 0.225
0 0.925 0.5765625 0.0359375 0.034375