1 0.903125 0.5984375 0.0734375 0.16875
0 0.8953125 0.5296875 0.021875 0.0265625
1 0.85625 0.590625 0.0734375 0.175
0 0.859375 0.525 0.0234375 0.0265625
1 0.659375 0.6015625 0.0671875 0.1859375
0 0.6515625 0.5203125 0.0203125 0.0171875
1 0.6375 0.5984375 0.0546875 0.15625
0 0.6421875 0.53125 0.015625 0.0203125
1 0.15625 0.5921875 0.1578125 0.3890625
0 0.1734375 0.4265625 0.04375 0.0484375
1 0.040625 0.6328125 0.0578125 0.1296875
0 0.05 0.58125 0.015625 0.0203125
1 0.0109375 0.621875 0.0203125 0.1171875
0 0.003125 0.5703125 0.0046875 0.0125