1 0.278125 0.5359375 0.0375 0.1171875
0 0.284375 0.49375 0.0203125 0.01875
1 0.359375 0.5359375 0.0359375 0.109375
0 0.3625 0.49375 0.0140625 0.0203125
1 0.3890625 0.5359375 0.0328125 0.1015625
0 0.3875 0.4953125 0.0109375 0.0125
1 0.484375 0.534375 0.040625 0.109375
0 0.48125 0.484375 0.0125 0.0140625
1 0.4984375 0.5328125 0.034375 0.0921875
0 0.496875 0.49375 0.0125 0.0109375
1 0.5078125 0.525 0.0296875 0.0828125
0 0.5078125 0.49375 0.0125 0.0140625
1 0.6390625 0.5328125 0.0421875 0.1
0 0.6375 0.4921875 0.0109375 0.0140625
1 0.85625 0.628125 0.0859375 0.2609375
0 0.840625 0.5171875 0.0375 0.0359375
1 0.8 0.6265625 0.11875 0.3046875
0 0.790625 0.4921875 0.0390625 0.0328125
1 0.7078125 0.640625 0.1140625 0.33125
0 0.7078125 0.5 0.0375 0.0484375
1 0.65625 0.6234375 0.075 0.2625
0 0.6546875 0.5109375 0.0296875 0.034375
1 0.5765625 0.5984375 0.0734375 0.2859375
0 0.5765625 0.4765625 0.0359375 0.0375
1 0.5296875 0.6078125 0.065625 0.24375
0 0.534375 0.50625 0.025 0.03125
1 0.4515625 0.5921875 0.075 0.24375
0 0.459375 0.4921875 0.0328125 0.0375
1 0.421875 0.6234375 0.1109375 0.2953125
0 0.4203125 0.503125 0.0390625 0.0453125
1 0.31875 0.615625 0.0859375 0.2765625
0 0.3203125 0.4984375 0.040625 0.0421875
1 0.2109375 0.61875 0.11875 0.346875
0 0.215625 0.465625 0.0421875 0.0375