1 0.0703125 0.5828125 0.065625 0.1328125
0 0.0765625 0.525 0.015625 0.015625
1 0.134375 0.5890625 0.0703125 0.134375
0 0.15 0.5328125 0.0171875 0.01875
1 0.2 0.5765625 0.0296875 0.0875
0 0.2 0.5390625 0.0125 0.0109375
1 0.265625 0.55625 0.0140625 0.040625
0 0.2671875 0.540625 0.0046875 0.0046875
1 0.278125 0.559375 0.015625 0.0375
0 0.278125 0.5453125 0.0046875 0.0046875
1 0.3015625 0.553125 0.0125 0.034375
0 0.3 0.5421875 0.003125 0.0046875
1 0.303125 0.5578125 0.0140625 0.0359375
0 0.3046875 0.5421875 0.0046875 0.0046875
1 0.321875 0.553125 0.0078125 0.021875
0 0.3234375 0.54375 0.003125 0.003125
1 0.328125 0.553125 0.0125 0.0265625
0 0.33125 0.54375 0.003125 0.003125
1 0.340625 0.553125 0.009375 0.0265625
0 0.340625 0.54375 0.003125 0.003125