1 0.028125 0.5984375 0.0515625 0.409375
0 0.0171875 0.434375 0.03125 0.075
1 0.0703125 0.6125 0.1390625 0.4328125
0 0.0671875 0.440625 0.0625 0.075
1 0.1328125 0.61875 0.14375 0.41875
0 0.1171875 0.4546875 0.059375 0.075
1 0.2140625 0.6109375 0.121875 0.3984375
0 0.2109375 0.4484375 0.05 0.0609375
1 0.3140625 0.615625 0.365625 0.425
0 0.4015625 0.340625 0.1 0.1125
1 0.48125 0.60625 0.2765625 0.4453125
0 0.503125 0.3515625 0.128125 0.1265625
1 0.5015625 0.640625 0.353125 0.3765625
0 0.546875 0.4125 0.109375 0.1328125
1 0.6953125 0.553125 0.140625 0.325
0 0.70625 0.4234375 0.04375 0.04375
1 0.778125 0.584375 0.175 0.4890625
0 0.7765625 0.3984375 0.0671875 0.090625
1 0.890625 0.553125 0.2125 0.5515625
0 0.9 0.3375 0.075 0.096875
1 0.85 0.575 0.159375 0.3984375
0 0.846875 0.4109375 0.05 0.053125
1 0.9109375 0.5875 0.171875 0.4828125
0 0.8984375 0.3953125 0.0515625 0.0578125