1 0.05625 0.5390625 0.109375 0.475
0 0.0234375 0.303125 0.04375 0.0796875
1 0.26875 0.6046875 0.1484375 0.34375
0 0.2828125 0.45 0.0375 0.0390625
1 0.1515625 0.5921875 0.165625 0.36875
0 0.2015625 0.43125 0.040625 0.0390625
1 0.453125 0.55625 0.1734375 0.4421875
0 0.4546875 0.375 0.059375 0.065625
1 0.5609375 0.5765625 0.09375 0.2890625
0 0.565625 0.4515625 0.028125 0.0375
1 0.671875 0.5875 0.175 0.3484375
0 0.66875 0.4375 0.0375 0.0421875
1 0.74375 0.5734375 0.09375 0.278125
0 0.74375 0.4546875 0.0375 0.03125
1 0.8328125 0.56875 0.13125 0.365625
0 0.8125 0.4078125 0.0375 0.0421875
1 0.9234375 0.559375 0.1046875 0.196875
0 0.9140625 0.4796875 0.028125 0.028125
1 0.9453125 0.5515625 0.06875 0.1828125
0 0.9390625 0.48125 0.0234375 0.025
1 0.975 0.540625 0.04375 0.1640625
0 0.9796875 0.4765625 0.028125 0.0234375
1 0.5078125 0.559375 0.05625 0.1421875
0 0.509375 0.50625 0.01875 0.0234375
1 0.396875 0.5875 0.065625 0.1921875
0 0.3859375 0.5140625 0.0234375 0.0375
1 0.3515625 0.5734375 0.0453125 0.1421875
0 0.346875 0.5203125 0.015625 0.01875