1 0.03125 0.553125 0.059375 0.2
0 0.00625 0.475 0.009375 0.03125
1 0.02734375 0.5453125 0.0546875 0.165625
0 0.0203125 0.48125 0.01875 0.0234375
1 0.0890625 0.54375 0.0671875 0.09375
0 0.0671875 0.509375 0.0140625 0.015625
1 0.090625 0.55 0.059375 0.1578125
0 0.0890625 0.4859375 0.01875 0.021875
1 0.1640625 0.54375 0.0671875 0.15
0 0.1578125 0.4875 0.0234375 0.0234375
1 0.190625 0.540625 0.0890625 0.1828125
0 0.1671875 0.4671875 0.0203125 0.0296875
1 0.1921875 0.5234375 0.053125 0.146875
0 0.184375 0.4640625 0.0203125 0.021875
1 0.2515625 0.528125 0.06875 0.165625
0 0.2328125 0.4578125 0.01875 0.0234375
1 0.2828125 0.5125 0.053125 0.14375
0 0.26875 0.4546875 0.0140625 0.021875
1 0.4328125 0.5078125 0.0609375 0.115625
0 0.4328125 0.465625 0.01875 0.0203125
1 0.4828125 0.4984375 0.040625 0.1125
0 0.4828125 0.45625 0.0140625 0.015625
1 0.5046875 0.5328125 0.0890625 0.2046875
0 0.5046875 0.4546875 0.0234375 0.03125
1 0.5421875 0.503125 0.0375 0.1078125
0 0.540625 0.4640625 0.0140625 0.0140625
1 0.578125 0.4953125 0.0375 0.084375
0 0.58125 0.4625 0.009375 0.009375
1 0.603125 0.496875 0.0421875 0.1015625
0 0.6078125 0.459375 0.009375 0.0140625
1 0.6578125 0.5015625 0.0421875 0.1078125
0 0.6609375 0.4578125 0.0140625 0.015625
1 0.6484375 0.4890625 0.028125 0.0734375
0 0.653125 0.4625 0.009375 0.009375
1 0.7046875 0.51875 0.0640625 0.1796875
0 0.70625 0.45 0.01875 0.0234375
1 0.7375 0.5375 0.0890625 0.2015625
0 0.7421875 0.4640625 0.0265625 0.0296875
1 0.8109375 0.503125 0.0421875 0.1125
0 0.809375 0.45625 0.0109375 0.0140625
1 0.840625 0.50625 0.0453125 0.121875
0 0.84375 0.45625 0.0140625 0.015625
1 0.8625 0.490625 0.0328125 0.08125
0 0.8625 0.45625 0.009375 0.009375
1 0.903125 0.48125 0.0234375 0.09375
0 0.903125 0.44375 0.0109375 0.0140625
1 0.89375 0.4828125 0.0328125 0.078125
0 0.8984375 0.4515625 0.009375 0.0140625
1 0.8859375 0.478125 0.0203125 0.05625
0 0.8859375 0.453125 0.0046875 0.00625
1 0.7953125 0.4859375 0.01875 0.065625
0 0.796875 0.45625 0.0046875 0.0046875
1 0.68125 0.465625 0.01875 0.0578125
0 0.6828125 0.440625 0.0046875 0.0078125