1 0.025 0.7125 0.046875 0.1921875
0 0.0203125 0.63125 0.0171875 0.025
1 0.034375 0.6953125 0.0640625 0.1984375
0 0.0421875 0.6140625 0.025 0.0328125
1 0.0625 0.6828125 0.090625 0.275
0 0.096875 0.5625 0.0375 0.034375
1 0.1203125 0.69375 0.128125 0.221875
0 0.1390625 0.596875 0.0328125 0.025
1 0.1484375 0.6890625 0.1296875 0.228125
0 0.1703125 0.590625 0.03125 0.0296875
1 0.2421875 0.6796875 0.0421875 0.1203125
0 0.246875 0.63125 0.0125 0.0140625
1 0.2578125 0.6859375 0.0640625 0.1140625
0 0.265625 0.6375 0.015625 0.0140625
1 0.3765625 0.6671875 0.121875 0.3796875
0 0.39375 0.5046875 0.05 0.0453125
1 0.4046875 0.6828125 0.071875 0.21875
0 0.415625 0.5890625 0.025 0.028125
1 0.475 0.678125 0.0671875 0.109375
0 0.4703125 0.63125 0.0171875 0.01875
1 0.509375 0.6796875 0.090625 0.1625
0 0.5109375 0.6109375 0.021875 0.021875
1 0.5515625 0.68125 0.09375 0.1890625
0 0.546875 0.6015625 0.025 0.028125
1 0.584375 0.6578125 0.009375 0.0375
0 0.584375 0.64375 0.003125 0.003125
1 0.665625 0.665625 0.05 0.096875
0 0.6578125 0.625 0.009375 0.0109375
1 0.7234375 0.665625 0.0265625 0.0703125
0 0.7203125 0.6359375 0.0078125 0.0078125
1 0.775 0.6671875 0.0703125 0.1515625
0 0.7625 0.6046875 0.0171875 0.021875
1 0.7953125 0.66875 0.05625 0.16875
0 0.7953125 0.596875 0.025 0.0234375
1 0.8125 0.665625 0.05 0.16875
0 0.80625 0.5921875 0.0171875 0.01875
1 0.9328125 0.65625 0.125 0.2453125
0 0.9375 0.55625 0.0296875 0.0328125
1 0.9390625 0.6671875 0.1171875 0.259375
0 0.9453125 0.55625 0.0328125 0.0328125
1 0.1140625 0.675 0.0609375 0.125
0 0.1125 0.6375 0.015625 0.0140625
1 0.4890625 0.6609375 0.015625 0.0453125
0 0.4890625 0.6421875 0.0046875 0.0046875
1 0.6953125 0.6453125 0.0140625 0.0390625
0 0.6953125 0.625 0.0046875 0.003125