1 0.175 0.609375 0.1921875 0.6109375
0 0.1765625 0.346875 0.0625 0.078125
1 0.2640625 0.5640625 0.196875 0.5984375
0 0.28125 0.309375 0.0640625 0.0859375
1 0.3359375 0.61875 0.153125 0.565625
0 0.3546875 0.38125 0.0609375 0.0859375
1 0.4171875 0.60625 0.1328125 0.546875
0 0.421875 0.3734375 0.0640625 0.0796875
1 0.48125 0.6375 0.1859375 0.55625
0 0.5046875 0.3984375 0.0625 0.071875
1 0.5109375 0.5859375 0.1984375 0.5953125
0 0.5375 0.34375 0.059375 0.0828125
1 0.6015625 0.653125 0.203125 0.54375
0 0.5953125 0.425 0.0625 0.078125
1 0.6953125 0.603125 0.215625 0.5859375
0 0.665625 0.3625 0.0640625 0.078125
1 0.809375 0.6203125 0.2 0.621875
0 0.79375 0.35 0.0640625 0.078125