1 0.2015625 0.584375 0.215625 0.384375
0 0.2328125 0.4515625 0.059375 0.090625
1 0.1171875 0.5796875 0.1640625 0.3953125
0 0.1 0.41875 0.0546875 0.0609375
1 0.3375 0.58125 0.259375 0.390625
0 0.4046875 0.44375 0.078125 0.1078125
1 0.4421875 0.5859375 0.178125 0.38125
0 0.4390625 0.446875 0.0609375 0.090625
1 0.4875 0.5796875 0.14375 0.3953125
0 0.4875 0.4234375 0.0421875 0.065625
1 0.5453125 0.5625 0.103125 0.325
0 0.5421875 0.425 0.0375 0.0375
1 0.6125 0.5984375 0.28125 0.3578125
0 0.6265625 0.46875 0.0671875 0.065625
1 0.9046875 0.5921875 0.1828125 0.36875
0 0.9640625 0.45625 0.065625 0.09375
1 0.7078125 0.5765625 0.1453125 0.4015625
0 0.690625 0.41875 0.06875 0.075
1 0.55 0.428125 0.05 0.1328125
0 0.553125 0.375 0.0140625 0.0171875
1 0.59375 0.4640625 0.05625 0.15625
0 0.603125 0.403125 0.0234375 0.0296875