1 0.9078125 0.64375 0.16875 0.425
0 0.9046875 0.4734375 0.0484375 0.05
1 0.765625 0.665625 0.3546875 0.4109375
0 0.74375 0.515625 0.1 0.109375
1 0.8046875 0.5765625 0.0671875 0.259375
0 0.7953125 0.46875 0.034375 0.0375
1 0.8359375 0.5734375 0.0671875 0.234375
0 0.825 0.475 0.025 0.028125
1 0.7671875 0.559375 0.071875 0.253125
0 0.7671875 0.4515625 0.0296875 0.034375
1 0.6828125 0.6109375 0.128125 0.3953125
0 0.696875 0.45 0.053125 0.0546875
1 0.590625 0.5421875 0.1046875 0.21875
0 0.5953125 0.45625 0.0265625 0.03125
1 0.465625 0.61875 0.1828125 0.4125
0 0.4953125 0.4453125 0.046875 0.0515625
1 0.371875 0.5609375 0.0625 0.234375
0 0.3703125 0.465625 0.0328125 0.03125
1 0.4046875 0.5296875 0.053125 0.18125
0 0.4171875 0.4578125 0.025 0.03125
1 0.35625 0.5375 0.05625 0.2109375
0 0.3640625 0.45 0.025 0.03125
1 0.121875 0.61875 0.2390625 0.5046875
0 0.084375 0.4140625 0.0640625 0.078125
1 0.1421875 0.6171875 0.109375 0.3515625
0 0.14375 0.471875 0.0453125 0.0546875
1 0.1875 0.55 0.10625 0.2421875
0 0.1859375 0.453125 0.034375 0.03125