1 0.1265625 0.659375 0.13125 0.39375
0 0.125 0.5015625 0.046875 0.0640625
1 0.221875 0.665625 0.1328125 0.340625
0 0.21875 0.5296875 0.05 0.059375
1 0.2859375 0.5484375 0.0546875 0.1265625
0 0.284375 0.4953125 0.0125 0.01875
1 0.396875 0.5078125 0.0109375 0.0296875
0 0.396875 0.4953125 0.003125 0.003125
1 0.4015625 0.5078125 0.009375 0.028125
0 0.4015625 0.4984375 0.003125 0.0046875
1 0.4234375 0.5046875 0.00625 0.0234375
0 0.425 0.496875 0.003125 0.003125
1 0.0828125 0.5140625 0.009375 0.01875
0 0.0828125 0.5078125 0.0015625 0.0015625
1 0.9828125 0.4953125 0.0234375 0.053125
0 0.9828125 0.4734375 0.00625 0.0078125
1 0.4328125 0.50625 0.0078125 0.021875
0 0.4328125 0.4984375 0.0015625 0.0015625
1 0.4359375 0.50625 0.00625 0.021875
0 0.4359375 0.496875 0.0015625 0.003125