1 0.834375 0.55625 0.1125 0.28125
0 0.840625 0.4421875 0.0390625 0.040625
1 0.6578125 0.6359375 0.1859375 0.5390625
0 0.659375 0.4140625 0.075 0.090625
1 0.73125 0.575 0.134375 0.384375
0 0.7296875 0.4140625 0.0421875 0.0578125
1 0.7484375 0.5484375 0.1140625 0.303125
0 0.7671875 0.428125 0.040625 0.046875
1 0.578125 0.5984375 0.1296875 0.278125
0 0.6078125 0.490625 0.0421875 0.0453125
1 0.5640625 0.509375 0.1203125 0.2609375
0 0.5703125 0.403125 0.028125 0.0390625
1 0.4421875 0.603125 0.14375 0.4140625
0 0.45625 0.428125 0.053125 0.059375
1 0.509375 0.4859375 0.05625 0.20625
0 0.5078125 0.4 0.025 0.028125
1 0.396875 0.4890625 0.0453125 0.1578125
0 0.3953125 0.421875 0.015625 0.021875
1 0.4359375 0.4859375 0.059375 0.1703125
0 0.44375 0.4171875 0.028125 0.028125
1 0.3203125 0.5875 0.1328125 0.3765625
0 0.3328125 0.4359375 0.046875 0.065625
1 0.3125 0.5328125 0.0953125 0.2859375
0 0.31875 0.415625 0.0359375 0.0421875
1 0.2875 0.509375 0.0796875 0.228125
0 0.29375 0.4171875 0.0296875 0.034375
1 0.24375 0.4609375 0.0515625 0.16875
0 0.246875 0.3890625 0.0171875 0.0265625
1 0.2140625 0.4859375 0.0390625 0.1546875
0 0.215625 0.425 0.0171875 0.025
1 0.19375 0.4796875 0.04375 0.1546875
0 0.19375 0.4171875 0.01875 0.0265625
1 0.1671875 0.5546875 0.1109375 0.284375
0 0.16875 0.4390625 0.0359375 0.046875
1 0.0640625 0.4671875 0.0375 0.140625
0 0.06875 0.409375 0.0125 0.0171875