1 0.7796875 0.6140625 0.175 0.5140625
0 0.778125 0.4109375 0.075 0.0890625
1 0.80625 0.6390625 0.215625 0.4640625
0 0.778125 0.4625 0.0796875 0.0796875
1 0.659375 0.640625 0.16875 0.4609375
0 0.6484375 0.4609375 0.0578125 0.06875
1 0.5296875 0.6359375 0.21875 0.4703125
0 0.534375 0.4546875 0.06875 0.084375
1 0.4796875 0.6421875 0.1484375 0.4578125
0 0.484375 0.4515625 0.046875 0.0578125
1 0.2890625 0.6484375 0.20625 0.446875
0 0.2984375 0.478125 0.084375 0.084375
1 0.3 0.6109375 0.1515625 0.5203125
0 0.3046875 0.4 0.071875 0.08125