1 0.6765625 0.840625 0.1265625 0.3125
0 0.678125 0.709375 0.0375 0.040625
1 0.584375 0.8078125 0.08125 0.2375
0 0.5828125 0.7078125 0.028125 0.0296875
1 0.5109375 0.8484375 0.1265625 0.2984375
0 0.5328125 0.7296875 0.0375 0.0578125
1 0.4703125 0.803125 0.0703125 0.215625
0 0.4765625 0.715625 0.01875 0.025
1 0.3109375 0.859375 0.2546875 0.275
0 0.325 0.7640625 0.053125 0.0609375
1 0.7640625 0.8375 0.115625 0.3109375
0 0.7640625 0.7109375 0.034375 0.03125
1 0.7484375 0.7875 0.08125 0.2390625
0 0.7546875 0.69375 0.034375 0.040625
1 0.7 0.7640625 0.0515625 0.1828125
0 0.7015625 0.6953125 0.021875 0.0296875
1 0.715625 0.7390625 0.0421875 0.140625
0 0.715625 0.684375 0.015625 0.0234375
1 0.6734375 0.7015625 0.0234375 0.059375
0 0.671875 0.6796875 0.0078125 0.009375
1 0.6375 0.7328125 0.0375 0.1125
0 0.640625 0.6875 0.015625 0.0171875
1 0.6234375 0.7109375 0.01875 0.0625
0 0.625 0.684375 0.0109375 0.0109375
1 0.6 0.7421875 0.0546875 0.1625
0 0.603125 0.678125 0.0234375 0.03125
1 0.58125 0.6890625 0.015625 0.03125
0 0.5828125 0.6796875 0.0046875 0.0078125
1 0.575 0.6875 0.015625 0.0375
0 0.575 0.675 0.0046875 0.00625
1 0.5703125 0.678125 0.015625 0.0328125
0 0.571875 0.6671875 0.0046875 0.0046875
1 0.5890625 0.675 0.01875 0.0546875
0 0.5875 0.6546875 0.00625 0.00625
1 0.596875 0.66875 0.01875 0.0453125
0 0.596875 0.65 0.003125 0.0046875
1 0.553125 0.6796875 0.01875 0.0453125
0 0.5546875 0.6609375 0.0046875 0.0046875
1 0.528125 0.6890625 0.0171875 0.040625
0 0.528125 0.675 0.0046875 0.00625
1 0.4890625 0.6953125 0.0171875 0.0484375
0 0.490625 0.6765625 0.0046875 0.00625
1 0.475 0.6875 0.015625 0.0390625
0 0.4796875 0.6703125 0.0046875 0.0046875
1 0.478125 0.6703125 0.015625 0.0421875
0 0.48125 0.6546875 0.0046875 0.0046875
1 0.4375 0.7109375 0.034375 0.09375
0 0.434375 0.671875 0.0109375 0.0125
1 0.3625 0.7265625 0.0359375 0.090625
0 0.3625 0.6875 0.0109375 0.009375
1 0.334375 0.725 0.0296875 0.0953125
0 0.3375 0.6859375 0.0109375 0.009375
1 0.3765625 0.7203125 0.0234375 0.0640625
0 0.3734375 0.6921875 0.0078125 0.0078125
1 0.3875 0.715625 0.025 0.0625
0 0.38125 0.6921875 0.0078125 0.0078125
1 0.4109375 0.690625 0.025 0.0578125
0 0.40625 0.665625 0.0078125 0.009375
1 0.434375 0.690625 0.0234375 0.0625
0 0.4328125 0.6671875 0.0078125 0.009375
1 0.35 0.68125 0.0171875 0.0375
0 0.3484375 0.6671875 0.0046875 0.00625
1 0.30625 0.7234375 0.0296875 0.075
0 0.30625 0.6921875 0.0109375 0.009375
1 0.2890625 0.7171875 0.021875 0.071875
0 0.2921875 0.6875 0.0078125 0.0078125
1 0.278125 0.7140625 0.021875 0.0734375
0 0.278125 0.684375 0.0078125 0.0078125
1 0.2625 0.7140625 0.0265625 0.0828125
0 0.2640625 0.6796875 0.009375 0.009375
1 0.2703125 0.7078125 0.021875 0.071875
0 0.2703125 0.6796875 0.0078125 0.009375
1 0.3046875 0.69375 0.015625 0.0453125
0 0.3046875 0.6765625 0.0046875 0.0046875
1 0.3109375 0.6921875 0.0125 0.0390625
0 0.3109375 0.678125 0.0046875 0.0046875
1 0.2375 0.715625 0.0234375 0.0703125
0 0.2375 0.684375 0.0078125 0.0078125
1 0.221875 0.7109375 0.0265625 0.0796875
0 0.221875 0.678125 0.0078125 0.009375