1 0.9625 0.65 0.0640625 0.4390625
0 0.984375 0.4640625 0.0203125 0.05
1 0.6390625 0.6828125 0.28125 0.371875
0 0.6953125 0.534375 0.1375 0.146875
1 0.840625 0.671875 0.2484375 0.3953125
0 0.8515625 0.5203125 0.128125 0.1125
1 0.859375 0.6203125 0.2171875 0.496875
0 0.8140625 0.4015625 0.10625 0.1125
1 0.759375 0.6421875 0.1640625 0.453125
0 0.778125 0.465625 0.0953125 0.0921875
1 0.8859375 0.6171875 0.1375 0.475
0 0.878125 0.4140625 0.05 0.059375
1 0.48125 0.5828125 0.159375 0.409375
0 0.475 0.4125 0.05625 0.0640625
1 0.3515625 0.6640625 0.259375 0.4125
0 0.3359375 0.4890625 0.1078125 0.1359375
1 0.1109375 0.6828125 0.215625 0.371875
0 0.0296875 0.665625 0.053125 0.1515625
1 0.0421875 0.646875 0.0796875 0.4453125
0 0.01875 0.475 0.03125 0.0921875
1 0.14375 0.58125 0.16875 0.3796875
0 0.0953125 0.4265625 0.059375 0.0578125