1 0.0296875 0.5625 0.053125 0.278125
0 0.009375 0.4453125 0.0140625 0.040625
1 0.03125 0.425 0.0625 0.1265625
0 0.0234375 0.371875 0.021875 0.01875
1 0.084375 0.41875 0.109375 0.10625
0 0.0421875 0.378125 0.0234375 0.021875
1 0.1296875 0.3796875 0.0453125 0.1234375
0 0.1265625 0.328125 0.015625 0.015625
1 0.190625 0.3609375 0.0328125 0.109375
0 0.1875 0.3140625 0.0140625 0.015625
1 0.1640625 0.6234375 0.1078125 0.39375
0 0.171875 0.4640625 0.0390625 0.040625
1 0.2171875 0.4765625 0.06875 0.209375
0 0.2171875 0.390625 0.025 0.0296875
1 0.24375 0.446875 0.0890625 0.209375
0 0.2328125 0.35625 0.0234375 0.0234375
1 0.259375 0.3484375 0.0390625 0.0953125
0 0.2578125 0.3125 0.0171875 0.015625
1 0.2984375 0.409375 0.0453125 0.140625
0 0.3 0.35 0.0171875 0.01875
1 0.3640625 0.49375 0.1328125 0.253125
0 0.3796875 0.390625 0.028125 0.040625
1 0.4140625 0.5 0.103125 0.2484375
0 0.4328125 0.39375 0.0296875 0.0296875
1 0.484375 0.5875 0.15 0.3921875
0 0.49375 0.4265625 0.0421875 0.0359375
1 0.659375 0.6515625 0.1828125 0.3546875
0 0.65 0.50625 0.053125 0.0703125
1 0.8578125 0.6390625 0.1640625 0.3796875
0 0.8453125 0.4921875 0.0546875 0.0671875
1 0.7671875 0.5375 0.1125 0.296875
0 0.7625 0.4109375 0.0328125 0.0359375
1 0.46875 0.38125 0.0578125 0.1484375
0 0.4703125 0.315625 0.01875 0.01875
1 0.5015625 0.3546875 0.0390625 0.1140625
0 0.5078125 0.30625 0.0140625 0.015625
1 0.5328125 0.35 0.053125 0.115625
0 0.5375 0.3015625 0.0140625 0.015625
1 0.5421875 0.3328125 0.05 0.11875
0 0.534375 0.28125 0.0140625 0.015625
1 0.6046875 0.365625 0.05 0.13125
0 0.6046875 0.309375 0.015625 0.015625
1 0.696875 0.359375 0.0640625 0.14375
0 0.7015625 0.3 0.021875 0.01875
1 0.5921875 0.340625 0.0390625 0.1
0 0.6 0.3015625 0.0140625 0.015625
1 0.5546875 0.30625 0.0328125 0.0953125
0 0.5625 0.265625 0.0125 0.0125
1 0.5796875 0.3109375 0.0375 0.0953125
0 0.575 0.2734375 0.0140625 0.015625
1 0.4984375 0.2421875 0.0234375 0.0609375
0 0.4984375 0.21875 0.009375 0.009375
1 0.5234375 0.246875 0.0234375 0.0609375
0 0.5234375 0.221875 0.0078125 0.00625
1 0.5640625 0.24375 0.028125 0.053125
0 0.565625 0.2265625 0.003125 0.0046875
1 0.6046875 0.271875 0.0328125 0.0828125
0 0.6078125 0.2390625 0.0125 0.0125
1 0.634375 0.3 0.0296875 0.084375
0 0.6328125 0.265625 0.0078125 0.009375
1 0.6578125 0.3109375 0.034375 0.0984375
0 0.65 0.2703125 0.0125 0.009375
1 0.6828125 0.3203125 0.0375 0.0953125
0 0.68125 0.2796875 0.0140625 0.0125
1 0.709375 0.30625 0.034375 0.0890625
0 0.7078125 0.2703125 0.0140625 0.015625
1 0.6921875 0.278125 0.025 0.0703125
0 0.6921875 0.2515625 0.009375 0.009375
1 0.66875 0.2390625 0.0234375 0.0609375
0 0.665625 0.2125 0.0046875 0.0046875
1 0.64375 0.2296875 0.015625 0.05
0 0.64375 0.209375 0.003125 0.0046875
1 0.709375 0.2609375 0.0296875 0.0703125
0 0.7078125 0.2328125 0.009375 0.009375
1 0.6953125 0.2390625 0.025 0.0578125
0 0.696875 0.2171875 0.009375 0.009375
1 0.7796875 0.40625 0.0875 0.21875
0 0.7640625 0.3140625 0.0296875 0.0296875
1 0.7828125 0.3375 0.053125 0.121875
0 0.7828125 0.2875 0.01875 0.015625
1 0.8328125 0.3453125 0.0625 0.1484375
0 0.834375 0.2828125 0.0171875 0.015625
1 0.8890625 0.34375 0.04375 0.1328125
0 0.8875 0.2875 0.015625 0.015625
1 0.934375 0.3390625 0.0390625 0.11875
0 0.9328125 0.2921875 0.01875 0.021875
1 0.975 0.340625 0.040625 0.1578125
0 0.98125 0.275 0.015625 0.01875
1 0.98125 0.3015625 0.0296875 0.0921875
0 0.9859375 0.2640625 0.009375 0.009375
1 0.9234375 0.3046875 0.0390625 0.0921875
0 0.9234375 0.265625 0.0140625 0.0125
1 0.9203125 0.2765625 0.0296875 0.0703125
0 0.9203125 0.25 0.0125 0.0125
1 0.9078125 0.24375 0.01875 0.0578125
0 0.909375 0.2234375 0.0078125 0.009375
1 0.8265625 0.2796875 0.0296875 0.071875
0 0.825 0.253125 0.0140625 0.015625
1 0.765625 0.31875 0.034375 0.0953125
0 0.765625 0.275 0.0140625 0.015625
1 0.7546875 0.296875 0.025 0.08125
0 0.7578125 0.2625 0.009375 0.0125
1 0.7765625 0.2953125 0.0296875 0.0828125
0 0.775 0.259375 0.009375 0.009375
1 0.7640625 0.271875 0.0328125 0.084375
0 0.7671875 0.2359375 0.0046875 0.0046875
1 0.821875 0.275 0.0296875 0.0828125
0 0.8234375 0.240625 0.0140625 0.0125
1 0.840625 0.265625 0.0296875 0.078125
0 0.8390625 0.2359375 0.0140625 0.009375
1 0.7296875 0.2359375 0.04375 0.065625
0 0.7296875 0.2109375 0.0078125 0.0046875
1 0.775 0.240625 0.0296875 0.075
0 0.7796875 0.2140625 0.0140625 0.0125