1 0.1125 0.6125 0.0453125 0.153125
0 0.1140625 0.5515625 0.0203125 0.0265625
1 0.128125 0.65625 0.0703125 0.2625
0 0.134375 0.5390625 0.0234375 0.028125
1 0.1015625 0.66875 0.1984375 0.296875
0 0.075 0.5515625 0.0484375 0.0546875
1 0.190625 0.65625 0.146875 0.321875
0 0.1765625 0.525 0.046875 0.0546875
1 0.253125 0.6609375 0.0875 0.3125
0 0.253125 0.5296875 0.0375 0.0421875
1 0.2484375 0.715625 0.1640625 0.203125
0 0.2796875 0.646875 0.046875 0.0578125
1 0.2875 0.6546875 0.0875 0.2640625
0 0.2875 0.540625 0.0296875 0.0359375
1 0.303125 0.6640625 0.1296875 0.3078125
0 0.30625 0.5375 0.04375 0.0515625
1 0.3640625 0.6984375 0.1125 0.2359375
0 0.371875 0.609375 0.0421875 0.05625
1 0.3921875 0.6984375 0.1015625 0.2359375
0 0.390625 0.6015625 0.034375 0.040625
1 0.365625 0.6390625 0.06875 0.215625
0 0.3578125 0.5484375 0.021875 0.025
1 0.453125 0.65 0.0921875 0.234375
0 0.45625 0.5484375 0.025 0.028125
1 0.50625 0.65625 0.125 0.2875
0 0.4890625 0.5375 0.028125 0.034375
1 0.5390625 0.675 0.0796875 0.2109375
0 0.5375 0.590625 0.01875 0.0234375
1 0.4625 0.7046875 0.121875 0.225
0 0.4796875 0.61875 0.0390625 0.04375
1 0.5875 0.6703125 0.140625 0.29375
0 0.5890625 0.5453125 0.0296875 0.034375
1 0.621875 0.6609375 0.071875 0.2625
0 0.621875 0.5484375 0.0296875 0.03125
1 0.6953125 0.6625 0.21875 0.3109375
0 0.6734375 0.540625 0.0484375 0.0625
1 0.7578125 0.6484375 0.159375 0.3390625
0 0.7421875 0.5109375 0.046875 0.0546875
1 0.75625 0.646875 0.1515625 0.340625
0 0.7421875 0.5109375 0.046875 0.0578125
1 0.859375 0.703125 0.171875 0.228125
0 0.8765625 0.634375 0.0515625 0.0578125
1 0.890625 0.7078125 0.140625 0.2203125
0 0.9015625 0.621875 0.046875 0.0515625
1 0.8890625 0.6984375 0.1328125 0.2375
0 0.884375 0.603125 0.0375 0.0421875
1 0.8796875 0.696875 0.1203125 0.240625
0 0.8828125 0.603125 0.034375 0.040625