1 0.6140625 0.6515625 0.1078125 0.2796875
0 0.6140625 0.5375 0.0296875 0.0359375
1 0.696875 0.6125 0.075 0.196875
0 0.696875 0.5328125 0.01875 0.0265625
1 0.7375 0.5921875 0.040625 0.10625
0 0.7375 0.5484375 0.0109375 0.009375
1 0.7828125 0.5921875 0.0421875 0.10625
0 0.7828125 0.5484375 0.0125 0.0125
1 0.8421875 0.5984375 0.04375 0.1125
0 0.8375 0.553125 0.0140625 0.015625
1 0.84375 0.584375 0.0296875 0.071875
0 0.84375 0.5546875 0.0078125 0.0078125
1 0.825 0.584375 0.0234375 0.0578125
0 0.8265625 0.559375 0.0078125 0.0078125
1 0.8015625 0.575 0.0125 0.040625
0 0.8015625 0.559375 0.0046875 0.00625
1 0.8109375 0.5703125 0.0109375 0.03125
0 0.8125 0.5578125 0.003125 0.003125
1 0.9046875 0.5859375 0.01875 0.0453125
0 0.9046875 0.56875 0.00625 0.00625
1 0.890625 0.5859375 0.0171875 0.0484375
0 0.8890625 0.56875 0.0078125 0.0078125