1 0.0359375 0.7125 0.06875 0.321875
0 0.028125 0.58125 0.0390625 0.05
1 0.109375 0.7140625 0.09375 0.315625
0 0.10625 0.5859375 0.0375 0.040625
1 0.2 0.7265625 0.1140625 0.290625
0 0.2140625 0.6140625 0.034375 0.040625
1 0.284375 0.7234375 0.1140625 0.296875
0 0.296875 0.615625 0.034375 0.0375
1 0.3734375 0.721875 0.13125 0.3
0 0.3765625 0.5984375 0.034375 0.040625
1 0.4890625 0.73125 0.1015625 0.28125
0 0.48125 0.615625 0.034375 0.040625
1 0.5625 0.709375 0.0890625 0.28125
0 0.55625 0.596875 0.028125 0.0375
1 0.6265625 0.7203125 0.09375 0.2875
0 0.6265625 0.603125 0.0375 0.040625
1 0.6953125 0.7109375 0.10625 0.321875
0 0.696875 0.5875 0.0375 0.05
1 0.7453125 0.721875 0.10625 0.3
0 0.7359375 0.603125 0.0359375 0.05
1 0.7984375 0.715625 0.1 0.296875
0 0.7984375 0.596875 0.0359375 0.040625
1 0.959375 0.7109375 0.0765625 0.3203125
0 0.9765625 0.584375 0.0390625 0.05
1 0.7484375 0.6859375 0.421875 0.371875
0 0.8671875 0.5703125 0.1171875 0.109375
1 0.084375 0.6921875 0.096875 0.265625
0 0.084375 0.5828125 0.028125 0.0328125
1 0.184375 0.6859375 0.0890625 0.2546875
0 0.1875 0.5796875 0.028125 0.0328125
1 0.2234375 0.6859375 0.0984375 0.275
0 0.234375 0.575 0.0265625 0.034375
1 0.2234375 0.6375 0.075 0.221875
0 0.2296875 0.54375 0.0234375 0.028125
1 0.2640625 0.6625 0.1015625 0.2734375
0 0.2625 0.5453125 0.0265625 0.034375
1 0.3171875 0.68125 0.08125 0.271875
0 0.315625 0.571875 0.0265625 0.034375
1 0.34375 0.6640625 0.071875 0.275
0 0.34375 0.553125 0.0234375 0.025
1 0.3765625 0.6828125 0.0984375 0.2671875
0 0.38125 0.571875 0.028125 0.040625
1 0.4125 0.671875 0.0625 0.246875
0 0.4125 0.56875 0.025 0.034375
1 0.446875 0.6890625 0.09375 0.2875
0 0.446875 0.5671875 0.03125 0.0375
1 0.5046875 0.696875 0.08125 0.25625
0 0.503125 0.5890625 0.0265625 0.03125
1 0.5421875 0.659375 0.071875 0.228125
0 0.540625 0.565625 0.025 0.03125
1 0.496875 0.671875 0.059375 0.234375
0 0.4984375 0.575 0.021875 0.03125
1 0.5203125 0.6421875 0.084375 0.2375
0 0.5296875 0.5390625 0.021875 0.028125
1 0.4640625 0.653125 0.071875 0.24375
0 0.459375 0.5484375 0.0234375 0.0234375
1 0.4234375 0.578125 0.034375 0.09375
0 0.425 0.5390625 0.009375 0.0125
1 0.5734375 0.6375 0.06875 0.234375
0 0.5734375 0.540625 0.025 0.0328125
1 0.6296875 0.690625 0.096875 0.29375
0 0.625 0.5671875 0.0296875 0.0390625
1 0.6234375 0.634375 0.059375 0.209375
0 0.621875 0.55 0.0265625 0.0296875
1 0.63125 0.628125 0.071875 0.2125
0 0.63125 0.540625 0.01875 0.028125
1 0.66875 0.63125 0.06875 0.2078125
0 0.671875 0.54375 0.021875 0.028125
1 0.690625 0.6703125 0.075 0.265625
0 0.690625 0.55625 0.025 0.0296875
1 0.7234375 0.653125 0.06875 0.24375
0 0.721875 0.55 0.021875 0.0234375
1 0.7765625 0.6828125 0.075 0.265625
0 0.775 0.571875 0.028125 0.03125
1 0.778125 0.646875 0.071875 0.221875
0 0.778125 0.5546875 0.0265625 0.03125
1 0.7671875 0.5640625 0.03125 0.06875
0 0.76875 0.5390625 0.00625 0.00625
1 0.9234375 0.703125 0.0875 0.31875
0 0.9296875 0.571875 0.025 0.0328125