1 0.2328125 0.471875 0.059375 0.11875
0 0.225 0.428125 0.01875 0.0234375
1 0.271875 0.4703125 0.05 0.103125
0 0.26875 0.4328125 0.0171875 0.01875
1 0.3125 0.46875 0.0515625 0.1
0 0.3171875 0.4359375 0.0140625 0.01875
1 0.3578125 0.5859375 0.1078125 0.284375
0 0.3546875 0.4734375 0.0296875 0.0484375
1 0.3796875 0.6 0.1171875 0.353125
0 0.3859375 0.4578125 0.05 0.0578125
1 0.5046875 0.5609375 0.0984375 0.2921875
0 0.50625 0.4390625 0.040625 0.046875
1 0.559375 0.5546875 0.08125 0.23125
0 0.565625 0.459375 0.0328125 0.0359375
1 0.609375 0.4765625 0.0734375 0.1375
0 0.6140625 0.4171875 0.0140625 0.015625
1 0.603125 0.45 0.0578125 0.1421875
0 0.6078125 0.3921875 0.01875 0.0171875
1 0.6671875 0.45625 0.05 0.1421875
0 0.6640625 0.396875 0.0140625 0.0203125
1 0.71875 0.4578125 0.05 0.1359375
0 0.7140625 0.4046875 0.0140625 0.01875
1 0.696875 0.4453125 0.040625 0.1359375
0 0.7015625 0.3890625 0.0140625 0.0171875
1 0.7375 0.4609375 0.040625 0.08125
0 0.7375 0.428125 0.009375 0.009375
1 0.734375 0.4375 0.0421875 0.1015625
0 0.728125 0.3984375 0.0140625 0.0140625
1 0.7609375 0.45 0.040625 0.1
0 0.7640625 0.4109375 0.0140625 0.0140625
1 0.8984375 0.5203125 0.0953125 0.23125
0 0.8953125 0.4234375 0.0234375 0.0296875
1 0.9421875 0.4 0.0375 0.0734375
0 0.9421875 0.3703125 0.0046875 0.009375