1 0.0453125 0.45 0.0875 0.4953125
0 0.0265625 0.2453125 0.05 0.0703125
1 0.1140625 0.503125 0.1890625 0.5671875
0 0.1359375 0.2625 0.065625 0.0796875
1 0.1609375 0.45625 0.1234375 0.459375
0 0.175 0.265625 0.04375 0.06875
1 0.19375 0.3953125 0.103125 0.421875
0 0.18125 0.2171875 0.0515625 0.0546875
1 0.26875 0.484375 0.1453125 0.6
0 0.2875 0.234375 0.0703125 0.090625
1 0.284375 0.53125 0.3015625 0.6859375
0 0.2828125 0.23125 0.0703125 0.0875
1 0.475 0.5046875 0.34375 0.68125
0 0.5015625 0.2140625 0.078125 0.0859375
1 0.5109375 0.465625 0.178125 0.5734375
0 0.5328125 0.228125 0.0484375 0.0734375
1 0.6078125 0.5078125 0.3015625 0.6125
0 0.6359375 0.2640625 0.071875 0.065625
1 0.8765625 0.440625 0.1609375 0.3625
0 0.89375 0.2875 0.05625 0.0484375
1 0.7890625 0.4296875 0.1140625 0.3296875
0 0.796875 0.2921875 0.053125 0.04375
1 0.940625 0.49375 0.1140625 0.5828125
0 0.978125 0.240625 0.0375 0.0796875