1 0.9375 0.6390625 0.1203125 0.178125
0 0.9484375 0.5734375 0.0375 0.040625
1 0.875 0.5546875 0.090625 0.321875
0 0.8671875 0.421875 0.0390625 0.0484375
1 0.7796875 0.5546875 0.14375 0.2921875
0 0.78125 0.4328125 0.034375 0.0390625
1 0.6765625 0.55625 0.096875 0.2984375
0 0.675 0.4359375 0.03125 0.0421875
1 0.596875 0.5515625 0.09375 0.25625
0 0.5890625 0.4453125 0.0328125 0.0390625
1 0.509375 0.5421875 0.0921875 0.284375
0 0.5203125 0.4234375 0.034375 0.0390625
1 0.525 0.565625 0.1015625 0.2984375
0 0.534375 0.4421875 0.0375 0.04375
1 0.3765625 0.528125 0.1109375 0.334375
0 0.3859375 0.3921875 0.0390625 0.046875
1 0.31875 0.565625 0.1046875 0.3734375
0 0.3171875 0.40625 0.0421875 0.05
1 0.2546875 0.5421875 0.1234375 0.4734375
0 0.2609375 0.3484375 0.0640625 0.0734375
1 0.0671875 0.3453125 0.13125 0.2515625
0 0.0140625 0.234375 0.0265625 0.028125
1 0.1578125 0.5890625 0.315625 0.3796875
0 0.134375 0.4625 0.10625 0.1078125
1 0.1390625 0.6390625 0.2765625 0.2796875
0 0.0984375 0.6578125 0.1265625 0.15625
1 0.475 0.6734375 0.3421875 0.2109375
0 0.45625 0.690625 0.0953125 0.1265625