1 0.08125 0.6453125 0.159375 0.26875
0 0.0359375 0.56875 0.0671875 0.103125
1 0.103125 0.5953125 0.0578125 0.0796875
0 0.11875 0.56875 0.021875 0.0203125
1 0.125 0.5234375 0.075 0.203125
0 0.11875 0.4375 0.0234375 0.0296875
1 0.0296875 0.4953125 0.0546875 0.1375
0 0.021875 0.4390625 0.0171875 0.0203125
1 0.05 0.4875 0.028125 0.0859375
0 0.05 0.453125 0.0109375 0.0140625
1 0.0875 0.471875 0.0203125 0.0515625
0 0.0921875 0.453125 0.00625 0.00625
1 0.159375 0.484375 0.0296875 0.0875
0 0.15625 0.4515625 0.009375 0.0140625
1 0.1875 0.4890625 0.028125 0.08125
0 0.1828125 0.4578125 0.0109375 0.0140625
1 0.2140625 0.490625 0.0296875 0.0578125
0 0.2125 0.46875 0.009375 0.009375
1 0.2125 0.4703125 0.015625 0.04375
0 0.209375 0.453125 0.0046875 0.0078125
1 0.23125 0.490625 0.05 0.1234375
0 0.2296875 0.440625 0.0140625 0.01875
1 0.271875 0.49375 0.0484375 0.125
0 0.2640625 0.440625 0.015625 0.015625
1 0.2984375 0.48125 0.028125 0.0796875
0 0.296875 0.4515625 0.009375 0.0109375
1 0.34375 0.478125 0.0296875 0.0953125
0 0.34375 0.440625 0.0109375 0.0140625
1 0.3671875 0.5 0.0546875 0.1265625
0 0.365625 0.4484375 0.0140625 0.01875
1 0.3875 0.4890625 0.05625 0.15
0 0.384375 0.428125 0.01875 0.01875
1 0.421875 0.4734375 0.0296875 0.0921875
0 0.415625 0.4375 0.009375 0.0140625
1 0.440625 0.4734375 0.0234375 0.1015625
0 0.4390625 0.4328125 0.0109375 0.0140625
1 0.459375 0.4765625 0.034375 0.096875
0 0.45625 0.4390625 0.0109375 0.0140625
1 0.4921875 0.471875 0.0234375 0.0796875
0 0.49375 0.440625 0.009375 0.009375
1 0.5234375 0.4703125 0.0375 0.0875
0 0.5265625 0.4328125 0.0109375 0.0109375
1 0.546875 0.4671875 0.0140625 0.053125
0 0.546875 0.4484375 0.0078125 0.009375
1 0.5765625 0.5015625 0.0609375 0.1390625
0 0.5828125 0.44375 0.0140625 0.01875
1 0.6203125 0.5015625 0.0546875 0.14375
0 0.621875 0.440625 0.0140625 0.015625
1 0.6546875 0.5140625 0.0546875 0.1515625
0 0.6484375 0.4515625 0.015625 0.0203125
1 0.540625 0.6390625 0.2171875 0.24375
0 0.59375 0.55 0.0484375 0.0609375
1 0.6609375 0.6046875 0.18125 0.228125
0 0.7140625 0.515625 0.046875 0.046875
1 0.678125 0.5953125 0.10625 0.209375
0 0.6984375 0.515625 0.0328125 0.04375
1 0.7265625 0.546875 0.065625 0.1359375
0 0.71875 0.4921875 0.021875 0.0234375
1 0.7703125 0.53125 0.034375 0.059375
0 0.7796875 0.509375 0.0140625 0.0140625
1 0.8 0.55 0.0859375 0.15
0 0.8125 0.4890625 0.0234375 0.0234375
1 0.8359375 0.5375 0.075 0.134375
0 0.8515625 0.4875 0.028125 0.025
1 0.94375 0.528125 0.075 0.1390625
0 0.94375 0.475 0.021875 0.028125
1 0.9828125 0.5125 0.028125 0.1859375
0 0.990625 0.4359375 0.0125 0.0234375
1 0.8296875 0.5296875 0.053125 0.115625
0 0.8359375 0.4875 0.0171875 0.0234375
1 0.8375 0.5171875 0.0484375 0.1390625
0 0.8296875 0.459375 0.0203125 0.0234375
1 0.790625 0.53125 0.065625 0.1234375
0 0.8046875 0.484375 0.01875 0.0203125
1 0.896875 0.509375 0.059375 0.0890625
0 0.9140625 0.475 0.0140625 0.015625
1 0.8890625 0.5078125 0.0484375 0.08125
0 0.9046875 0.478125 0.0140625 0.015625
1 0.878125 0.5015625 0.05 0.0875
0 0.89375 0.471875 0.0140625 0.015625
1 0.675 0.471875 0.028125 0.0625
0 0.678125 0.4453125 0.00625 0.009375
1 0.703125 0.475 0.0203125 0.0640625
0 0.70625 0.4484375 0.0078125 0.009375
1 0.725 0.471875 0.0234375 0.065625
0 0.725 0.4453125 0.009375 0.009375
1 0.6953125 0.465625 0.0140625 0.0484375
0 0.6984375 0.446875 0.00625 0.00625
1 0.6671875 0.4625 0.0140625 0.0390625
0 0.665625 0.4484375 0.0046875 0.0046875
1 0.7171875 0.4703125 0.0203125 0.05625
0 0.7171875 0.446875 0.00625 0.009375
1 0.7328125 0.4640625 0.0203125 0.0609375
0 0.73125 0.440625 0.0078125 0.0078125
1 0.7484375 0.4609375 0.015625 0.0453125
0 0.75 0.44375 0.0046875 0.00625
1 0.775 0.4671875 0.0234375 0.0609375
0 0.7734375 0.4421875 0.00625 0.00625
1 0.79375 0.4640625 0.015625 0.0453125
0 0.790625 0.4453125 0.0046875 0.00625
1 0.7984375 0.4671875 0.0203125 0.0578125
0 0.7984375 0.4453125 0.009375 0.009375
1 0.8078125 0.4625 0.015625 0.046875
0 0.80625 0.4453125 0.00625 0.0078125
1 0.83125 0.4625 0.01875 0.053125
0 0.8359375 0.4421875 0.0078125 0.009375
1 0.8546875 0.4640625 0.0203125 0.053125
0 0.8546875 0.4421875 0.00625 0.0078125
1 0.8796875 0.465625 0.0140625 0.0578125
0 0.88125 0.44375 0.009375 0.009375
1 0.865625 0.459375 0.0140625 0.0421875
0 0.86875 0.44375 0.0046875 0.0046875
1 0.5984375 0.471875 0.0171875 0.059375
0 0.6 0.4484375 0.0078125 0.009375