1 0.121875 0.6640625 0.2390625 0.33125
0 0.0671875 0.35625 0.134375 0.1640625
1 0.1484375 0.603125 0.2453125 0.45
0 0.1421875 0.3890625 0.0921875 0.121875
1 0.4265625 0.6640625 0.453125 0.33125
0 0.3984375 0.4359375 0.1328125 0.1703125
1 0.4078125 0.6125 0.278125 0.4328125
0 0.4 0.43125 0.1390625 0.1703125
1 0.4078125 0.5484375 0.26875 0.559375
0 0.396875 0.3296875 0.0984375 0.1015625
1 0.5734375 0.5625 0.2296875 0.5328125
0 0.5828125 0.334375 0.0953125 0.0953125
1 0.7390625 0.6296875 0.3140625 0.3984375
0 0.7078125 0.39375 0.128125 0.1703125
1 0.8640625 0.6109375 0.2640625 0.4359375
0 0.865625 0.3625 0.115625 0.1546875
1 0.978125 0.321875 0.034375 0.078125
0 0.99375 0.2984375 0.0078125 0.0140625