1 0.084375 0.6296875 0.1671875 0.3
0 0.0921875 0.5125 0.0828125 0.0734375
1 0.290625 0.5921875 0.0828125 0.2390625
0 0.29375 0.4921875 0.025 0.03125
1 0.3484375 0.6375 0.1171875 0.284375
0 0.3578125 0.5234375 0.034375 0.046875
1 0.3765625 0.5890625 0.084375 0.2703125
0 0.3828125 0.475 0.0296875 0.0375
1 0.4453125 0.5796875 0.071875 0.2015625
0 0.4484375 0.49375 0.021875 0.0265625
1 0.459375 0.628125 0.13125 0.303125
0 0.465625 0.503125 0.04375 0.0484375
1 0.478125 0.6078125 0.09375 0.2859375
0 0.48125 0.4875 0.0296875 0.0375
1 0.5296875 0.565625 0.0421875 0.1453125
0 0.5328125 0.503125 0.015625 0.021875
1 0.534375 0.578125 0.0546875 0.1578125
0 0.546875 0.5109375 0.01875 0.0234375
1 0.5828125 0.578125 0.046875 0.1625
0 0.5875 0.5109375 0.01875 0.0234375
1 0.60625 0.6203125 0.0890625 0.2421875
0 0.60625 0.5125 0.025 0.0265625
1 0.690625 0.63125 0.1203125 0.296875
0 0.6921875 0.5046875 0.0375 0.0390625
1 0.7015625 0.6234375 0.0859375 0.25625
0 0.70625 0.5109375 0.021875 0.0234375
1 0.7359375 0.60625 0.046875 0.18125
0 0.7421875 0.5296875 0.0203125 0.025
1 0.7609375 0.59375 0.04375 0.1703125
0 0.7640625 0.5234375 0.015625 0.0171875
1 0.796875 0.6140625 0.05625 0.2109375
0 0.8109375 0.525 0.0296875 0.03125
1 0.8421875 0.6359375 0.0921875 0.2265625
0 0.8453125 0.54375 0.0265625 0.03125
1 0.8859375 0.63125 0.0796875 0.1796875
0 0.903125 0.55625 0.025 0.0265625
1 0.9421875 0.69375 0.1125 0.171875
0 0.971875 0.6484375 0.034375 0.03125
1 0.96875 0.6375 0.059375 0.2328125
0 0.984375 0.5359375 0.0265625 0.028125