1 0.4109375 0.5640625 0.4015625 0.5984375
0 0.49375 0.3515625 0.1046875 0.1203125
1 0.05 0.3375 0.0328125 0.1046875
0 0.05 0.2921875 0.009375 0.0125
1 0.078125 0.3203125 0.1203125 0.2421875
0 0.0875 0.2484375 0.0296875 0.0265625
1 0.1265625 0.3578125 0.0703125 0.221875
0 0.1125 0.2640625 0.0265625 0.025
1 0.1953125 0.3671875 0.0640625 0.1671875
0 0.1953125 0.2984375 0.0203125 0.0234375
1 0.2140625 0.3484375 0.05 0.146875
0 0.2171875 0.2875 0.0203125 0.0234375
1 0.2421875 0.3375 0.0265625 0.09375
0 0.2421875 0.3 0.0125 0.0140625
1 0.259375 0.34375 0.034375 0.0984375
0 0.2609375 0.30625 0.0109375 0.0140625
1 0.2828125 0.3421875 0.0453125 0.1
0 0.2875 0.303125 0.0125 0.015625
1 0.2921875 0.3140625 0.025 0.078125
0 0.290625 0.2828125 0.00625 0.009375
1 0.3125 0.3234375 0.0296875 0.075
0 0.3125 0.2953125 0.0078125 0.009375
1 0.3359375 0.3390625 0.05 0.0984375
0 0.340625 0.3 0.009375 0.0109375
1 0.365625 0.3296875 0.03125 0.0859375
0 0.3671875 0.2953125 0.009375 0.0109375
1 0.390625 0.33125 0.0328125 0.0875
0 0.3921875 0.296875 0.0078125 0.0109375
1 0.403125 0.353125 0.0375 0.109375
0 0.40625 0.30625 0.0109375 0.0140625
1 0.434375 0.3609375 0.0359375 0.1109375
0 0.43125 0.315625 0.0125 0.015625
1 0.4328125 0.3359375 0.0296875 0.0859375
0 0.43125 0.3046875 0.009375 0.0109375
1 0.5921875 0.434375 0.0875 0.2078125
0 0.5953125 0.3484375 0.028125 0.03125
1 0.6234375 0.3625 0.0234375 0.09375
0 0.6234375 0.3265625 0.009375 0.0140625
1 0.675 0.4265625 0.1296875 0.3078125
0 0.6765625 0.2984375 0.0328125 0.04375
1 0.7328125 0.4328125 0.1 0.3015625
0 0.728125 0.3046875 0.03125 0.040625
1 0.7578125 0.4296875 0.1140625 0.2328125
0 0.7546875 0.34375 0.0296875 0.0265625
1 0.80625 0.4453125 0.075 0.184375
0 0.81875 0.3671875 0.028125 0.0265625
1 0.8453125 0.3828125 0.0375 0.0984375
0 0.840625 0.34375 0.0125 0.0109375
1 0.875 0.3984375 0.0375 0.10625
0 0.875 0.35625 0.0125 0.015625
1 0.9015625 0.3953125 0.0375 0.1
0 0.9046875 0.3546875 0.0125 0.0171875
1 0.928125 0.3953125 0.0328125 0.096875
0 0.9375 0.35625 0.0140625 0.0140625
1 0.9765625 0.39375 0.028125 0.0796875
0 0.9796875 0.3625 0.0078125 0.0109375
1 0.95625 0.4375 0.05625 0.1375
0 0.978125 0.38125 0.0140625 0.01875