1 0.8828125 0.609375 0.2265625 0.4390625
0 0.9359375 0.4390625 0.1109375 0.09375
1 0.7921875 0.6109375 0.06875 0.1390625
0 0.7859375 0.5546875 0.028125 0.025
1 0.80625 0.55625 0.0671875 0.175
0 0.81875 0.4890625 0.025 0.0328125
1 0.7875 0.5515625 0.059375 0.1609375
0 0.796875 0.4859375 0.01875 0.0203125
1 0.7328125 0.559375 0.046875 0.18125
0 0.734375 0.4828125 0.0203125 0.025
1 0.696875 0.5671875 0.059375 0.215625
0 0.7 0.4796875 0.025 0.034375
1 0.71875 0.534375 0.0296875 0.14375
0 0.7234375 0.4765625 0.0171875 0.01875
1 0.6546875 0.534375 0.0390625 0.1328125
0 0.65625 0.478125 0.015625 0.01875
1 0.659375 0.51875 0.0390625 0.1328125
0 0.6640625 0.4625 0.0140625 0.01875
1 0.6765625 0.5125 0.0296875 0.115625
0 0.6765625 0.46875 0.0140625 0.015625
1 0.59375 0.5875 0.1015625 0.2890625
0 0.621875 0.4625 0.028125 0.0328125
1 0.584375 0.51875 0.065625 0.1296875
0 0.590625 0.471875 0.0265625 0.03125
1 0.5453125 0.546875 0.0515625 0.175
0 0.5421875 0.475 0.01875 0.0234375
1 0.5265625 0.525 0.0390625 0.1328125
0 0.53125 0.4703125 0.0171875 0.01875
1 0.4984375 0.528125 0.05625 0.134375
0 0.5 0.4703125 0.0140625 0.0140625
1 0.4578125 0.509375 0.0421875 0.109375
0 0.4625 0.465625 0.0125 0.0140625