1 0.1015625 0.30625 0.05625 0.11875
0 0.0953125 0.2609375 0.0171875 0.01875
1 0.175 0.2921875 0.01875 0.04375
0 0.1734375 0.278125 0.00625 0.00625
1 0.215625 0.315625 0.04375 0.1
0 0.209375 0.278125 0.0125 0.015625
1 0.2375 0.290625 0.0125 0.0359375
0 0.2375 0.278125 0.0046875 0.00625
1 0.2703125 0.30625 0.03125 0.0734375
0 0.2671875 0.2796875 0.0109375 0.009375
1 0.3140625 0.2859375 0.015625 0.0328125
0 0.3140625 0.275 0.00625 0.0046875
1 0.3203125 0.2859375 0.0125 0.034375
0 0.31875 0.2734375 0.0046875 0.0046875
1 0.3296875 0.2921875 0.01875 0.0421875
0 0.328125 0.2765625 0.00625 0.00625
1 0.340625 0.2921875 0.0140625 0.0421875
0 0.3421875 0.2765625 0.00625 0.00625
1 0.3625 0.3 0.0421875 0.09375
0 0.35625 0.2625 0.0125 0.0125
1 0.353125 0.296875 0.028125 0.0796875
0 0.35 0.2640625 0.009375 0.009375
1 0.3765625 0.2875 0.0140625 0.04375
0 0.3796875 0.271875 0.00625 0.00625
1 0.5125 0.4515625 0.1375 0.228125
0 0.478125 0.36875 0.04375 0.05
1 0.453125 0.3171875 0.0296875 0.05
0 0.453125 0.3 0.00625 0.009375
1 0.5171875 0.30625 0.021875 0.0609375
0 0.5171875 0.2828125 0.0078125 0.009375
1 0.5375 0.284375 0.015625 0.0421875
0 0.540625 0.271875 0.0078125 0.0078125
1 0.5484375 0.284375 0.0171875 0.053125
0 0.55 0.265625 0.0078125 0.0078125
1 0.5640625 0.30625 0.025 0.03125
0 0.55625 0.2984375 0.00625 0.00625
1 0.5765625 0.290625 0.0234375 0.0609375
0 0.5734375 0.26875 0.00625 0.009375
1 0.5921875 0.290625 0.025 0.065625
0 0.5953125 0.2671875 0.009375 0.0125
1 0.68125 0.2828125 0.0140625 0.03125
0 0.68125 0.275 0.0046875 0.0046875
1 0.7609375 0.284375 0.0140625 0.0390625
0 0.759375 0.2703125 0.0046875 0.0046875
1 0.740625 0.28125 0.015625 0.0359375
0 0.740625 0.26875 0.00625 0.00625
1 0.7328125 0.2828125 0.0140625 0.0359375
0 0.73125 0.2734375 0.0046875 0.00625
1 0.7234375 0.2796875 0.0171875 0.0328125
0 0.725 0.2671875 0.0046875 0.00625
1 0.8265625 0.2828125 0.01875 0.0390625
0 0.828125 0.26875 0.00625 0.00625
1 0.840625 0.2859375 0.0140625 0.0421875
0 0.84375 0.271875 0.00625 0.00625
1 0.8484375 0.284375 0.0140625 0.040625
0 0.8484375 0.2703125 0.00625 0.00625
1 0.8796875 0.28125 0.0140625 0.034375
0 0.8796875 0.26875 0.00625 0.00625
1 0.8875 0.28125 0.015625 0.034375
0 0.890625 0.2703125 0.0046875 0.00625
1 0.915625 0.28125 0.0125 0.028125
0 0.9171875 0.26875 0.0046875 0.0046875
1 0.928125 0.284375 0.015625 0.03125
0 0.9296875 0.275 0.0046875 0.0046875