1 0.0609375 0.584375 0.046875 0.0359375
0 0.0640625 0.5703125 0.0078125 0.0078125
1 0.0703125 0.5828125 0.0234375 0.0328125
0 0.071875 0.571875 0.0046875 0.0046875
1 0.090625 0.584375 0.0203125 0.0296875
0 0.090625 0.5734375 0.0046875 0.0046875
1 0.1203125 0.5828125 0.021875 0.0296875
0 0.11875 0.571875 0.00625 0.0046875
1 0.05625 0.571875 0.009375 0.0265625
0 0.0578125 0.5625 0.0046875 0.003125
1 0.1265625 0.5765625 0.009375 0.025
0 0.1265625 0.5671875 0.003125 0.003125
1 0.11875 0.575 0.0078125 0.0265625
0 0.1203125 0.5640625 0.003125 0.003125
1 0.1953125 0.575 0.0328125 0.034375
0 0.2 0.5640625 0.0078125 0.0078125
1 0.221875 0.5671875 0.00625 0.0203125
0 0.225 0.5609375 0.003125 0.003125
1 0.228125 0.5703125 0.009375 0.01875
0 0.228125 0.5625 0.003125 0.003125
1 0.24375 0.5703125 0.009375 0.0203125
0 0.24375 0.5625 0.0046875 0.003125
1 0.25625 0.5703125 0.0109375 0.0203125
0 0.25625 0.5625 0.003125 0.003125
1 0.3015625 0.578125 0.0296875 0.0375
0 0.3078125 0.5625 0.0078125 0.0078125
1 0.2890625 0.621875 0.059375 0.13125
0 0.2875 0.5671875 0.015625 0.0171875
1 0.325 0.6203125 0.0515625 0.1515625
0 0.33125 0.55625 0.015625 0.015625
1 0.4140625 0.5546875 0.0140625 0.021875
0 0.4125 0.546875 0.0046875 0.0046875
1 0.40625 0.5671875 0.0234375 0.028125
0 0.409375 0.5578125 0.0046875 0.00625
1 0.4421875 0.5546875 0.0109375 0.0203125
0 0.440625 0.55 0.003125 0.0046875
1 0.43125 0.56875 0.0234375 0.05
0 0.428125 0.5484375 0.00625 0.0078125
1 0.4890625 0.5484375 0.00625 0.01875
0 0.490625 0.5421875 0.003125 0.0015625
1 0.4984375 0.5515625 0.0078125 0.0203125
0 0.496875 0.54375 0.003125 0.003125
1 0.490625 0.553125 0.0125 0.0234375
0 0.4921875 0.5453125 0.003125 0.0046875
1 0.5015625 0.553125 0.0140625 0.0234375
0 0.5015625 0.54375 0.0046875 0.0046875
1 0.5140625 0.55 0.0125 0.01875
0 0.5140625 0.5421875 0.003125 0.0046875
1 0.53125 0.5484375 0.0125 0.0203125
0 0.53125 0.5421875 0.003125 0.0046875
1 0.5421875 0.5515625 0.0078125 0.0171875
0 0.54375 0.546875 0.003125 0.003125
1 0.55 0.5515625 0.0078125 0.015625
0 0.55 0.546875 0.003125 0.003125
1 0.5671875 0.553125 0.0125 0.04375
0 0.565625 0.5375 0.0046875 0.00625
1 0.575 0.553125 0.0171875 0.04375
0 0.575 0.5359375 0.0046875 0.00625
1 0.5875 0.5515625 0.0125 0.046875
0 0.5859375 0.53125 0.0046875 0.0046875
1 0.58125 0.5625 0.021875 0.0484375
0 0.584375 0.5421875 0.0046875 0.00625
1 0.6 0.5625 0.01875 0.0484375
0 0.5984375 0.54375 0.00625 0.0046875
1 0.6046875 0.55 0.0171875 0.0453125
0 0.603125 0.53125 0.0046875 0.00625
1 0.6203125 0.5515625 0.00625 0.0140625
0 0.6203125 0.5453125 0.0015625 0.0015625
1 0.634375 0.5515625 0.01875 0.0484375
0 0.6328125 0.53125 0.0046875 0.00625
1 0.6515625 0.546875 0.0109375 0.025
0 0.6515625 0.5359375 0.003125 0.003125
1 0.6625 0.54375 0.0109375 0.0296875
0 0.6625 0.5328125 0.003125 0.003125
1 0.66875 0.5484375 0.00625 0.0203125
0 0.66875 0.540625 0.003125 0.003125
1 0.6765625 0.5484375 0.009375 0.0140625
0 0.675 0.54375 0.0015625 0.003125
1 0.68125 0.5484375 0.00625 0.0140625
0 0.6796875 0.54375 0.003125 0.0015625
1 0.6859375 0.546875 0.0078125 0.021875
0 0.6875 0.5375 0.003125 0.003125
1 0.6953125 0.553125 0.0046875 0.0125
0 0.6953125 0.546875 0.0015625 0.0015625
1 0.7 0.5421875 0.0109375 0.03125
0 0.7 0.5296875 0.003125 0.003125
1 0.7078125 0.5484375 0.00625 0.0203125
0 0.7078125 0.5421875 0.003125 0.003125
1 0.7125 0.5453125 0.0078125 0.0203125
0 0.7125 0.5375 0.0015625 0.003125
1 0.7203125 0.546875 0.009375 0.01875
0 0.7203125 0.5390625 0.0015625 0.003125
1 0.7296875 0.5453125 0.0125 0.0203125
0 0.728125 0.5390625 0.003125 0.0046875
1 0.7359375 0.5453125 0.0109375 0.01875
0 0.7375 0.540625 0.0046875 0.0046875
1 0.74375 0.5484375 0.0078125 0.01875
0 0.74375 0.540625 0.003125 0.003125
1 0.7109375 0.55625 0.015625 0.0234375
0 0.7140625 0.55 0.0046875 0.00625
1 0.725 0.5578125 0.0140625 0.025
0 0.7265625 0.5515625 0.0046875 0.0046875
1 0.7046875 0.578125 0.015625 0.034375
0 0.7046875 0.5640625 0.00625 0.0078125
1 0.7203125 0.578125 0.0203125 0.034375
0 0.721875 0.5640625 0.0078125 0.00625
1 0.7640625 0.6078125 0.05 0.1
0 0.7640625 0.5640625 0.0109375 0.0109375
1 0.8046875 0.596875 0.034375 0.090625
0 0.8046875 0.5609375 0.0078125 0.0125
1 0.81875 0.6078125 0.053125 0.1078125
0 0.8125 0.5609375 0.0140625 0.0125
1 0.828125 0.5765625 0.028125 0.040625
0 0.825 0.5625 0.009375 0.0078125
1 0.846875 0.575 0.0375 0.040625
0 0.840625 0.5625 0.0078125 0.009375
1 0.8703125 0.55 0.028125 0.0390625
0 0.86875 0.534375 0.00625 0.00625
1 0.878125 0.5625 0.0265625 0.034375
0 0.8765625 0.55 0.00625 0.00625
1 0.8890625 0.546875 0.01875 0.04375
0 0.8875 0.528125 0.00625 0.00625
1 0.828125 0.5578125 0.0078125 0.021875
0 0.8265625 0.55 0.003125 0.003125
1 0.9296875 0.5625 0.009375 0.0265625
0 0.9296875 0.5515625 0.003125 0.003125
1 0.9453125 0.5609375 0.0125 0.03125
0 0.946875 0.55 0.003125 0.0046875
1 0.959375 0.5625 0.0125 0.0328125
0 0.9609375 0.55 0.0046875 0.0046875
1 0.975 0.56875 0.0265625 0.040625
0 0.971875 0.553125 0.0078125 0.00625
1 0.0796875 0.575 0.0109375 0.0265625
0 0.08125 0.565625 0.003125 0.003125
1 0.196875 0.575 0.0171875 0.028125
0 0.2 0.5625 0.00625 0.00625
1 0.184375 0.5703125 0.0140625 0.021875
0 0.184375 0.5625 0.0046875 0.003125
1 0.1859375 0.5703125 0.0109375 0.0203125
0 0.184375 0.5625 0.003125 0.003125
1 0.2125 0.503125 0.0046875 0.0109375
0 0.2140625 0.5 0.0015625 0.0015625
1 0.590625 0.540625 0.0078125 0.03125
0 0.5921875 0.528125 0.003125 0.0046875
1 0.6 0.54375 0.0078125 0.034375
0 0.6 0.5296875 0.003125 0.0046875