1 0.1109375 0.525 0.1078125 0.20625
0 0.109375 0.440625 0.0234375 0.025
1 0.390625 0.48125 0.0546875 0.09375
0 0.3921875 0.4453125 0.0125 0.0125
1 0.4265625 0.5078125 0.0875 0.1390625
0 0.4203125 0.453125 0.0203125 0.0234375
1 0.4546875 0.4859375 0.0265625 0.0734375
0 0.4578125 0.45625 0.0078125 0.0078125
1 0.428125 0.4828125 0.0234375 0.075
0 0.43125 0.45625 0.009375 0.0125
1 0.4671875 0.503125 0.04375 0.10625
0 0.478125 0.4609375 0.015625 0.0171875
1 0.4890625 0.4921875 0.0265625 0.0859375
0 0.4921875 0.45625 0.009375 0.009375
1 0.5390625 0.5390625 0.071875 0.2203125
0 0.5484375 0.4453125 0.0234375 0.025
1 0.528125 0.525 0.071875 0.18125
0 0.540625 0.4484375 0.01875 0.0203125
1 0.56875 0.5140625 0.046875 0.128125
0 0.56875 0.465625 0.015625 0.0203125
1 0.60625 0.55625 0.0796875 0.19375
0 0.6046875 0.4765625 0.025 0.025
1 0.6 0.509375 0.046875 0.11875
0 0.6 0.4625 0.015625 0.015625
1 0.6265625 0.503125 0.0328125 0.1203125
0 0.6265625 0.4515625 0.0125 0.0140625
1 0.6484375 0.5109375 0.0640625 0.140625
0 0.65 0.4515625 0.0171875 0.0171875
1 0.6859375 0.509375 0.021875 0.0890625
0 0.6859375 0.4734375 0.0140625 0.0140625
1 0.7015625 0.5078125 0.05 0.109375
0 0.7046875 0.465625 0.0125 0.0125
1 0.73125 0.5 0.0203125 0.06875
0 0.73125 0.471875 0.009375 0.009375
1 0.778125 0.5484375 0.0984375 0.2078125
0 0.7875 0.4609375 0.025 0.0265625
1 0.775 0.5703125 0.0515625 0.1359375
0 0.775 0.5125 0.0203125 0.01875
1 0.8109375 0.534375 0.053125 0.2015625
0 0.8125 0.4484375 0.025 0.0234375
1 0.8390625 0.578125 0.0375 0.1125
0 0.8390625 0.5390625 0.01875 0.0171875
1 0.85 0.525 0.0421875 0.1265625
0 0.8484375 0.4734375 0.01875 0.0171875
1 0.89375 0.61875 0.115625 0.3
0 0.8859375 0.49375 0.0359375 0.040625
1 0.9609375 0.6234375 0.0734375 0.3109375
0 0.9890625 0.4953125 0.015625 0.04375
1 0.9609375 0.54375 0.05625 0.1734375
0 0.959375 0.471875 0.0296875 0.0234375
1 0.98125 0.540625 0.0328125 0.1609375
0 0.98125 0.4734375 0.021875 0.0234375
1 0.9203125 0.5171875 0.03125 0.1265625
0 0.9171875 0.4640625 0.0140625 0.0171875