1 0.9 0.696875 0.0234375 0.0671875
0 0.9 0.6796875 0.0109375 0.009375
1 0.9203125 0.6984375 0.03125 0.0671875
0 0.921875 0.671875 0.009375 0.009375
1 0.94375 0.6984375 0.021875 0.0703125
0 0.9421875 0.6734375 0.0078125 0.009375
1 0.9625 0.696875 0.025 0.065625
0 0.9625 0.66875 0.009375 0.009375
1 0.98125 0.696875 0.0265625 0.071875
0 0.9796875 0.66875 0.0109375 0.0109375
1 0.9921875 0.6953125 0.0078125 0.059375
0 0.9953125 0.6671875 0 0.00625
1 0.784375 0.703125 0.01875 0.0578125
0 0.7859375 0.6796875 0.00625 0.009375
1 0.4265625 0.715625 0.0359375 0.0578125
0 0.4234375 0.6953125 0.0078125 0.009375
1 0.0171875 0.6953125 0.01875 0.0328125
0 0.0171875 0.68125 0.0046875 0.003125
1 0.1 0.6953125 0.0171875 0.0421875
0 0.1015625 0.6796875 0.00625 0.00625
1 0.115625 0.6953125 0.021875 0.046875
0 0.1171875 0.678125 0.00625 0.00625
1 0.1265625 0.6953125 0.0171875 0.0453125
0 0.1265625 0.6796875 0.00625 0.00625
1 0.1359375 0.6953125 0.01875 0.046875
0 0.1390625 0.6796875 0.00625 0.00625
1 0.178125 0.69375 0.0171875 0.0375
0 0.178125 0.6796875 0.00625 0.00625
1 0.190625 0.6953125 0.015625 0.034375
0 0.19375 0.68125 0.00625 0.00625