1 0.0296875 0.684375 0.0390625 0.128125
0 0.0296875 0.6328125 0.0171875 0.01875
1 0.065625 0.6640625 0.046875 0.1015625
0 0.071875 0.621875 0.0140625 0.0140625
1 0.090625 0.69375 0.05625 0.140625
0 0.090625 0.6375 0.015625 0.01875
1 0.0828125 0.6625 0.040625 0.096875
0 0.0859375 0.621875 0.0140625 0.0140625
1 0.1390625 0.6984375 0.0734375 0.1515625
0 0.140625 0.6328125 0.01875 0.0203125
1 0.1171875 0.65625 0.034375 0.0921875
0 0.11875 0.615625 0.009375 0.009375
1 0.221875 0.6984375 0.0765625 0.1578125
0 0.2234375 0.634375 0.0265625 0.028125
1 0.196875 0.66875 0.046875 0.1140625
0 0.1953125 0.6234375 0.0140625 0.015625
1 0.259375 0.696875 0.0578125 0.159375
0 0.25 0.6296875 0.01875 0.0203125
1 0.2703125 0.6640625 0.05625 0.1078125
0 0.26875 0.6203125 0.0109375 0.0140625
1 0.2421875 0.625 0.0234375 0.0515625
0 0.2421875 0.6046875 0.0046875 0.00625
1 0.3796875 0.671875 0.0359375 0.0953125
0 0.38125 0.6328125 0.0109375 0.0140625
1 0.3921875 0.7 0.0765625 0.14375
0 0.3875 0.6390625 0.01875 0.0171875
1 0.446875 0.6828125 0.065625 0.1515625
0 0.453125 0.61875 0.015625 0.01875
1 0.45625 0.70625 0.0515625 0.134375
0 0.4625 0.65 0.015625 0.01875
1 0.4890625 0.6828125 0.0328125 0.1046875
0 0.4875 0.6421875 0.009375 0.0109375
1 0.5375 0.6828125 0.0484375 0.1125
0 0.53125 0.6375 0.0140625 0.0140625
1 0.5703125 0.6546875 0.0234375 0.065625
0 0.5671875 0.63125 0.009375 0.009375
1 0.5890625 0.659375 0.0234375 0.0703125
0 0.590625 0.63125 0.009375 0.009375
1 0.63125 0.6671875 0.0421875 0.0796875
0 0.6375 0.6359375 0.009375 0.009375
1 0.634375 0.6484375 0.0265625 0.0734375
0 0.634375 0.621875 0.009375 0.009375
1 0.659375 0.6890625 0.1765625 0.175
0 0.675 0.6703125 0.053125 0.065625
1 0.7203125 0.7 0.071875 0.1546875
0 0.73125 0.6359375 0.0234375 0.0234375
1 0.8046875 0.6921875 0.0359375 0.1265625
0 0.8078125 0.6390625 0.0140625 0.0171875
1 0.4125 0.66875 0.0328125 0.090625
0 0.4171875 0.63125 0.009375 0.009375