1 0.065625 0.6640625 0.13125 0.2265625
0 0.071875 0.5828125 0.0421875 0.0515625
1 0.178125 0.6453125 0.1640625 0.2640625
0 0.16875 0.546875 0.046875 0.0578125
1 0.3734375 0.659375 0.1171875 0.234375
0 0.3859375 0.5671875 0.0421875 0.0421875
1 0.5046875 0.6640625 0.1265625 0.2265625
0 0.509375 0.578125 0.0375 0.046875
1 0.71875 0.6375 0.2046875 0.278125
0 0.7234375 0.5546875 0.0671875 0.084375
1 0.0359375 0.634375 0.0671875 0.1890625
0 0.0484375 0.5546875 0.0203125 0.025
1 0.1296875 0.66875 0.0546875 0.20625
0 0.13125 0.5828125 0.028125 0.03125
1 0.0953125 0.60625 0.040625 0.1359375
0 0.0890625 0.5515625 0.01875 0.0203125
1 0.2203125 0.6171875 0.028125 0.1296875
0 0.21875 0.5609375 0.0140625 0.015625
1 0.278125 0.6171875 0.05 0.146875
0 0.284375 0.55625 0.0140625 0.01875
1 0.25 0.596875 0.0234375 0.1078125
0 0.253125 0.5515625 0.009375 0.0140625
1 0.259375 0.596875 0.0328125 0.1078125
0 0.26875 0.5515625 0.0140625 0.015625
1 0.309375 0.6484375 0.0640625 0.1609375
0 0.3078125 0.5796875 0.01875 0.01875
1 0.3265625 0.621875 0.0453125 0.146875
0 0.3171875 0.5625 0.01875 0.0234375
1 0.3609375 0.5953125 0.0234375 0.065625
0 0.3625 0.5703125 0.009375 0.009375
1 0.3421875 0.6046875 0.0203125 0.0796875
0 0.3390625 0.571875 0.0140625 0.0140625
1 0.3484375 0.590625 0.01875 0.075
0 0.34375 0.5609375 0.00625 0.009375
1 0.4203125 0.5984375 0.0234375 0.065625
0 0.4234375 0.571875 0.009375 0.009375
1 0.4390625 0.596875 0.0234375 0.0640625
0 0.4390625 0.5703125 0.009375 0.009375
1 0.45625 0.596875 0.0359375 0.0796875
0 0.459375 0.5640625 0.009375 0.009375
1 0.6078125 0.6171875 0.0375 0.1015625
0 0.6125 0.5734375 0.0140625 0.0109375
1 0.6421875 0.6953125 0.0828125 0.1640625
0 0.6453125 0.63125 0.0234375 0.028125
1 0.709375 0.653125 0.121875 0.246875
0 0.7015625 0.565625 0.0375 0.0515625
1 0.7859375 0.603125 0.01875 0.05625
0 0.7859375 0.584375 0.0046875 0.009375
1 0.809375 0.7171875 0.075 0.121875
0 0.8015625 0.6828125 0.0328125 0.04375
1 0.8890625 0.70625 0.1078125 0.140625
0 0.871875 0.6546875 0.0328125 0.034375
1 0.9390625 0.675 0.0640625 0.1078125
0 0.9375 0.63125 0.0234375 0.021875
1 0.840625 0.6921875 0.075 0.14375
0 0.8359375 0.6390625 0.03125 0.0328125
1 0.840625 0.66875 0.0671875 0.1140625
0 0.8390625 0.640625 0.0328125 0.0328125
1 0.990625 0.625 0.0109375 0.0921875
0 0.9953125 0.5890625 0.003125 0.0109375
1 0.9515625 0.65 0.0421875 0.121875
0 0.953125 0.603125 0.01875 0.01875
1 0.9390625 0.6359375 0.028125 0.11875
0 0.9390625 0.5890625 0.0140625 0.0203125
1 0.9171875 0.6453125 0.059375 0.1640625
0 0.921875 0.58125 0.0203125 0.025
1 0.8921875 0.6765625 0.0515625 0.1046875
0 0.8859375 0.640625 0.0203125 0.0234375
1 0.8984375 0.6421875 0.0453125 0.1359375
0 0.9046875 0.5890625 0.01875 0.0203125
1 0.8703125 0.6296875 0.03125 0.0984375
0 0.8671875 0.5921875 0.0109375 0.0140625
1 0.85 0.6296875 0.040625 0.0984375
0 0.840625 0.5890625 0.0140625 0.0109375