1 0.74375 0.6234375 0.3484375 0.4984375
0 0.7609375 0.40625 0.115625 0.1703125
1 0.8421875 0.596875 0.2109375 0.5515625
0 0.853125 0.365625 0.08125 0.0859375
1 0.8890625 0.5671875 0.2125 0.515625
0 0.890625 0.3421875 0.0515625 0.059375
1 0.95625 0.565625 0.0828125 0.378125
0 0.98125 0.403125 0.0328125 0.0546875
1 0.6484375 0.584375 0.19375 0.484375
0 0.678125 0.3796875 0.0609375 0.06875
1 0.5359375 0.5453125 0.115625 0.396875
0 0.540625 0.3765625 0.04375 0.0515625
1 0.5203125 0.4953125 0.1015625 0.3015625
0 0.525 0.36875 0.0265625 0.040625
1 0.4046875 0.6171875 0.1640625 0.5109375
0 0.4 0.3921875 0.071875 0.05
1 0.459375 0.5890625 0.13125 0.36875
0 0.4578125 0.43125 0.04375 0.0484375
1 0.228125 0.5734375 0.153125 0.4125
0 0.2375 0.396875 0.046875 0.0515625
1 0.175 0.6 0.171875 0.5453125
0 0.1875 0.375 0.084375 0.0859375
1 0.0546875 0.6203125 0.1078125 0.434375
0 0.0421875 0.434375 0.046875 0.059375