1 0.746875 0.6625 0.36875 0.33125
0 0.7625 0.6 0.0890625 0.0953125
1 0.671875 0.6625 0.2125 0.33125
0 0.6828125 0.546875 0.0703125 0.08125
1 0.8125 0.634375 0.1171875 0.3875
0 0.79375 0.471875 0.0515625 0.059375
1 0.9015625 0.63125 0.190625 0.39375
0 0.940625 0.484375 0.075 0.09375
1 0.84375 0.5546875 0.075 0.1796875
0 0.8390625 0.484375 0.0234375 0.028125
1 0.7625 0.60625 0.084375 0.253125
0 0.7578125 0.5078125 0.0375 0.04375
1 0.6375 0.653125 0.1421875 0.35
0 0.6484375 0.5078125 0.05625 0.0546875
1 0.60625 0.63125 0.1328125 0.39375
0 0.6234375 0.4625 0.05 0.0484375
1 0.5234375 0.653125 0.1 0.3515625
0 0.5109375 0.5078125 0.0515625 0.0515625
1 0.5 0.6 0.0890625 0.215625
0 0.5 0.5015625 0.021875 0.021875
1 0.578125 0.5859375 0.075 0.2484375
0 0.5765625 0.4828125 0.0265625 0.0328125
1 0.4296875 0.65 0.11875 0.2515625
0 0.4375 0.546875 0.0265625 0.0375
1 0.4 0.609375 0.071875 0.2578125
0 0.403125 0.5015625 0.028125 0.0328125
1 0.359375 0.6375 0.128125 0.36875
0 0.3515625 0.484375 0.040625 0.0484375
1 0.259375 0.65625 0.1703125 0.3453125
0 0.259375 0.5203125 0.05 0.059375
1 0.1 0.69375 0.19375 0.26875
0 0.090625 0.61875 0.0703125 0.090625
1 0.096875 0.6640625 0.1625 0.328125
0 0.11875 0.534375 0.04375 0.0546875
1 0.16875 0.6609375 0.1140625 0.334375
0 0.16875 0.5234375 0.04375 0.0515625
1 0.0515625 0.6171875 0.0984375 0.2625
0 0.0421875 0.509375 0.034375 0.034375
1 0.1171875 0.575 0.08125 0.2578125
0 0.11875 0.4703125 0.03125 0.04375
1 0.23125 0.58125 0.0890625 0.2265625
0 0.240625 0.4875 0.0328125 0.0328125
1 0.303125 0.6109375 0.10625 0.3375
0 0.3015625 0.46875 0.034375 0.04375
1 0.4390625 0.528125 0.05625 0.1546875
0 0.4421875 0.4625 0.01875 0.025
1 0.0203125 0.55625 0.0359375 0.165625
0 0.009375 0.4875 0.015625 0.021875
1 0.70625 0.54375 0.0515625 0.153125
0 0.715625 0.48125 0.0234375 0.025
1 0.66875 0.540625 0.04375 0.1640625
0 0.671875 0.4765625 0.0328125 0.0328125