1 0.01171875 0.596875 0.0234375 0.08125
0 0.0109375 0.5671875 0.0125 0.0125
1 0.0140625 0.625 0.025 0.04375
0 0.015625 0.6125 0.0109375 0.0109375
1 0.021875 0.6296875 0.0203125 0.0390625
0 0.0203125 0.6203125 0.0109375 0.0109375
1 0.05 0.634375 0.0296875 0.0453125
0 0.05 0.6203125 0.009375 0.0109375
1 0.078125 0.6578125 0.0421875 0.05625
0 0.0828125 0.6390625 0.0125 0.0140625
1 0.0953125 0.6546875 0.04375 0.0546875
0 0.0984375 0.6359375 0.0140625 0.0140625
1 0.0609375 0.721875 0.0453125 0.071875
0 0.0703125 0.696875 0.015625 0.0171875
1 0.084375 0.7109375 0.046875 0.0796875
0 0.075 0.6796875 0.0125 0.0109375
1 0.1296875 0.6515625 0.040625 0.1125
0 0.140625 0.60625 0.015625 0.015625
1 0.1828125 0.6640625 0.0625 0.0984375
0 0.196875 0.6296875 0.0171875 0.021875
1 0.2796875 0.678125 0.0609375 0.0640625
0 0.3 0.6578125 0.01875 0.01875
1 0.15625 0.5640625 0.046875 0.0328125
0 0.171875 0.55625 0.0109375 0.0109375
1 0.403125 0.5125 0.025 0.0390625
0 0.4046875 0.5 0.00625 0.0078125
1 0.465625 0.465625 0.021875 0.0421875
0 0.4625 0.4515625 0.0078125 0.0078125
1 0.4734375 0.5171875 0.01875 0.05
0 0.4765625 0.496875 0.0078125 0.00625
1 0.5328125 0.471875 0.0140625 0.0421875
0 0.534375 0.4578125 0.00625 0.0078125
1 0.546875 0.4671875 0.0171875 0.0421875
0 0.5484375 0.4515625 0.00625 0.0046875
1 0.446875 0.56875 0.046875 0.021875
0 0.4453125 0.5625 0.0078125 0.0078125
1 0.5046875 0.596875 0.0265625 0.075
0 0.5109375 0.5671875 0.0109375 0.009375
1 0.5359375 0.596875 0.0265625 0.078125
0 0.5375 0.5640625 0.009375 0.009375
1 0.540625 0.56875 0.0203125 0.065625
0 0.5421875 0.5453125 0.009375 0.009375
1 0.5578125 0.565625 0.021875 0.071875
0 0.5578125 0.5375 0.009375 0.0109375
1 0.6125 0.5734375 0.0328125 0.0453125
0 0.615625 0.559375 0.0078125 0.009375
1 0.6390625 0.56875 0.025 0.0265625
0 0.6390625 0.5625 0.0078125 0.0109375
1 0.653125 0.571875 0.0390625 0.05
0 0.6625 0.5546875 0.0109375 0.0109375
1 0.65625 0.5296875 0.01875 0.0421875
0 0.65625 0.515625 0.0078125 0.0078125
1 0.665625 0.534375 0.021875 0.05
0 0.66875 0.515625 0.00625 0.0078125
1 0.71875 0.5625 0.0390625 0.040625
0 0.73125 0.5484375 0.009375 0.0078125
1 0.83125 0.540625 0.0234375 0.0609375
0 0.8296875 0.51875 0.009375 0.0109375
1 0.4859375 0.66875 0.04375 0.0640625
0 0.4765625 0.646875 0.0140625 0.0140625
1 0.5375 0.6453125 0.05 0.059375
0 0.54375 0.6296875 0.015625 0.0171875
1 0.640625 0.6359375 0.040625 0.059375
0 0.6359375 0.61875 0.0125 0.0125
1 0.7484375 0.6296875 0.040625 0.0609375
0 0.7578125 0.6125 0.0125 0.0125
1 0.7 0.6265625 0.040625 0.059375
0 0.703125 0.6078125 0.0140625 0.015625
1 0.6890625 0.628125 0.0328125 0.0515625
0 0.6953125 0.6125 0.0140625 0.0125
1 0.83125 0.6015625 0.0328125 0.0796875
0 0.8296875 0.5734375 0.0140625 0.0125
1 0.9921875 0.5765625 0.0078125 0.0671875
0 0.996875 0.5515625 0 0.009375
1 0.959375 0.5546875 0.025 0.0484375
0 0.9515625 0.5390625 0.009375 0.009375
1 0.940625 0.5546875 0.0140625 0.0515625
0 0.9421875 0.5359375 0.009375 0.0078125