1 0.9015625 0.29375 0.04375 0.0734375
0 0.915625 0.2640625 0.0109375 0.0109375
1 0.884375 0.3 0.05 0.0890625
0 0.9 0.265625 0.0125 0.0140625
1 0.803125 0.3046875 0.05 0.084375
0 0.8171875 0.2703125 0.0140625 0.0125
1 0.825 0.3046875 0.03125 0.084375
0 0.834375 0.2703125 0.0125 0.0125
1 0.834375 0.2890625 0.0203125 0.0625
0 0.8328125 0.2703125 0.0125 0.0125
1 0.8609375 0.3015625 0.0375 0.0828125
0 0.86875 0.26875 0.0140625 0.015625
1 0.9625 0.3078125 0.046875 0.0859375
0 0.971875 0.2734375 0.0109375 0.0125
1 0.96875 0.321875 0.05625 0.0921875
0 0.9890625 0.2859375 0.015625 0.015625
1 0.9140625 0.40625 0.1203125 0.2421875
0 0.940625 0.3078125 0.0421875 0.0359375
1 0.809375 0.3859375 0.1125 0.2046875
0 0.85 0.3046875 0.03125 0.034375
1 0.928125 0.49375 0.1359375 0.2375
0 0.9875 0.3953125 0.01875 0.0375
1 0.8046875 0.5421875 0.1921875 0.3
0 0.85625 0.425 0.0546875 0.0578125
1 0.8578125 0.603125 0.2765625 0.3625
0 0.9546875 0.4671875 0.084375 0.075
1 0.8703125 0.7328125 0.2515625 0.1921875
0 0.9515625 0.7375 0.0890625 0.16875
1 0.64375 0.3578125 0.0484375 0.1359375
0 0.65 0.303125 0.01875 0.0203125
1 0.68125 0.3734375 0.04375 0.15
0 0.68125 0.3171875 0.025 0.025
1 0.6390625 0.396875 0.0796875 0.1921875
0 0.6546875 0.3171875 0.025 0.0265625
1 0.546875 0.3984375 0.06875 0.1875
0 0.5484375 0.3203125 0.0203125 0.021875
1 0.325 0.3203125 0.04375 0.1015625
0 0.315625 0.28125 0.015625 0.01875
1 0.3734375 0.2953125 0.034375 0.0984375
0 0.3625 0.253125 0.009375 0.009375
1 0.671875 0.4765625 0.1515625 0.284375
0 0.696875 0.365625 0.04375 0.05625
1 0.5734375 0.465625 0.125 0.3125
0 0.5734375 0.34375 0.040625 0.05625
1 0.4671875 0.46875 0.1125 0.3296875
0 0.4625 0.3390625 0.04375 0.0625
1 0.3890625 0.496875 0.1125 0.2515625
0 0.3796875 0.40625 0.0375 0.0453125
1 0.3546875 0.5578125 0.1265625 0.3265625
0 0.3390625 0.434375 0.05 0.0625
1 0.271875 0.5265625 0.125 0.365625
0 0.2625 0.3796875 0.05 0.0625
1 0.16875 0.4546875 0.1046875 0.2296875
0 0.1484375 0.359375 0.040625 0.03125
1 0.209375 0.4859375 0.1328125 0.3125
0 0.18125 0.3578125 0.05625 0.05
1 0.3296875 0.6078125 0.23125 0.4125
0 0.3 0.45625 0.0890625 0.1
1 0.2046875 0.5953125 0.2765625 0.371875
0 0.13125 0.45625 0.1046875 0.0890625
1 0.10625 0.6109375 0.209375 0.3640625
0 0.0171875 0.4625 0.0296875 0.0625
1 0.078125 0.5078125 0.15 0.2796875
0 0.015625 0.390625 0.025 0.04375
1 0.540625 0.6640625 0.2546875 0.33125
0 0.5296875 0.571875 0.14375 0.13125