1 0.1359375 0.81875 0.034375 0.08125
0 0.1375 0.7859375 0.0078125 0.0109375
1 0.325 0.7828125 0.03125 0.0859375
0 0.3203125 0.7515625 0.0125 0.015625
1 0.38125 0.7671875 0.025 0.0625
0 0.3828125 0.7453125 0.0078125 0.0109375
1 0.4625 0.753125 0.03125 0.071875
0 0.465625 0.7234375 0.0078125 0.0078125
1 0.7296875 0.7140625 0.0203125 0.05625
0 0.734375 0.6921875 0.00625 0.00625
1 0.8359375 0.7109375 0.0546875 0.1046875
0 0.8390625 0.6671875 0.015625 0.0140625
1 0.946875 0.7203125 0.0578125 0.1765625
0 0.9515625 0.65 0.025 0.0265625
1 0.43125 0.815625 0.121875 0.1078125
0 0.4578125 0.778125 0.025 0.025
1 0.4265625 0.7859375 0.053125 0.0609375
0 0.434375 0.7671875 0.0140625 0.015625
1 0.3734375 0.79375 0.0625 0.0609375
0 0.3734375 0.7765625 0.0171875 0.0171875
1 0.459375 0.8015625 0.1078125 0.09375
0 0.471875 0.7734375 0.0234375 0.03125
1 0.3109375 0.803125 0.0546875 0.05625
0 0.3171875 0.7875 0.0140625 0.0171875
1 0.7375 0.7375 0.04375 0.046875
0 0.74375 0.725 0.0140625 0.0140625
1 0.771875 0.7625 0.115625 0.053125
0 0.8234375 0.746875 0.0140625 0.015625
1 0.8171875 0.7515625 0.0859375 0.05
0 0.8453125 0.740625 0.0125 0.015625