1 0.925 0.6890625 0.0828125 0.225
0 0.925 0.596875 0.025 0.0328125
1 0.9609375 0.678125 0.0734375 0.20625
0 0.959375 0.5953125 0.0265625 0.03125
1 0.978125 0.66875 0.0375 0.1671875
0 0.9875 0.596875 0.0171875 0.01875
1 0.9359375 0.653125 0.05 0.18125
0 0.9390625 0.5765625 0.0234375 0.01875
1 0.8859375 0.65 0.059375 0.1390625
0 0.8921875 0.5921875 0.015625 0.0171875
1 0.8515625 0.6640625 0.0625 0.1671875
0 0.8546875 0.5921875 0.015625 0.0203125
1 0.8515625 0.640625 0.05 0.146875
0 0.85 0.578125 0.0125 0.015625
1 0.8359375 0.6484375 0.0546875 0.1515625
0 0.840625 0.584375 0.021875 0.021875
1 0.7953125 0.696875 0.0828125 0.221875
0 0.8015625 0.6015625 0.025 0.0296875
1 0.809375 0.653125 0.05 0.1671875
0 0.8078125 0.58125 0.01875 0.01875
1 0.7796875 0.659375 0.05 0.1484375
0 0.7796875 0.5984375 0.021875 0.01875
1 0.7578125 0.6484375 0.0484375 0.1265625
0 0.7578125 0.5953125 0.015625 0.015625
1 0.759375 0.6390625 0.0546875 0.134375
0 0.7640625 0.5828125 0.015625 0.0171875
1 0.7203125 0.653125 0.0484375 0.1578125
0 0.7203125 0.584375 0.0203125 0.0203125
1 0.7265625 0.6328125 0.0359375 0.1296875
0 0.7296875 0.578125 0.015625 0.0140625
1 0.690625 0.63125 0.0375 0.109375
0 0.69375 0.584375 0.0125 0.0140625
1 0.6703125 0.6265625 0.0453125 0.134375
0 0.6671875 0.571875 0.0140625 0.015625
1 0.6328125 0.6359375 0.0453125 0.1171875
0 0.63125 0.5859375 0.0109375 0.0140625
1 0.6046875 0.6265625 0.0203125 0.0765625
0 0.6046875 0.5953125 0.0078125 0.0125
1 0.6453125 0.621875 0.0296875 0.08125
0 0.6453125 0.5890625 0.009375 0.0109375
1 0.575 0.6234375 0.0296875 0.0859375
0 0.571875 0.5890625 0.0109375 0.0125
1 0.5828125 0.6234375 0.025 0.084375
0 0.5828125 0.5875 0.009375 0.0109375
1 0.5921875 0.6203125 0.0234375 0.0828125
0 0.590625 0.5875 0.0078125 0.0109375
1 0.609375 0.61875 0.01875 0.075
0 0.609375 0.5890625 0.0078125 0.0109375
1 0.5671875 0.615625 0.028125 0.09375
0 0.5640625 0.5765625 0.009375 0.0140625
1 0.5375 0.61875 0.028125 0.06875
0 0.540625 0.5921875 0.0078125 0.0125
1 0.528125 0.6078125 0.03125 0.065625
0 0.534375 0.58125 0.0078125 0.0078125
1 0.5203125 0.60625 0.01875 0.0609375
0 0.5234375 0.5828125 0.00625 0.009375
1 0.5046875 0.6 0.0265625 0.0609375
0 0.509375 0.575 0.0046875 0.00625
1 0.5046875 0.5921875 0.0171875 0.05
0 0.50625 0.571875 0.0046875 0.0078125
1 0.4796875 0.61875 0.034375 0.0953125
0 0.478125 0.5796875 0.009375 0.0125
1 0.5 0.5890625 0.021875 0.0484375
0 0.5 0.5703125 0.0046875 0.0078125
1 0.553125 0.6078125 0.0203125 0.0671875
0 0.5515625 0.5796875 0.0078125 0.009375
1 0.278125 0.725 0.16875 0.278125
0 0.2375 0.6109375 0.0328125 0.0453125
1 0.090625 0.70625 0.1625 0.315625
0 0.125 0.575 0.0453125 0.05
1 0.040625 0.715625 0.078125 0.2984375
0 0.0109375 0.596875 0.0203125 0.0578125
1 0.059375 0.6875 0.071875 0.265625
0 0.065625 0.571875 0.021875 0.028125
1 0.0921875 0.621875 0.0359375 0.128125
0 0.096875 0.5703125 0.015625 0.01875
1 0.1453125 0.6453125 0.0671875 0.16875
0 0.15625 0.5765625 0.015625 0.0234375
1 0.1734375 0.646875 0.05625 0.1453125
0 0.165625 0.5890625 0.0171875 0.0203125
1 0.1875 0.6359375 0.028125 0.090625
0 0.19375 0.6015625 0.009375 0.0140625
1 0.18125 0.628125 0.03125 0.1015625
0 0.1828125 0.584375 0.0125 0.0140625
1 0.2296875 0.65625 0.05 0.159375
0 0.225 0.590625 0.015625 0.01875
1 0.28125 0.640625 0.04375 0.1359375
0 0.2828125 0.5828125 0.015625 0.0171875
1 0.3015625 0.63125 0.0390625 0.109375
0 0.2984375 0.5859375 0.009375 0.015625
1 0.328125 0.6203125 0.034375 0.08125
0 0.325 0.5859375 0.0078125 0.009375
1 0.33125 0.6109375 0.028125 0.0671875
0 0.33125 0.584375 0.0078125 0.009375
1 0.2546875 0.621875 0.0375 0.0984375
0 0.2515625 0.58125 0.0125 0.015625
1 0.221875 0.6203125 0.040625 0.090625
0 0.2234375 0.5875 0.015625 0.0203125