1 0.0375 0.578125 0.0703125 0.1875
0 0.028125 0.5 0.03125 0.0296875
1 0.1546875 0.5203125 0.0328125 0.084375
0 0.1578125 0.4890625 0.009375 0.0109375
1 0.1890625 0.5578125 0.0453125 0.14375
0 0.1921875 0.5 0.0140625 0.015625
1 0.2515625 0.559375 0.059375 0.165625
0 0.2453125 0.4875 0.015625 0.0203125
1 0.2609375 0.6203125 0.13125 0.2859375
0 0.26875 0.4984375 0.03125 0.0390625
1 0.3046875 0.59375 0.1296875 0.2640625
0 0.315625 0.48125 0.0328125 0.0375
1 0.3453125 0.5859375 0.08125 0.1796875
0 0.34375 0.509375 0.0265625 0.025
1 0.3953125 0.5421875 0.0375 0.1
0 0.3984375 0.5015625 0.0140625 0.0140625
1 0.425 0.5609375 0.05 0.1265625
0 0.4296875 0.509375 0.0140625 0.015625
1 0.4515625 0.5765625 0.0609375 0.178125
0 0.4453125 0.503125 0.01875 0.0234375
1 0.5203125 0.5515625 0.05 0.1234375
0 0.5234375 0.5 0.01875 0.0203125
1 0.634375 0.559375 0.065625 0.1265625
0 0.6328125 0.509375 0.015625 0.0203125
1 0.8234375 0.553125 0.0421875 0.1015625
0 0.8234375 0.509375 0.009375 0.0109375
1 0.85625 0.5515625 0.0421875 0.109375
0 0.859375 0.509375 0.015625 0.01875
1 0.9078125 0.6296875 0.0859375 0.2828125
0 0.9203125 0.515625 0.028125 0.0375
1 0.96875 0.5859375 0.05625 0.1921875
0 0.975 0.5078125 0.0203125 0.025
1 0.278125 0.571875 0.0421875 0.115625
0 0.278125 0.528125 0.0140625 0.015625
1 0.3171875 0.5375 0.0328125 0.09375
0 0.321875 0.5046875 0.009375 0.0140625