1 0.9546875 0.5078125 0.0828125 0.2953125
0 0.9671875 0.3875 0.028125 0.0359375
1 0.9421875 0.459375 0.08125 0.3203125
0 0.95625 0.34375 0.028125 0.0375
1 0.909375 0.4765625 0.0890625 0.3
0 0.9234375 0.346875 0.03125 0.0375
1 0.8484375 0.5015625 0.0859375 0.2875
0 0.834375 0.3859375 0.0328125 0.046875
1 0.84375 0.540625 0.071875 0.2015625
0 0.8421875 0.4546875 0.028125 0.03125
1 0.85625 0.478125 0.075 0.2609375
0 0.8546875 0.3765625 0.028125 0.0390625
1 0.70625 0.4859375 0.1078125 0.2921875
0 0.7296875 0.359375 0.028125 0.0359375
1 0.7546875 0.4890625 0.08125 0.2828125
0 0.7625 0.365625 0.028125 0.0375
1 0.7921875 0.4875 0.0578125 0.24375
0 0.796875 0.3890625 0.028125 0.03125
1 0.815625 0.471875 0.071875 0.2734375
0 0.8171875 0.35625 0.028125 0.0359375
1 0.6390625 0.515625 0.0625 0.2078125
0 0.6515625 0.434375 0.0234375 0.0328125
1 0.6578125 0.4828125 0.0984375 0.284375
0 0.653125 0.3640625 0.0328125 0.0421875
1 0.6828125 0.478125 0.0671875 0.2671875
0 0.6921875 0.365625 0.0328125 0.0359375
1 0.63125 0.35625 0.053125 0.115625
0 0.6359375 0.3140625 0.0234375 0.028125
1 0.621875 0.475 0.0609375 0.2640625
0 0.621875 0.365625 0.028125 0.0375
1 0.5375 0.46875 0.121875 0.328125
0 0.5328125 0.340625 0.0453125 0.0453125
1 0.5859375 0.4765625 0.0859375 0.2640625
0 0.571875 0.375 0.028125 0.0328125
1 0.34375 0.534375 0.084375 0.1421875
0 0.3484375 0.4796875 0.01875 0.028125
1 0.4125 0.4765625 0.0828125 0.2359375
0 0.4171875 0.3796875 0.0265625 0.0375
1 0.446875 0.4671875 0.071875 0.2546875
0 0.446875 0.3609375 0.028125 0.0359375
1 0.3546875 0.4640625 0.078125 0.246875
0 0.359375 0.3609375 0.0265625 0.0328125
1 0.246875 0.4625 0.1078125 0.296875
0 0.2453125 0.35 0.0328125 0.0421875
1 0.3 0.4671875 0.05625 0.225
0 0.3046875 0.371875 0.028125 0.028125
1 0.3109375 0.4421875 0.08125 0.2625
0 0.309375 0.353125 0.028125 0.028125
1 0.2140625 0.45625 0.0734375 0.2703125
0 0.2203125 0.3421875 0.0328125 0.0375
1 0.165625 0.4671875 0.0765625 0.2671875
0 0.1609375 0.3546875 0.028125 0.0375
1 0.153125 0.45625 0.0734375 0.2546875
0 0.1453125 0.3484375 0.0234375 0.0328125
1 0.08125 0.5234375 0.0984375 0.14375
0 0.0625 0.4734375 0.0265625 0.0375
1 0.0984375 0.4671875 0.071875 0.2265625
0 0.0953125 0.375 0.028125 0.034375
1 0.071875 0.4609375 0.0640625 0.2015625
0 0.0703125 0.38125 0.0234375 0.0296875
1 0.0484375 0.46875 0.071875 0.24375
0 0.0421875 0.3671875 0.0265625 0.0328125