1 0.028125 0.546875 0.053125 0.1453125
0 0.0171875 0.4875 0.0171875 0.0203125
1 0.1578125 0.5375 0.0484375 0.1078125
0 0.1625 0.4921875 0.0125 0.0125
1 0.515625 0.603125 0.1328125 0.2625
0 0.5265625 0.4890625 0.0296875 0.03125
1 0.6734375 0.6140625 0.1265625 0.315625
0 0.6640625 0.478125 0.034375 0.0359375
1 0.828125 0.5984375 0.096875 0.24375
0 0.8046875 0.49375 0.028125 0.0296875
1 0.903125 0.534375 0.0359375 0.1015625
0 0.909375 0.4921875 0.0125 0.0125
1 0.93125 0.51875 0.01875 0.05
0 0.9296875 0.4984375 0.0078125 0.009375
1 0.965625 0.553125 0.05 0.140625
0 0.96875 0.4921875 0.015625 0.0171875
1 0.9609375 0.5359375 0.03125 0.103125
0 0.959375 0.4921875 0.009375 0.0125
1 0.9421875 0.5359375 0.034375 0.0859375
0 0.95 0.4984375 0.009375 0.009375
1 0.5625 0.5078125 0.009375 0.0234375
0 0.5625 0.4984375 0.0015625 0.003125