1 0.1421875 0.5796875 0.20625 0.3953125
0 0.121875 0.4015625 0.0640625 0.0765625
1 0.25 0.5390625 0.0140625 0.0421875
0 0.2515625 0.5234375 0.0046875 0.00625
1 0.2828125 0.503125 0.028125 0.0859375
0 0.2828125 0.503125 0.028125 0.0859375
1 0.3578125 0.5796875 0.0765625 0.1921875
0 0.35 0.503125 0.0265625 0.03125
1 0.390625 0.5390625 0.01875 0.0375
0 0.390625 0.5234375 0.0046875 0.00625
1 0.4375 0.5515625 0.046875 0.1234375
0 0.440625 0.496875 0.0140625 0.0140625
1 0.540625 0.5484375 0.05 0.128125
0 0.5421875 0.496875 0.0140625 0.01875
1 0.565625 0.540625 0.0375 0.1078125
0 0.5671875 0.4953125 0.009375 0.0140625
1 0.5890625 0.5515625 0.040625 0.0953125
0 0.5890625 0.5125 0.0140625 0.015625
1 0.6203125 0.5421875 0.0234375 0.0703125
0 0.621875 0.5140625 0.009375 0.009375
1 0.6578125 0.5453125 0.0453125 0.1296875
0 0.6640625 0.4921875 0.0140625 0.01875
1 0.6765625 0.540625 0.040625 0.1078125
0 0.6765625 0.4953125 0.0109375 0.015625
1 0.725 0.5359375 0.046875 0.1140625
0 0.7203125 0.4875 0.0140625 0.015625
1 0.7609375 0.5328125 0.01875 0.0453125
0 0.7640625 0.515625 0.0046875 0.00625
1 0.853125 0.53125 0.03125 0.0734375
0 0.853125 0.5015625 0.009375 0.009375
1 0.8640625 0.5265625 0.028125 0.0640625
0 0.8609375 0.5015625 0.009375 0.009375
1 0.91875 0.53125 0.0375 0.0703125
0 0.915625 0.503125 0.009375 0.0140625
1 0.3140625 0.5359375 0.0140625 0.0515625
0 0.3140625 0.515625 0.0046875 0.0078125
1 0.3265625 0.5390625 0.0140625 0.0453125
0 0.325 0.5203125 0.00625 0.0078125
1 0.46875 0.5328125 0.009375 0.028125
0 0.46875 0.5203125 0.0046875 0.003125
1 0.4875 0.525 0.009375 0.03125
0 0.4875 0.5140625 0.0046875 0.00625
1 0.5546875 0.515625 0.0109375 0.0390625
0 0.5546875 0.5046875 0.0046875 0.0078125
1 0.63125 0.5265625 0.009375 0.0359375
0 0.63125 0.5140625 0.0046875 0.0046875
1 0.7015625 0.534375 0.0140625 0.05
0 0.7015625 0.515625 0.00625 0.0078125