1 0.025 0.5390625 0.046875 0.3109375
0 0.0109375 0.4125 0.0203125 0.0359375
1 0.115625 0.55 0.140625 0.3734375
0 0.1171875 0.39375 0.0375 0.0375
1 0.165625 0.590625 0.146875 0.4046875
0 0.1546875 0.421875 0.0453125 0.05625
1 0.259375 0.565625 0.121875 0.384375
0 0.25625 0.4015625 0.0453125 0.0484375
1 0.490625 0.61875 0.1421875 0.4546875
0 0.4890625 0.428125 0.0453125 0.059375
1 0.58125 0.63125 0.190625 0.465625
0 0.5671875 0.4359375 0.059375 0.0828125
1 0.8828125 0.6109375 0.209375 0.509375
0 0.8390625 0.415625 0.0828125 0.084375