1 0.0140625 0.5671875 0.025 0.2125
0 0.00625 0.48125 0.009375 0.028125
1 0.0234375 0.534375 0.0421875 0.15625
0 0.021875 0.471875 0.01875 0.0234375
1 0.0234375 0.5109375 0.046875 0.1359375
0 0.021875 0.45625 0.01875 0.0203125
1 0.0625 0.55625 0.103125 0.2546875
0 0.06875 0.4546875 0.0234375 0.0421875
1 0.1265625 0.534375 0.0671875 0.159375
0 0.125 0.46875 0.01875 0.0234375
1 0.1703125 0.5296875 0.0453125 0.1640625
0 0.16875 0.4640625 0.0203125 0.0234375
1 0.1515625 0.509375 0.0359375 0.1046875
0 0.153125 0.4703125 0.0140625 0.015625
1 0.203125 0.5140625 0.059375 0.146875
0 0.203125 0.4546875 0.01875 0.021875
1 0.2234375 0.534375 0.05625 0.15
0 0.2234375 0.4734375 0.015625 0.0203125
1 0.2421875 0.509375 0.0375 0.1078125
0 0.24375 0.46875 0.0140625 0.015625
1 0.2859375 0.5515625 0.0765625 0.240625
0 0.284375 0.4546875 0.028125 0.0359375
1 0.30625 0.5078125 0.0421875 0.1125
0 0.303125 0.4609375 0.0140625 0.0171875
1 0.3609375 0.553125 0.078125 0.2390625
0 0.3625 0.4578125 0.028125 0.0375
1 0.3859375 0.5203125 0.05625 0.1296875
0 0.384375 0.4671875 0.015625 0.0171875
1 0.4046875 0.5171875 0.0328125 0.1125
0 0.403125 0.471875 0.0109375 0.0140625
1 0.428125 0.5453125 0.059375 0.1609375
0 0.428125 0.4796875 0.01875 0.0234375
1 0.45625 0.509375 0.0375 0.1046875
0 0.45625 0.4640625 0.0140625 0.0140625
1 0.4703125 0.5 0.0234375 0.0890625
0 0.471875 0.4625 0.0109375 0.0109375
1 0.475 0.5140625 0.0328125 0.0859375
0 0.4765625 0.478125 0.009375 0.0140625
1 0.4890625 0.4984375 0.0203125 0.0671875
0 0.4890625 0.471875 0.009375 0.009375
1 0.509375 0.5171875 0.03125 0.1140625
0 0.509375 0.4703125 0.015625 0.015625
1 0.5265625 0.5078125 0.0203125 0.0796875
0 0.528125 0.475 0.009375 0.009375
1 0.5421875 0.4984375 0.0234375 0.0703125
0 0.54375 0.4703125 0.00625 0.009375
1 0.55 0.5109375 0.0421875 0.0859375
0 0.5546875 0.475 0.009375 0.0109375
1 0.5765625 0.509375 0.028125 0.1
0 0.5765625 0.46875 0.0140625 0.0140625
1 0.6 0.525 0.0640625 0.1296875
0 0.5984375 0.4703125 0.01875 0.0171875
1 0.6171875 0.534375 0.053125 0.13125
0 0.6125 0.48125 0.0140625 0.01875
1 0.615625 0.515625 0.0421875 0.121875
0 0.615625 0.4640625 0.0140625 0.015625
1 0.63125 0.4875 0.0234375 0.0578125
0 0.63125 0.4640625 0.00625 0.009375
1 0.6515625 0.490625 0.0234375 0.0578125
0 0.653125 0.46875 0.009375 0.009375
1 0.6453125 0.525 0.03125 0.09375
0 0.65 0.4890625 0.0109375 0.0140625
1 0.6671875 0.5328125 0.0609375 0.1375
0 0.675 0.478125 0.01875 0.0234375
1 0.6890625 0.528125 0.05625 0.1328125
0 0.690625 0.471875 0.0140625 0.015625
1 0.7046875 0.50625 0.0375 0.090625
0 0.7015625 0.4734375 0.009375 0.009375
1 0.75 0.5578125 0.075 0.196875
0 0.7546875 0.4765625 0.028125 0.03125
1 0.8078125 0.5515625 0.0703125 0.1828125
0 0.7984375 0.478125 0.01875 0.0234375
1 0.8140625 0.51875 0.0515625 0.1296875
0 0.8125 0.4671875 0.01875 0.0203125
1 0.8328125 0.509375 0.0515625 0.109375
0 0.8265625 0.465625 0.0140625 0.0171875
1 0.84375 0.5125 0.0375 0.09375
0 0.8390625 0.4765625 0.009375 0.0140625
1 0.8578125 0.509375 0.028125 0.0859375
0 0.853125 0.475 0.009375 0.0140625
1 0.8859375 0.496875 0.0203125 0.0734375
0 0.8875 0.46875 0.0109375 0.0109375
1 0.89375 0.525 0.0546875 0.140625
0 0.8984375 0.46875 0.0140625 0.01875
1 0.978125 0.528125 0.0375 0.1359375
0 0.984375 0.471875 0.015625 0.015625
1 0.94375 0.5875 0.1046875 0.3546875
0 0.984375 0.44375 0.0234375 0.0578125
1 0.340625 0.5234375 0.0453125 0.1265625
0 0.3453125 0.475 0.0140625 0.0140625
1 0.4171875 0.4953125 0.0203125 0.0703125
0 0.41875 0.46875 0.0109375 0.0140625
1 0.4375 0.490625 0.0203125 0.065625
0 0.4390625 0.465625 0.009375 0.009375