1 0.0328125 0.465625 0.034375 0.0859375
0 0.0296875 0.4296875 0.0140625 0.0125
1 0.075 0.45 0.0625 0.0828125
0 0.0671875 0.41875 0.0140625 0.015625
1 0.328125 0.375 0.0328125 0.0640625
0 0.3296875 0.35 0.0078125 0.009375
1 0.378125 0.3828125 0.021875 0.0515625
0 0.378125 0.3625 0.0078125 0.0078125
1 0.39375 0.3328125 0.0171875 0.0421875
0 0.3921875 0.3171875 0.0078125 0.0078125
1 0.4375 0.371875 0.01875 0.05625
0 0.4390625 0.3515625 0.0078125 0.009375
1 0.4328125 0.353125 0.01875 0.046875
0 0.4328125 0.3359375 0.0078125 0.0078125
1 0.471875 0.4109375 0.0234375 0.0515625
0 0.4765625 0.390625 0.009375 0.009375
1 0.5171875 0.371875 0.025 0.0640625
0 0.51875 0.346875 0.009375 0.009375
1 0.578125 0.3390625 0.0203125 0.040625
0 0.58125 0.3234375 0.00625 0.00625
1 0.528125 0.44375 0.021875 0.059375
0 0.525 0.4234375 0.009375 0.0109375
1 0.540625 0.45 0.028125 0.071875
0 0.5390625 0.4234375 0.0109375 0.0109375
1 0.5765625 0.4671875 0.01875 0.0515625
0 0.575 0.4453125 0.0078125 0.0078125
1 0.61875 0.4875 0.03125 0.05625
0 0.615625 0.4671875 0.0078125 0.009375
1 0.7 0.5375 0.028125 0.0515625
0 0.70625 0.51875 0.009375 0.009375
1 0.7703125 0.5625 0.0234375 0.0515625
0 0.771875 0.54375 0.0078125 0.0078125
1 0.8046875 0.365625 0.01875 0.0546875
0 0.809375 0.3453125 0.009375 0.0078125
1 0.8421875 0.5328125 0.01875 0.0484375
0 0.84375 0.5140625 0.00625 0.00625
1 0.6625 0.6234375 0.0265625 0.065625
0 0.6625 0.5953125 0.009375 0.009375
1 0.3984375 0.5890625 0.0234375 0.0515625
0 0.396875 0.5703125 0.009375 0.0078125
1 0.4515625 0.6328125 0.0625 0.121875
0 0.4640625 0.5859375 0.01875 0.0234375
1 0.85 0.6859375 0.021875 0.0640625
0 0.853125 0.6625 0.0109375 0.0125