1 0.8515625 0.565625 0.290625 0.4234375
0 0.83125 0.275 0.1078125 0.109375
1 0.7078125 0.5640625 0.1578125 0.403125
0 0.684375 0.3984375 0.0453125 0.05625
1 0.603125 0.509375 0.0578125 0.1359375
0 0.5953125 0.4546875 0.0140625 0.0171875
1 0.5796875 0.50625 0.040625 0.11875
0 0.575 0.45625 0.0140625 0.0140625
1 0.55 0.5140625 0.05625 0.1359375
0 0.5421875 0.45625 0.01875 0.0203125
1 0.5 0.5046875 0.046875 0.1359375
0 0.4953125 0.45 0.015625 0.0171875
1 0.4359375 0.509375 0.0421875 0.1140625
0 0.4375 0.4640625 0.0140625 0.0140625
1 0.36875 0.5671875 0.153125 0.3765625
0 0.3578125 0.4078125 0.0421875 0.0453125
1 0.2859375 0.5015625 0.0234375 0.0609375
0 0.2828125 0.4796875 0.00625 0.009375
1 0.265625 0.503125 0.028125 0.065625
0 0.2640625 0.4765625 0.009375 0.009375
1 0.2484375 0.5140625 0.028125 0.075
0 0.246875 0.4828125 0.009375 0.009375
1 0.1671875 0.5375 0.0984375 0.2109375
0 0.1703125 0.4546875 0.0328125 0.0375
1 0.2015625 0.5296875 0.08125 0.2265625
0 0.1859375 0.4375 0.0265625 0.0296875
1 0.215625 0.5359375 0.0609375 0.184375
0 0.215625 0.4625 0.01875 0.01875
1 0.146875 0.525 0.059375 0.171875
0 0.140625 0.4546875 0.0234375 0.028125
1 0.115625 0.5125 0.028125 0.103125
0 0.1203125 0.4703125 0.0109375 0.0140625