1 0.08046875 0.56484375 0.1609375 0.4265625
0 0.0578125 0.3875 0.046875 0.05625
1 0.2296875 0.55625 0.19375 0.440625
0 0.1921875 0.378125 0.059375 0.065625
1 0.6890625 0.565625 0.178125 0.4234375
0 0.6875 0.3953125 0.0515625 0.059375
1 0.621875 0.5171875 0.0765625 0.25625
0 0.621875 0.4140625 0.028125 0.0328125
1 0.5359375 0.515625 0.0890625 0.296875
0 0.546875 0.390625 0.0328125 0.0375
1 0.578125 0.4953125 0.06875 0.1984375
0 0.584375 0.4140625 0.0203125 0.0234375
1 0.4328125 0.546875 0.121875 0.303125
0 0.434375 0.41875 0.03125 0.0328125
1 0.5171875 0.50625 0.075 0.20625
0 0.5234375 0.4234375 0.0203125 0.0234375
1 0.4921875 0.509375 0.0703125 0.1921875
0 0.484375 0.4265625 0.0203125 0.021875
1 0.3671875 0.509375 0.0765625 0.1875
0 0.3578125 0.4296875 0.0203125 0.0234375
1 0.3 0.528125 0.0421875 0.1359375
0 0.2953125 0.475 0.0203125 0.021875
1 0.2296875 0.534375 0.090625 0.284375
0 0.234375 0.415625 0.0375 0.0390625
1 0.3109375 0.5 0.046875 0.15625
0 0.3078125 0.4328125 0.01875 0.0234375
1 0.346875 0.49375 0.0375 0.15
0 0.3484375 0.4328125 0.01875 0.021875
1 0.3015625 0.4890625 0.0546875 0.16875
0 0.296875 0.421875 0.015625 0.0234375
1 0.390625 0.48125 0.0359375 0.11875
0 0.390625 0.434375 0.015625 0.015625
1 0.4109375 0.4765625 0.0375 0.1125
0 0.4109375 0.43125 0.0140625 0.0140625