1 0.24375 0.5453125 0.084375 0.2078125
0 0.25 0.4609375 0.0265625 0.028125
1 0.2890625 0.5828125 0.04375 0.121875
0 0.290625 0.5375 0.01875 0.01875
1 0.3265625 0.546875 0.0640625 0.1984375
0 0.328125 0.465625 0.0203125 0.0234375
1 0.3390625 0.58125 0.071875 0.1140625
0 0.3609375 0.5390625 0.01875 0.0203125
1 0.3953125 0.54375 0.0828125 0.1859375
0 0.415625 0.46875 0.021875 0.0234375
1 0.4421875 0.5765625 0.0484375 0.1109375
0 0.4453125 0.534375 0.0203125 0.0203125
1 0.471875 0.559375 0.071875 0.1453125
0 0.4546875 0.5015625 0.0203125 0.021875
1 0.5359375 0.553125 0.0609375 0.1859375
0 0.5375 0.4796875 0.025 0.028125
1 0.5859375 0.5453125 0.08125 0.209375
0 0.5875 0.4546875 0.0234375 0.0203125