1 0.9515625 0.653125 0.0890625 0.4359375
0 0.9640625 0.4921875 0.0625 0.115625
1 0.625 0.6859375 0.3953125 0.371875
0 0.671875 0.403125 0.15 0.1546875
1 0.0375 0.6375 0.0703125 0.4671875
0 0.0171875 0.446875 0.028125 0.06875
1 0.228125 0.71875 0.1609375 0.3046875
0 0.2515625 0.609375 0.0546875 0.0671875
1 0.1296875 0.6734375 0.1359375 0.3953125
0 0.15625 0.5078125 0.053125 0.0625
1 0.3140625 0.68125 0.121875 0.3796875
0 0.315625 0.5234375 0.0421875 0.0515625
1 0.409375 0.64375 0.2078125 0.4546875
0 0.4265625 0.4640625 0.0609375 0.078125
1 0.54375 0.6828125 0.1234375 0.3765625
0 0.540625 0.534375 0.0515625 0.0640625
1 0.5296875 0.6734375 0.0921875 0.3546875
0 0.5265625 0.5265625 0.04375 0.053125
1 0.5921875 0.575 0.021875 0.0546875
0 0.590625 0.5546875 0.00625 0.0078125
1 0.8328125 0.5828125 0.01875 0.0578125
0 0.825 0.5609375 0.00625 0.00625
1 0.8515625 0.56875 0.028125 0.071875
0 0.846875 0.540625 0.0109375 0.0109375