1 0.2171875 0.7640625 0.0984375 0.4640625
0 0.184375 0.5890625 0.03125 0.0984375
1 0.2421875 0.6578125 0.1484375 0.678125
0 0.1875 0.36875 0.0390625 0.0875
1 0.2671875 0.65625 0.2 0.68125
0 0.259375 0.3625 0.0953125 0.0890625
1 0.240625 0.5546875 0.1453125 0.51875
0 0.228125 0.33125 0.0578125 0.06875
1 0.20625 0.4640625 0.0765625 0.365625
0 0.178125 0.3109375 0.021875 0.059375
1 0.240625 0.3234375 0.0796875 0.2125
0 0.234375 0.2390625 0.028125 0.0328125
1 0.184375 0.3046875 0.03125 0.209375
0 0.1734375 0.3046875 0.0171875 0.209375
1 0.203125 0.30625 0.0703125 0.1953125
0 0.19375 0.2296875 0.0234375 0.0265625
1 0.1953125 0.240625 0.0578125 0.125
0 0.1890625 0.196875 0.0171875 0.0234375
1 0.1953125 0.221875 0.0546875 0.134375
0 0.18125 0.16875 0.01875 0.0234375
1 0.2375 0.2046875 0.0625 0.1265625
0 0.2296875 0.15625 0.0171875 0.01875
1 0.2953125 0.321875 0.0859375 0.1875
0 0.303125 0.25 0.0265625 0.0375
1 0.346875 0.3734375 0.06875 0.1671875
0 0.3421875 0.3109375 0.0203125 0.0296875
1 0.365625 0.346875 0.0921875 0.228125
0 0.353125 0.2546875 0.025 0.0375
1 0.321875 0.23125 0.0484375 0.1390625
0 0.3234375 0.175 0.015625 0.0171875
1 0.3625 0.2234375 0.0546875 0.1375
0 0.3671875 0.171875 0.0171875 0.025
1 0.3796875 0.2375 0.0484375 0.11875
0 0.384375 0.19375 0.0171875 0.025
1 0.403125 0.2546875 0.059375 0.1640625
0 0.4109375 0.1875 0.0203125 0.025
1 0.4125 0.2296875 0.059375 0.146875
0 0.409375 0.171875 0.01875 0.01875
1 0.434375 0.221875 0.059375 0.140625
0 0.4265625 0.1640625 0.0171875 0.0203125
1 0.5234375 0.165625 0.0546875 0.0875
0 0.525 0.134375 0.015625 0.0203125
1 0.66875 0.15 0.034375 0.1
0 0.675 0.1125 0.0125 0.0171875
1 0.7140625 0.14375 0.059375 0.1109375
0 0.7015625 0.096875 0.0125 0.0125
1 0.478125 0.2390625 0.090625 0.1
0 0.4796875 0.2015625 0.0203125 0.0265625
1 0.4578125 0.271875 0.075 0.1375
0 0.45625 0.2203125 0.0234375 0.025
1 0.4453125 0.3046875 0.0859375 0.171875
0 0.4578125 0.2359375 0.021875 0.025
1 0.4625 0.3265625 0.090625 0.1671875
0 0.46875 0.259375 0.0234375 0.025
1 0.4484375 0.4640625 0.0859375 0.2640625
0 0.43125 0.3609375 0.0390625 0.0375
1 0.4125 0.515625 0.1015625 0.1328125
0 0.40625 0.46875 0.025 0.0296875
1 0.4375 0.515625 0.21875 0.13125
0 0.40625 0.46875 0.025 0.0296875
1 0.5453125 0.4625 0.06875 0.209375
0 0.54375 0.378125 0.0234375 0.028125
1 0.53125 0.45625 0.05625 0.209375
0 0.534375 0.3703125 0.01875 0.021875
1 0.575 0.45625 0.0625 0.1875
0 0.5765625 0.378125 0.021875 0.0234375
1 0.6375 0.53125 0.1328125 0.471875
0 0.6296875 0.3328125 0.0484375 0.05625
1 0.6890625 0.515625 0.1234375 0.3875
0 0.69375 0.3546875 0.04375 0.0546875
1 0.7421875 0.640625 0.171875 0.21875
0 0.8015625 0.5671875 0.0390625 0.0515625
1 0.7421875 0.521875 0.1125 0.334375
0 0.75 0.378125 0.0328125 0.0375
1 0.728125 0.50625 0.1046875 0.371875
0 0.7375 0.3421875 0.0375 0.0421875
1 0.4828125 0.8640625 0.2125 0.24375
0 0.546875 0.796875 0.075 0.0890625
1 0.646875 0.8828125 0.2796875 0.2265625
0 0.6265625 0.85 0.08125 0.10625