1 0.278125 0.5765625 0.084375 0.278125
0 0.26875 0.459375 0.0359375 0.0375
1 0.2953125 0.5609375 0.05625 0.1625
0 0.303125 0.4921875 0.015625 0.01875
1 0.303125 0.5421875 0.06875 0.153125
0 0.325 0.4875 0.01875 0.0203125
1 0.30625 0.5453125 0.04375 0.1359375
0 0.3125 0.4921875 0.0171875 0.0203125
1 0.4078125 0.584375 0.14375 0.384375
0 0.390625 0.428125 0.0671875 0.0671875
1 0.4828125 0.6140625 0.1453125 0.3265625
0 0.4765625 0.4859375 0.0421875 0.05625
1 0.6171875 0.60625 0.175 0.2640625
0 0.6875 0.5 0.0328125 0.0375
1 0.671875 0.60625 0.16875 0.34375
0 0.6609375 0.471875 0.059375 0.0703125
1 0.803125 0.6109375 0.1640625 0.334375
0 0.7828125 0.4875 0.0625 0.075
1 0.3359375 0.5578125 0.028125 0.1
0 0.3375 0.515625 0.0140625 0.015625