1 0.0921875 0.5890625 0.0984375 0.2578125
0 0.090625 0.478125 0.0265625 0.0296875
1 0.1328125 0.5921875 0.103125 0.225
0 0.1125 0.4953125 0.0234375 0.0296875
1 0.2609375 0.5578125 0.0390625 0.0765625
0 0.2578125 0.5359375 0.0140625 0.0171875
1 0.278125 0.55625 0.0546875 0.171875
0 0.275 0.4828125 0.01875 0.0203125
1 0.3703125 0.5578125 0.053125 0.1484375
0 0.371875 0.4984375 0.01875 0.021875
1 0.4078125 0.534375 0.0453125 0.1046875
0 0.4109375 0.490625 0.0140625 0.015625
1 0.41875 0.534375 0.0546875 0.121875
0 0.41875 0.484375 0.015625 0.01875
1 0.4546875 0.5375 0.05 0.1203125
0 0.4484375 0.4890625 0.015625 0.0171875
1 0.4640625 0.5265625 0.0328125 0.1
0 0.4640625 0.484375 0.0125 0.0140625
1 0.496875 0.496875 0.015625 0.0484375
0 0.496875 0.478125 0.0046875 0.0078125
1 0.509375 0.4859375 0.0078125 0.025
0 0.5125 0.4765625 0.003125 0.003125
1 0.51875 0.4859375 0.0078125 0.03125
0 0.521875 0.4734375 0.003125 0.003125
1 0.525 0.496875 0.0171875 0.0484375
0 0.528125 0.4765625 0.0046875 0.00625
1 0.5359375 0.50625 0.0171875 0.0625
0 0.5359375 0.48125 0.0078125 0.0078125
1 0.5453125 0.496875 0.0125 0.046875
0 0.546875 0.4796875 0.0046875 0.00625
1 0.5625 0.5078125 0.0234375 0.071875
0 0.5640625 0.478125 0.0078125 0.0109375
1 0.59375 0.5125 0.0296875 0.0875
0 0.5890625 0.4765625 0.0078125 0.0078125
1 0.615625 0.490625 0.015625 0.046875
0 0.615625 0.471875 0.0046875 0.0046875
1 0.61875 0.5046875 0.021875 0.06875
0 0.621875 0.4796875 0.0078125 0.009375
1 0.640625 0.503125 0.0203125 0.0671875
0 0.6375 0.475 0.00625 0.009375
1 0.6375 0.5125 0.028125 0.06875
0 0.6390625 0.484375 0.0078125 0.009375
1 0.6578125 0.5078125 0.028125 0.075
0 0.65625 0.478125 0.0109375 0.009375
1 0.671875 0.4984375 0.025 0.078125
0 0.675 0.465625 0.0078125 0.0078125
1 0.6953125 0.5015625 0.025 0.071875
0 0.696875 0.471875 0.0078125 0.009375
1 0.715625 0.5 0.021875 0.065625
0 0.715625 0.475 0.0078125 0.009375
1 0.74375 0.515625 0.034375 0.0953125
0 0.7453125 0.475 0.009375 0.0125
1 0.7453125 0.540625 0.0546875 0.1390625
0 0.75 0.4828125 0.015625 0.0203125
1 0.83125 0.521875 0.0375 0.1265625
0 0.83125 0.46875 0.0140625 0.0171875
1 0.8609375 0.5390625 0.059375 0.1359375
0 0.8546875 0.4828125 0.01875 0.01875
1 0.8921875 0.51875 0.040625 0.13125
0 0.890625 0.4625 0.0140625 0.015625
1 0.8984375 0.53125 0.053125 0.146875
0 0.9015625 0.4703125 0.0171875 0.0171875
1 0.9265625 0.553125 0.0734375 0.16875
0 0.934375 0.4828125 0.0234375 0.025
1 0.965625 0.521875 0.040625 0.1234375
0 0.96875 0.4703125 0.015625 0.0171875
1 0.98125 0.5515625 0.03125 0.171875
0 0.990625 0.4828125 0.0140625 0.025
1 0.5875 0.5734375 0.071875 0.184375
0 0.5734375 0.5 0.025 0.0265625