1 0.0765625 0.715625 0.15 0.2265625
0 0.0828125 0.6609375 0.0671875 0.084375
1 0.140625 0.6390625 0.19375 0.38125
0 0.140625 0.4875 0.05 0.05625
1 0.13125 0.61875 0.171875 0.39375
0 0.1265625 0.4578125 0.04375 0.053125
1 0.278125 0.6203125 0.1375 0.3578125
0 0.284375 0.4640625 0.034375 0.040625
1 0.3265625 0.6 0.0953125 0.290625
0 0.325 0.4765625 0.0296875 0.0359375
1 0.4203125 0.58125 0.0921875 0.2359375
0 0.4171875 0.4796875 0.0234375 0.028125
1 0.45 0.5828125 0.0453125 0.1796875
0 0.453125 0.509375 0.0203125 0.0265625
1 0.478125 0.5625 0.0375 0.15
0 0.4765625 0.5 0.0171875 0.0203125
1 0.51875 0.590625 0.1046875 0.2171875
0 0.5078125 0.5 0.0234375 0.028125
1 0.5515625 0.5734375 0.0515625 0.1703125
0 0.5546875 0.5015625 0.0203125 0.021875
1 0.4359375 0.4875 0.0171875 0.0453125
0 0.434375 0.4703125 0.0078125 0.0078125
1 0.58125 0.5578125 0.059375 0.1515625
0 0.58125 0.49375 0.0171875 0.0203125
1 0.6296875 0.5515625 0.0453125 0.121875
0 0.63125 0.5015625 0.0140625 0.0171875
1 0.65625 0.5828125 0.0640625 0.16875
0 0.6640625 0.509375 0.015625 0.01875
1 0.615625 0.5296875 0.028125 0.0828125
0 0.61875 0.4953125 0.00625 0.009375
1 0.63125 0.4984375 0.01875 0.0484375
0 0.63125 0.4796875 0.0078125 0.009375
1 0.65625 0.4875 0.015625 0.040625
0 0.65625 0.471875 0.0046875 0.00625
1 0.7 0.5515625 0.0328125 0.08125
0 0.7046875 0.51875 0.009375 0.0125
1 0.7140625 0.5328125 0.0265625 0.0765625
0 0.7125 0.5015625 0.009375 0.009375
1 0.6890625 0.534375 0.0234375 0.071875
0 0.6875 0.5046875 0.0078125 0.009375
1 0.7171875 0.5078125 0.021875 0.053125
0 0.71875 0.4875 0.00625 0.0078125
1 0.7359375 0.5015625 0.0265625 0.0578125
0 0.734375 0.478125 0.0078125 0.0078125
1 0.690625 0.5125 0.021875 0.0578125
0 0.690625 0.4890625 0.00625 0.0078125
1 0.6921875 0.5015625 0.0203125 0.046875
0 0.69375 0.4828125 0.0046875 0.00625
1 0.7625 0.490625 0.0140625 0.040625
0 0.7640625 0.4734375 0.0046875 0.00625
1 0.790625 0.4828125 0.009375 0.0265625
0 0.790625 0.471875 0.0015625 0.003125
1 0.7984375 0.48125 0.0078125 0.0234375
0 0.8 0.4734375 0.0015625 0.003125
1 0.8359375 0.5015625 0.0171875 0.0515625
0 0.840625 0.48125 0.00625 0.00625
1 0.8453125 0.4859375 0.009375 0.0359375
0 0.846875 0.4703125 0.003125 0.0046875
1 0.853125 0.484375 0.015625 0.04375
0 0.8546875 0.46875 0.0046875 0.0078125
1 0.8640625 0.4859375 0.0125 0.0421875
0 0.8625 0.46875 0.0046875 0.00625
1 0.86875 0.484375 0.009375 0.0390625
0 0.86875 0.4671875 0.003125 0.0046875
1 0.8796875 0.484375 0.0203125 0.0453125
0 0.8765625 0.465625 0.003125 0.0046875
1 0.884375 0.484375 0.009375 0.0359375
0 0.884375 0.4703125 0.003125 0.003125
1 0.8609375 0.5421875 0.0296875 0.0875
0 0.8625 0.50625 0.009375 0.0125
1 0.9109375 0.54375 0.03125 0.0890625
0 0.909375 0.50625 0.009375 0.0109375
1 0.903125 0.5421875 0.03125 0.0890625
0 0.9078125 0.503125 0.009375 0.0109375
1 0.903125 0.4953125 0.0265625 0.053125
0 0.90625 0.471875 0.00625 0.0078125
1 0.9234375 0.4984375 0.0265625 0.0578125
0 0.928125 0.475 0.0046875 0.00625
1 0.9234375 0.478125 0.015625 0.0375
0 0.925 0.4625 0.0046875 0.00625
1 0.953125 0.5625 0.0703125 0.1234375
0 0.9515625 0.5109375 0.0140625 0.0171875
1 0.953125 0.5453125 0.046875 0.0921875
0 0.9578125 0.5078125 0.009375 0.0125
1 0.9703125 0.503125 0.021875 0.05625
0 0.9703125 0.48125 0.0078125 0.0078125
1 0.9921875 0.503125 0.009375 0.0546875
0 0.996875 0.48125 0.0015625 0.00625
1 0.2421875 0.609375 0.0578125 0.2375
0 0.240625 0.5078125 0.03125 0.0328125