1 0.9296875 0.58125 0.0734375 0.1640625
0 0.946875 0.5125 0.021875 0.0234375
1 0.915625 0.575 0.0546875 0.146875
0 0.9296875 0.5125 0.01875 0.0203125
1 0.965625 0.571875 0.0390625 0.15
0 0.9640625 0.5109375 0.021875 0.0234375
1 0.853125 0.56875 0.0515625 0.1515625
0 0.8578125 0.50625 0.0171875 0.01875
1 0.79375 0.559375 0.078125 0.15625
0 0.8015625 0.4953125 0.01875 0.0234375
1 0.7203125 0.553125 0.040625 0.1296875
0 0.7140625 0.5 0.0140625 0.0171875
1 0.6734375 0.534375 0.0359375 0.103125
0 0.675 0.4921875 0.0140625 0.015625
1 0.6375 0.5546875 0.0328125 0.1125
0 0.6359375 0.50625 0.0140625 0.0171875
1 0.628125 0.540625 0.04375 0.128125
0 0.628125 0.4875 0.0171875 0.01875
1 0.475 0.6265625 0.1 0.29375
0 0.4640625 0.5 0.0359375 0.0359375
1 0.171875 0.6859375 0.2265625 0.3171875
0 0.1421875 0.5609375 0.0515625 0.0625
1 0.1890625 0.6078125 0.1296875 0.2984375
0 0.1734375 0.4890625 0.04375 0.0484375
1 0.21875 0.578125 0.071875 0.209375
0 0.225 0.4984375 0.0171875 0.025
1 0.4265625 0.534375 0.025 0.071875
0 0.4265625 0.50625 0.009375 0.0125
1 0.4125 0.515625 0.0171875 0.0453125
0 0.415625 0.496875 0.00625 0.0078125
1 0.365625 0.525 0.0171875 0.0453125
0 0.36875 0.50625 0.00625 0.0046875
1 0.328125 0.5140625 0.0140625 0.0359375
0 0.3296875 0.5 0.00625 0.0046875
1 0.315625 0.5109375 0.0140625 0.040625
0 0.3171875 0.4953125 0.00625 0.0078125