1 0.034375 0.5671875 0.025 0.05625
0 0.034375 0.546875 0.009375 0.009375
1 0.0734375 0.5640625 0.0234375 0.046875
0 0.0734375 0.546875 0.00625 0.009375
1 0.134375 0.5703125 0.0828125 0.13125
0 0.121875 0.5203125 0.0234375 0.028125
1 0.165625 0.58125 0.084375 0.1609375
0 0.175 0.51875 0.0265625 0.03125
1 0.228125 0.565625 0.06875 0.1421875
0 0.2203125 0.509375 0.0234375 0.0234375
1 0.2703125 0.55625 0.034375 0.0859375
0 0.265625 0.521875 0.0140625 0.0140625
1 0.284375 0.5515625 0.0328125 0.0765625
0 0.2875 0.51875 0.009375 0.009375
1 0.31875 0.5484375 0.025 0.075
0 0.315625 0.5171875 0.0109375 0.009375
1 0.375 0.5578125 0.028125 0.0703125
0 0.3734375 0.5296875 0.009375 0.0125
1 0.390625 0.5421875 0.046875 0.1140625
0 0.3890625 0.49375 0.0125 0.0140625
1 0.403125 0.54375 0.0421875 0.1109375
0 0.3953125 0.4984375 0.0140625 0.015625
1 0.475 0.5390625 0.028125 0.0953125
0 0.475 0.4984375 0.0140625 0.0140625
1 0.4890625 0.5375 0.03125 0.0984375
0 0.4890625 0.496875 0.0109375 0.0140625
1 0.509375 0.54375 0.028125 0.096875
0 0.509375 0.5046875 0.0109375 0.0125
1 0.5328125 0.5421875 0.0359375 0.103125
0 0.5265625 0.5015625 0.0140625 0.0171875
1 0.5375 0.54375 0.0515625 0.121875
0 0.5390625 0.4921875 0.0140625 0.0140625
1 0.565625 0.5375 0.0234375 0.084375
0 0.565625 0.5015625 0.009375 0.009375
1 0.5859375 0.5375 0.034375 0.1078125
0 0.5796875 0.4921875 0.0140625 0.0140625
1 0.615625 0.5375 0.0453125 0.121875
0 0.61875 0.484375 0.0171875 0.015625