1 0.0375 0.4890625 0.0734375 0.428125
0 0.0265625 0.315625 0.053125 0.06875
1 0.04375 0.4515625 0.0625 0.171875
0 0.0421875 0.38125 0.0234375 0.025
1 0.1125 0.4921875 0.165625 0.38125
0 0.1203125 0.3328125 0.040625 0.05
1 0.171875 0.4046875 0.015625 0.0421875
0 0.171875 0.3859375 0.003125 0.0046875
1 0.178125 0.4046875 0.0140625 0.046875
0 0.178125 0.3859375 0.0046875 0.00625
1 0.1984375 0.4078125 0.0140625 0.040625
0 0.196875 0.390625 0.0046875 0.0046875
1 0.1890625 0.4109375 0.0234375 0.0609375
0 0.1890625 0.3859375 0.00625 0.0078125
1 0.209375 0.4140625 0.028125 0.0671875
0 0.20625 0.3875 0.009375 0.0109375
1 0.171875 0.63125 0.1203125 0.309375
0 0.153125 0.5078125 0.04375 0.0515625
1 0.2625 0.56875 0.1765625 0.409375
0 0.2453125 0.3984375 0.04375 0.0625
1 0.2734375 0.5203125 0.1375 0.3625
0 0.2640625 0.3640625 0.040625 0.0375
1 0.3265625 0.459375 0.075 0.1875
0 0.33125 0.3796875 0.0203125 0.0234375
1 0.38125 0.4640625 0.0578125 0.1640625
0 0.3875 0.396875 0.01875 0.0234375
1 0.4359375 0.5734375 0.26875 0.3953125
0 0.4390625 0.4046875 0.040625 0.0375
1 0.484375 0.5296875 0.109375 0.378125
0 0.4734375 0.375 0.046875 0.059375
1 0.5609375 0.4734375 0.053125 0.190625
0 0.55625 0.3953125 0.025 0.028125
1 0.596875 0.4359375 0.0328125 0.075
0 0.5890625 0.4078125 0.0125 0.0125
1 0.6296875 0.4796875 0.046875 0.1046875
0 0.6359375 0.4375 0.0140625 0.0171875
1 0.66875 0.475 0.0625 0.1078125
0 0.6734375 0.434375 0.01875 0.021875
1 0.78125 0.4640625 0.0609375 0.1078125
0 0.78125 0.4234375 0.0171875 0.01875
1 0.71875 0.5390625 0.1234375 0.3609375
0 0.7109375 0.3890625 0.053125 0.0578125
1 0.8234375 0.5265625 0.1078125 0.303125
0 0.8421875 0.4078125 0.0390625 0.0546875
1 0.8625 0.5234375 0.1109375 0.3859375
0 0.85625 0.3625 0.05 0.053125
1 0.93125 0.5421875 0.1359375 0.578125
0 0.94375 0.3046875 0.0875 0.0953125
1 0.9203125 0.5828125 0.15625 0.4984375
0 0.98125 0.38125 0.034375 0.0875
1 0.4546875 0.4875 0.0703125 0.2890625
0 0.4515625 0.365625 0.0265625 0.0421875