1 0.053125 0.4953125 0.090625 0.2078125
0 0.053125 0.409375 0.028125 0.0328125
1 0.13125 0.475 0.046875 0.1328125
0 0.13125 0.4234375 0.01875 0.01875
1 0.28125 0.50625 0.053125 0.1453125
0 0.2703125 0.4515625 0.025 0.028125
1 0.309375 0.496875 0.0796875 0.24375
0 0.309375 0.39375 0.0296875 0.0328125
1 0.48125 0.521875 0.0828125 0.2890625
0 0.484375 0.4046875 0.0421875 0.046875
1 0.55 0.5234375 0.1015625 0.296875
0 0.571875 0.4 0.0390625 0.0453125
1 0.63125 0.5484375 0.09375 0.34375
0 0.6359375 0.409375 0.046875 0.0609375
1 0.7234375 0.546875 0.1140625 0.3390625
0 0.7203125 0.40625 0.0375 0.0421875
1 0.7875 0.5203125 0.08125 0.25625
0 0.7890625 0.4140625 0.028125 0.0359375
1 0.871875 0.5359375 0.1359375 0.3828125
0 0.884375 0.3765625 0.05625 0.0609375
1 0.9375 0.5140625 0.115625 0.31875
0 0.934375 0.3828125 0.04375 0.0453125
1 0.6203125 0.490625 0.0703125 0.246875
0 0.6109375 0.390625 0.0328125 0.040625