1 0.1609375 0.53125 0.1265625 0.3328125
0 0.165625 0.3859375 0.04375 0.0390625
1 0.275 0.5109375 0.0890625 0.2296875
0 0.271875 0.4140625 0.025 0.0265625
1 0.21875 0.48125 0.0515625 0.1515625
0 0.221875 0.421875 0.021875 0.021875
1 0.290625 0.4671875 0.0640625 0.1625
0 0.29375 0.4 0.01875 0.021875
1 0.265625 0.465625 0.0515625 0.146875
0 0.2734375 0.4140625 0.025 0.028125
1 0.340625 0.45 0.040625 0.109375
0 0.3421875 0.4046875 0.015625 0.0171875
1 0.3921875 0.5140625 0.0875 0.21875
0 0.3984375 0.4234375 0.0296875 0.0296875
1 0.3734375 0.475 0.0640625 0.1765625
0 0.378125 0.40625 0.021875 0.021875
1 0.2375 0.459375 0.0390625 0.1203125
0 0.2375 0.409375 0.0125 0.0140625
1 0.0921875 0.4625 0.034375 0.0671875
0 0.09375 0.4390625 0.0109375 0.0140625
1 0.0140625 0.45625 0.0234375 0.08125
0 0.0046875 0.4203125 0.003125 0.0109375
1 0.6046875 0.5875 0.1265625 0.240625
0 0.6125 0.4984375 0.0421875 0.0515625
1 0.784375 0.5875 0.0765625 0.221875
0 0.7921875 0.503125 0.0296875 0.04375
1 0.6875 0.5546875 0.0765625 0.1875
0 0.6765625 0.4796875 0.0265625 0.0359375
1 0.6390625 0.5328125 0.0671875 0.1484375
0 0.6375 0.475 0.025 0.0296875
1 0.546875 0.540625 0.08125 0.1765625
0 0.5390625 0.475 0.0265625 0.0359375
1 0.51875 0.5171875 0.071875 0.1390625
0 0.51875 0.4671875 0.021875 0.025
1 0.496875 0.50625 0.06875 0.1359375
0 0.5109375 0.459375 0.01875 0.01875
1 0.46875 0.4984375 0.059375 0.1296875
0 0.471875 0.4515625 0.021875 0.028125
1 0.6 0.496875 0.0640625 0.125
0 0.59375 0.45 0.021875 0.025
1 0.70625 0.484375 0.046875 0.1
0 0.703125 0.446875 0.0171875 0.0171875
1 0.6671875 0.471875 0.034375 0.084375
0 0.6671875 0.4390625 0.0125 0.0109375
1 0.684375 0.465625 0.0296875 0.0765625
0 0.6875 0.4375 0.0125 0.0109375
1 0.8765625 0.459375 0.05625 0.1625
0 0.871875 0.396875 0.025 0.028125
1 0.9375 0.4359375 0.021875 0.084375
0 0.9359375 0.4015625 0.009375 0.0109375
1 0.1125 0.4546875 0.03125 0.08125
0 0.1140625 0.4203125 0.0125 0.0109375