1 0.8265625 0.5390625 0.1734375 0.1671875
0 0.86875 0.4765625 0.03125 0.03125
1 0.7328125 0.471875 0.0609375 0.071875
0 0.75 0.4453125 0.0140625 0.015625
1 0.7359375 0.465625 0.0734375 0.075
0 0.759375 0.4390625 0.0140625 0.0171875
1 0.7390625 0.4640625 0.05625 0.084375
0 0.746875 0.43125 0.0125 0.0171875
1 0.6671875 0.4296875 0.025 0.046875
0 0.66875 0.4140625 0.009375 0.009375
1 0.3765625 0.5421875 0.121875 0.2953125
0 0.378125 0.41875 0.0390625 0.0421875
1 0.5953125 0.51875 0.0859375 0.2328125
0 0.596875 0.428125 0.0234375 0.0296875
1 0.55 0.43125 0.021875 0.059375
0 0.55 0.4078125 0.00625 0.0078125
1 0.5546875 0.415625 0.0171875 0.04375
0 0.5578125 0.3984375 0.0046875 0.0046875
1 0.4859375 0.40625 0.009375 0.0109375
0 0.4859375 0.4046875 0.0015625 0.0015625
1 0.3421875 0.403125 0.0125 0.0296875
0 0.3421875 0.3921875 0.003125 0.003125
1 0.209375 0.4 0.0078125 0.021875
0 0.209375 0.390625 0.0015625 0.003125