1 0.103125 0.5421875 0.0765625 0.178125
0 0.1046875 0.46875 0.01875 0.021875
1 0.1421875 0.5140625 0.0296875 0.103125
0 0.1375 0.4703125 0.0125 0.0109375
1 0.15 0.5171875 0.0375 0.1046875
0 0.1515625 0.4703125 0.0109375 0.0109375
1 0.178125 0.5203125 0.034375 0.0953125
0 0.1703125 0.4828125 0.0125 0.0140625
1 0.196875 0.5140625 0.028125 0.075
0 0.1953125 0.484375 0.0125 0.0109375
1 0.290625 0.5140625 0.025 0.05625
0 0.290625 0.4921875 0.0046875 0.0046875
1 0.2984375 0.521875 0.0265625 0.0765625
0 0.3015625 0.490625 0.009375 0.0109375
1 0.3171875 0.5140625 0.0234375 0.05625
0 0.3203125 0.49375 0.0078125 0.009375
1 0.334375 0.5234375 0.0328125 0.078125
0 0.33125 0.4921875 0.009375 0.0125
1 0.340625 0.5140625 0.0203125 0.053125
0 0.340625 0.49375 0.0078125 0.009375
1 0.365625 0.5109375 0.0140625 0.0359375
0 0.3671875 0.496875 0.0046875 0.0046875
1 0.375 0.5109375 0.0171875 0.0421875
0 0.375 0.4953125 0.0046875 0.00625
1 0.3953125 0.5109375 0.0203125 0.04375
0 0.39375 0.4953125 0.0046875 0.00625
1 0.428125 0.5453125 0.0609375 0.153125
0 0.425 0.4875 0.015625 0.01875
1 0.4765625 0.51875 0.0203125 0.05
0 0.4765625 0.5 0.0046875 0.0078125
1 0.4921875 0.5109375 0.0125 0.03125
0 0.4953125 0.5 0.0046875 0.0046875
1 0.509375 0.5125 0.0140625 0.0328125
0 0.509375 0.5 0.0046875 0.0046875
1 0.5203125 0.5125 0.0125 0.034375
0 0.5234375 0.5015625 0.0046875 0.00625
1 0.559375 0.509375 0.0140625 0.0375
0 0.5609375 0.496875 0.0046875 0.0046875
1 0.5734375 0.51875 0.0234375 0.084375
0 0.571875 0.4859375 0.009375 0.0109375
1 0.596875 0.5265625 0.0234375 0.09375
0 0.596875 0.490625 0.009375 0.0125
1 0.609375 0.5125 0.0109375 0.0375
0 0.6109375 0.4984375 0.0046875 0.0046875
1 0.6703125 0.525 0.028125 0.0703125
0 0.671875 0.4984375 0.0078125 0.009375
1 0.715625 0.5078125 0.0140625 0.034375
0 0.71875 0.4953125 0.0046875 0.0046875
1 0.7390625 0.5140625 0.0140625 0.04375
0 0.740625 0.4953125 0.00625 0.0046875
1 0.7546875 0.5109375 0.015625 0.0421875
0 0.75625 0.4953125 0.0046875 0.00625
1 0.7796875 0.5171875 0.01875 0.046875
0 0.78125 0.5 0.00625 0.0078125
1 0.7953125 0.515625 0.01875 0.0515625
0 0.79375 0.496875 0.0078125 0.009375
1 0.8828125 0.525 0.0359375 0.08125
0 0.8875 0.49375 0.0109375 0.0125
1 0.9640625 0.528125 0.0328125 0.075
0 0.9625 0.4984375 0.0109375 0.0125