1 0.025 0.4953125 0.034375 0.06875
0 0.0203125 0.46875 0.009375 0.009375
1 0.109375 0.4953125 0.01875 0.0546875
0 0.1109375 0.4796875 0.0078125 0.009375
1 0.1296875 0.50625 0.0359375 0.0578125
0 0.1296875 0.4828125 0.009375 0.0078125
1 0.1484375 0.496875 0.028125 0.0515625
0 0.1453125 0.48125 0.0078125 0.0078125
1 0.165625 0.5015625 0.0328125 0.0546875
0 0.165625 0.4828125 0.0109375 0.009375
1 0.1875 0.490625 0.0390625 0.08125
0 0.1828125 0.4609375 0.0109375 0.0140625
1 0.2625 0.484375 0.0328125 0.0765625
0 0.259375 0.459375 0.0109375 0.015625
1 0.3125 0.584375 0.134375 0.3578125
0 0.3203125 0.4359375 0.0515625 0.0546875
1 0.3828125 0.609375 0.1640625 0.3875
0 0.3734375 0.4484375 0.0484375 0.05
1 0.5 0.5296875 0.0765625 0.1765625
0 0.5078125 0.4578125 0.0234375 0.028125
1 0.496875 0.64375 0.228125 0.3578125
0 0.5546875 0.49375 0.0515625 0.0453125
1 0.6578125 0.6328125 0.1828125 0.459375
0 0.6578125 0.446875 0.0578125 0.0671875