1 0.1296875 0.9546875 0.0546875 0.0859375
0 0.128125 0.925 0.021875 0.021875
1 0.1125 0.95 0.021875 0.09375
0 0.10625 0.915625 0.0125 0.0171875
1 0.1640625 0.940625 0.0359375 0.0921875
0 0.16875 0.9015625 0.0078125 0.0125
1 0.19375 0.9421875 0.0375 0.0875
0 0.1984375 0.9046875 0.009375 0.0125
1 0.2234375 0.9546875 0.0546875 0.0859375
0 0.225 0.925 0.021875 0.021875
1 0.28125 0.95625 0.0484375 0.08125
0 0.278125 0.94375 0.01875 0.0203125
1 0.25625 0.9640625 0.03125 0.065625
0 0.2578125 0.94375 0.0171875 0.0171875
1 0.275 0.934375 0.0171875 0.0546875
0 0.2734375 0.9171875 0.0078125 0.0078125
1 0.1828125 0.9296875 0.0171875 0.0453125
0 0.1875 0.9109375 0.0046875 0.0046875
1 0.4625 0.9609375 0.053125 0.0703125
0 0.4671875 0.94375 0.015625 0.0140625
1 0.5 0.953125 0.071875 0.0859375
0 0.509375 0.946875 0.0234375 0.0296875
1 0.5640625 0.9578125 0.0625 0.0796875
0 0.5625 0.9421875 0.021875 0.028125
1 0.5375 0.9640625 0.03125 0.0671875
0 0.534375 0.940625 0.0125 0.015625
1 0.603125 0.95 0.0234375 0.078125
0 0.609375 0.9171875 0.0078125 0.009375
1 0.6515625 0.953125 0.021875 0.071875
0 0.6484375 0.9234375 0.0078125 0.009375
1 0.7578125 0.9796875 0.0359375 0.0359375
0 0.7578125 0.971875 0.0125 0.015625
1 0.871875 0.9453125 0.0359375 0.0765625
0 0.86875 0.915625 0.009375 0.009375
1 0.74375 0.9453125 0.0171875 0.0546875
0 0.7421875 0.9234375 0.0046875 0.0046875
1 0.640625 0.9375 0.0125 0.0390625
0 0.640625 0.921875 0.0046875 0.0046875
1 0.6296875 0.93125 0.0125 0.025
0 0.628125 0.9203125 0.003125 0.0015625
1 0.6203125 0.9375 0.0125 0.034375
0 0.621875 0.925 0.0046875 0.0046875
1 0.5859375 0.9328125 0.0125 0.03125
0 0.5875 0.921875 0.003125 0.0046875
1 0.490625 0.9375 0.021875 0.0515625
0 0.4921875 0.9171875 0.0078125 0.00625
1 0.465625 0.9375 0.0171875 0.0421875
0 0.4671875 0.921875 0.0046875 0.0046875
1 0.553125 0.934375 0.0140625 0.0359375
0 0.553125 0.921875 0.0046875 0.0046875
1 0.56875 0.934375 0.0125 0.0390625
0 0.56875 0.91875 0.0046875 0.0046875
1 0.5921875 0.9390625 0.0125 0.0421875
0 0.59375 0.921875 0.003125 0.0046875
1 0.51875 0.95625 0.0390625 0.08125
0 0.5171875 0.9375 0.0171875 0.021875