1 0.0796875 0.659375 0.1390625 0.209375
0 0.0828125 0.5859375 0.0375 0.0484375
1 0.178125 0.634375 0.1359375 0.2390625
0 0.1890625 0.5421875 0.0375 0.0390625
1 0.278125 0.6546875 0.125 0.225
0 0.290625 0.5734375 0.0375 0.0453125
1 0.3921875 0.6765625 0.109375 0.2734375
0 0.39375 0.56875 0.0375 0.053125
1 0.415625 0.5640625 0.134375 0.2359375
0 0.434375 0.4703125 0.0328125 0.0390625
1 0.5109375 0.5375 0.1015625 0.16875
0 0.5109375 0.478125 0.03125 0.040625
1 0.4953125 0.646875 0.1328125 0.209375
0 0.490625 0.575 0.034375 0.046875
1 0.5921875 0.759375 0.1703125 0.246875
0 0.5609375 0.665625 0.0390625 0.0484375
1 0.609375 0.7 0.10625 0.2109375
0 0.6203125 0.621875 0.0328125 0.040625
1 0.690625 0.7484375 0.15 0.2390625
0 0.7140625 0.659375 0.0328125 0.0484375
1 0.64375 0.65625 0.08125 0.184375
0 0.653125 0.5875 0.0359375 0.0390625
1 0.70625 0.65625 0.0765625 0.190625
0 0.7078125 0.5890625 0.0359375 0.04375
1 0.8453125 0.696875 0.128125 0.215625
0 0.8203125 0.6171875 0.0328125 0.0421875
1 0.8078125 0.64375 0.1109375 0.209375
0 0.796875 0.565625 0.0359375 0.04375
1 0.7328125 0.609375 0.103125 0.171875
0 0.7359375 0.54375 0.0296875 0.0359375
1 0.746875 0.5734375 0.090625 0.1828125
0 0.7453125 0.5109375 0.03125 0.0296875
1 0.6421875 0.54375 0.0953125 0.1828125
0 0.64375 0.478125 0.03125 0.0375