1 0.0890625 0.5578125 0.1515625 0.49375
0 0.103125 0.353125 0.0546875 0.0703125
1 0.246875 0.5625 0.159375 0.4671875
0 0.240625 0.3703125 0.053125 0.075
1 0.3875 0.5359375 0.1375 0.509375
0 0.384375 0.31875 0.05625 0.0671875
1 0.5171875 0.525 0.1625 0.5171875
0 0.5171875 0.3109375 0.053125 0.0765625
1 0.6484375 0.540625 0.1546875 0.478125
0 0.6484375 0.3390625 0.0515625 0.0671875
1 0.9046875 0.5296875 0.14375 0.4796875
0 0.9015625 0.3296875 0.046875 0.0625
1 0.7703125 0.5203125 0.1453125 0.503125
0 0.76875 0.3046875 0.05 0.0640625
1 0.5546875 0.446875 0.1328125 0.4546875
0 0.5546875 0.25625 0.0421875 0.0625
1 0.4109375 0.465625 0.134375 0.43125
0 0.425 0.2890625 0.04375 0.0640625
1 0.284375 0.4453125 0.146875 0.4796875
0 0.2890625 0.2453125 0.0484375 0.0625