1 0.2546875 0.56875 0.0375 0.08125
0 0.2578125 0.5375 0.0125 0.0140625
1 0.2859375 0.5578125 0.053125 0.1109375
0 0.2828125 0.5109375 0.0125 0.0125
1 0.309375 0.5734375 0.05 0.075
0 0.30625 0.546875 0.0109375 0.0109375
1 0.3265625 0.5609375 0.04375 0.103125
0 0.325 0.51875 0.0125 0.0140625
1 0.390625 0.5828125 0.084375 0.2
0 0.3921875 0.5015625 0.01875 0.025
1 0.4140625 0.56875 0.0765625 0.1953125
0 0.4140625 0.4875 0.021875 0.0234375
1 0.4859375 0.5734375 0.0953125 0.2
0 0.48125 0.490625 0.0234375 0.0234375
1 0.5765625 0.5625 0.0625 0.1578125
0 0.5765625 0.4953125 0.0140625 0.0171875
1 0.5234375 0.55625 0.053125 0.165625
0 0.528125 0.484375 0.0140625 0.0171875
1 0.6 0.5609375 0.0515625 0.1421875
0 0.6015625 0.5046875 0.0171875 0.0171875
1 0.6375 0.56875 0.04375 0.115625
0 0.6453125 0.5234375 0.0125 0.015625
1 0.8015625 0.5953125 0.1515625 0.3296875
0 0.8125 0.4640625 0.05625 0.0578125
1 0.928125 0.5796875 0.0734375 0.2234375
0 0.915625 0.4875 0.028125 0.0296875
1 0.9609375 0.5765625 0.0734375 0.35625
0 0.9859375 0.421875 0.0203125 0.0421875