1 0.8875 0.6078125 0.121875 0.353125
0 0.8703125 0.4875 0.034375 0.04375
1 0.728125 0.6078125 0.146875 0.3375
0 0.7375 0.4640625 0.040625 0.04375
1 0.78125 0.6109375 0.0921875 0.2875
0 0.775 0.490625 0.03125 0.03125
1 0.71875 0.6171875 0.0765625 0.2671875
0 0.715625 0.509375 0.034375 0.034375
1 0.6234375 0.60625 0.0921875 0.2734375
0 0.6359375 0.49375 0.0296875 0.034375
1 0.5640625 0.6109375 0.103125 0.2671875
0 0.5515625 0.503125 0.028125 0.0421875
1 0.5765625 0.5890625 0.0671875 0.253125
0 0.575 0.48125 0.0234375 0.03125
1 0.4859375 0.5390625 0.1125 0.396875
0 0.503125 0.4453125 0.028125 0.03125
1 0.5140625 0.5875 0.0625 0.2390625
0 0.5265625 0.484375 0.028125 0.03125
1 0.4546875 0.590625 0.0859375 0.2875
0 0.459375 0.471875 0.0203125 0.03125
1 0.425 0.5890625 0.0828125 0.253125
0 0.43125 0.4828125 0.028125 0.0328125
1 0.4078125 0.5640625 0.06875 0.2375
0 0.4125 0.465625 0.021875 0.0296875
1 0.353125 0.5484375 0.0984375 0.2734375
0 0.3609375 0.4375 0.028125 0.03125
1 0.3109375 0.5640625 0.0921875 0.2640625
0 0.3125 0.4515625 0.03125 0.0375
1 0.2640625 0.5578125 0.1046875 0.3171875
0 0.275 0.4265625 0.034375 0.0421875
1 0.228125 0.5421875 0.078125 0.2453125
0 0.2296875 0.440625 0.0296875 0.034375
1 0.16875 0.5375 0.1140625 0.3453125
0 0.1703125 0.425 0.0375 0.0390625
1 0.0890625 0.525 0.1296875 0.35625
0 0.1046875 0.4140625 0.034375 0.0375
1 0.64375 0.6109375 0.08125 0.2421875
0 0.646875 0.503125 0.025 0.0265625