1 0.921875 0.5765625 0.1296875 0.4
0 0.9171875 0.409375 0.05 0.0515625
1 0.809375 0.5609375 0.1921875 0.4328125
0 0.815625 0.38125 0.05625 0.0625
1 0.7796875 0.5625 0.1484375 0.428125
0 0.8078125 0.3859375 0.0453125 0.05
1 0.7140625 0.4953125 0.115625 0.34375
0 0.703125 0.346875 0.0375 0.0390625
1 0.640625 0.4515625 0.0671875 0.2359375
0 0.6453125 0.353125 0.028125 0.0328125
1 0.64375 0.40625 0.059375 0.1859375
0 0.64375 0.33125 0.028125 0.03125
1 0.6078125 0.40625 0.05 0.159375
0 0.6109375 0.34375 0.0234375 0.0234375
1 0.55625 0.5328125 0.1375 0.3875
0 0.5453125 0.3671875 0.0421875 0.0515625
1 0.4875 0.553125 0.1578125 0.446875
0 0.4609375 0.3734375 0.0765625 0.0796875
1 0.09375 0.553125 0.165625 0.4375
0 0.11875 0.3671875 0.05 0.05625
1 0.2859375 0.6234375 0.56875 0.3078125
0 0.2546875 0.3953125 0.3296875 0.3515625