1 0.8140625 0.43125 0.046875 0.090625
0 0.81875 0.3984375 0.0125 0.015625
1 0.25 0.5 0.1296875 0.346875
0 0.284375 0.3578125 0.04375 0.0546875
1 0.33125 0.534375 0.165625 0.3328125
0 0.3625 0.3984375 0.0390625 0.0546875
1 0.4359375 0.5359375 0.2625 0.271875
0 0.4703125 0.4484375 0.0375 0.04375
1 0.5265625 0.575 0.11875 0.20625
0 0.528125 0.5015625 0.0390625 0.053125
1 0.353125 0.484375 0.16875 0.3390625
0 0.396875 0.34375 0.0390625 0.0546875
1 0.4 0.4765625 0.1296875 0.31875
0 0.440625 0.346875 0.040625 0.0515625
1 0.4875 0.4703125 0.1921875 0.321875
0 0.4953125 0.340625 0.0390625 0.0546875
1 0.55 0.4796875 0.1234375 0.3125
0 0.5515625 0.353125 0.0375 0.0515625
1 0.6015625 0.465625 0.1078125 0.340625
0 0.5921875 0.3296875 0.034375 0.046875
1 0.61875 0.509375 0.0984375 0.359375
0 0.6125 0.3609375 0.0375 0.0546875
1 0.6890625 0.5 0.1421875 0.365625
0 0.671875 0.346875 0.0421875 0.0515625