1 0.2375 0.6359375 0.1609375 0.28125
0 0.209375 0.534375 0.059375 0.0703125
1 0.3359375 0.60625 0.103125 0.31875
0 0.3359375 0.4734375 0.0328125 0.0453125
1 0.428125 0.621875 0.1078125 0.2984375
0 0.4171875 0.4953125 0.0328125 0.0375
1 0.4703125 0.5109375 0.0140625 0.028125
0 0.46875 0.5 0.0046875 0.00625
1 0.4953125 0.525 0.0234375 0.0703125
0 0.4921875 0.496875 0.009375 0.009375
1 0.5140625 0.5234375 0.028125 0.0734375
0 0.5171875 0.49375 0.00625 0.009375
1 0.5328125 0.51875 0.01875 0.053125
0 0.5328125 0.496875 0.0046875 0.0046875
1 0.55625 0.5203125 0.0203125 0.0453125
0 0.5546875 0.5 0.0046875 0.00625
1 0.5671875 0.528125 0.03125 0.0765625
0 0.571875 0.4953125 0.009375 0.0109375
1 0.5921875 0.528125 0.0328125 0.09375
0 0.5921875 0.4890625 0.009375 0.0109375
1 0.728125 0.603125 0.13125 0.346875
0 0.734375 0.459375 0.053125 0.0515625
1 0.840625 0.6078125 0.115625 0.315625
0 0.8359375 0.478125 0.0453125 0.05
1 0.8734375 0.6375 0.246875 0.278125
0 0.9265625 0.4265625 0.140625 0.1625