1 0.0109375 0.68125 0.0171875 0.0734375
0 0.0078125 0.653125 0.009375 0.009375
1 0.01171875 0.6796875 0.0234375 0.071875
0 0.00625 0.653125 0.0109375 0.0140625
1 0.05625 0.70625 0.0375 0.0921875
0 0.0609375 0.6703125 0.00625 0.009375
1 0.090625 0.70625 0.0375 0.1046875
0 0.0984375 0.665625 0.0140625 0.0171875
1 0.1125 0.7 0.05 0.09375
0 0.1125 0.6640625 0.0140625 0.015625
1 0.171875 0.696875 0.0421875 0.09375
0 0.171875 0.6625 0.0109375 0.0140625
1 0.1921875 0.7234375 0.0453125 0.1078125
0 0.2 0.678125 0.0140625 0.015625
1 0.2359375 0.7203125 0.0328125 0.1125
0 0.2296875 0.675 0.0140625 0.015625
1 0.2859375 0.6640625 0.0140625 0.0515625
0 0.2875 0.6453125 0.0046875 0.00625
1 0.2953125 0.6734375 0.015625 0.0484375
0 0.296875 0.65625 0.0046875 0.0046875
1 0.3265625 0.7015625 0.0421875 0.10625
0 0.3265625 0.6578125 0.0140625 0.0140625
1 0.3765625 0.6875 0.028125 0.065625
0 0.3765625 0.66875 0.009375 0.009375
1 0.415625 0.7 0.0421875 0.090625
0 0.4171875 0.6640625 0.009375 0.0140625
1 0.4734375 0.6953125 0.028125 0.0796875
0 0.4734375 0.6640625 0.009375 0.0109375
1 0.5171875 0.7234375 0.05625 0.10625
0 0.515625 0.6828125 0.0203125 0.0203125
1 0.5484375 0.696875 0.028125 0.071875
0 0.55625 0.6640625 0.009375 0.009375
1 0.6484375 0.70625 0.053125 0.121875
0 0.6421875 0.6546875 0.0140625 0.015625
1 0.675 0.7046875 0.040625 0.1078125
0 0.678125 0.659375 0.0109375 0.0109375
1 0.7015625 0.70625 0.03125 0.11875
0 0.7 0.6578125 0.0140625 0.0171875
1 0.69375 0.70625 0.046875 0.1046875
0 0.703125 0.6640625 0.0109375 0.0109375
1 0.5765625 0.6734375 0.0234375 0.053125
0 0.5796875 0.653125 0.00625 0.0078125
1 0.7234375 0.6875 0.028125 0.0859375
0 0.7203125 0.653125 0.009375 0.009375
1 0.7421875 0.6921875 0.0421875 0.0796875
0 0.746875 0.6609375 0.009375 0.009375
1 0.7765625 0.7 0.0421875 0.10625
0 0.78125 0.6578125 0.0140625 0.015625
1 0.7953125 0.70625 0.0359375 0.1078125
0 0.7921875 0.659375 0.0109375 0.0140625
1 0.840625 0.7046875 0.0453125 0.1171875
0 0.8390625 0.659375 0.015625 0.01875
1 0.8765625 0.6921875 0.0375 0.090625
0 0.8765625 0.6578125 0.0140625 0.015625
1 0.903125 0.6953125 0.0328125 0.09375
0 0.9 0.6546875 0.0109375 0.0109375
1 0.8234375 0.696875 0.028125 0.0921875
0 0.83125 0.659375 0.009375 0.009375
1 0.0765625 0.6734375 0.0265625 0.0796875
0 0.08125 0.640625 0.009375 0.009375
1 0.3578125 0.6703125 0.0140625 0.046875
0 0.3625 0.6515625 0.0046875 0.0046875