1 0.2453125 0.6703125 0.15625 0.3890625
0 0.2546875 0.5171875 0.0671875 0.071875
1 0.4 0.69375 0.1421875 0.34375
0 0.4046875 0.55625 0.0515625 0.0609375
1 0.4828125 0.7 0.109375 0.33125
0 0.475 0.565625 0.0484375 0.0578125
1 0.5875 0.7203125 0.109375 0.290625
0 0.5859375 0.609375 0.059375 0.059375
1 0.671875 0.6875 0.140625 0.35625
0 0.646875 0.553125 0.0609375 0.084375
1 0.7796875 0.709375 0.165625 0.3109375
0 0.7625 0.5984375 0.0671875 0.0671875
1 0.6984375 0.7078125 0.1109375 0.315625
0 0.7046875 0.5859375 0.0453125 0.0625
1 0.684375 0.5625 0.0359375 0.1
0 0.6796875 0.51875 0.0109375 0.0109375
1 0.6953125 0.5546875 0.025 0.0734375
0 0.6921875 0.5234375 0.0078125 0.0078125
1 0.715625 0.5703125 0.0234375 0.0796875
0 0.7109375 0.5375 0.0078125 0.0109375
1 0.73125 0.5828125 0.0453125 0.121875
0 0.734375 0.53125 0.0125 0.015625
1 0.7484375 0.609375 0.04375 0.1515625
0 0.740625 0.5453125 0.01875 0.0203125
1 0.8296875 0.6234375 0.0796875 0.209375
0 0.8296875 0.534375 0.0234375 0.0234375
1 0.878125 0.6421875 0.05625 0.1640625
0 0.8796875 0.5765625 0.021875 0.025
1 0.9 0.7015625 0.0796875 0.296875
0 0.9015625 0.5703125 0.04375 0.0359375
1 0.95625 0.6328125 0.0828125 0.2125
0 0.9484375 0.54375 0.0296875 0.03125
1 0.9796875 0.621875 0.034375 0.1796875
0 0.9890625 0.55 0.0171875 0.025
1 0.7921875 0.5765625 0.028125 0.0875
0 0.79375 0.5390625 0.0125 0.0109375
1 0.7765625 0.5703125 0.0328125 0.08125
0 0.7796875 0.5375 0.0109375 0.0109375