1 0.2125 0.4671875 0.1671875 0.4265625
0 0.215625 0.284375 0.0453125 0.0515625
1 0.3171875 0.4953125 0.2421875 0.553125
0 0.3015625 0.234375 0.0640625 0.0296875
1 0.696875 0.4265625 0.0578125 0.1484375
0 0.70625 0.365625 0.01875 0.0234375
1 0.7328125 0.43125 0.0453125 0.1484375
0 0.7328125 0.3703125 0.01875 0.021875
1 0.840625 0.4171875 0.0359375 0.0734375
0 0.84375 0.3859375 0.009375 0.009375
1 0.8359375 0.415625 0.01875 0.065625
0 0.8390625 0.390625 0.00625 0.0078125
1 0.8671875 0.4234375 0.0421875 0.0796875
0 0.86875 0.390625 0.009375 0.009375
1 0.8765625 0.421875 0.028125 0.0734375
0 0.884375 0.39375 0.009375 0.009375