1 0.2078125 0.6234375 0.059375 0.171875
0 0.20625 0.553125 0.021875 0.0265625
1 0.2 0.5828125 0.0453125 0.1140625
0 0.2046875 0.534375 0.0125 0.0140625
1 0.221875 0.553125 0.0109375 0.028125
0 0.221875 0.54375 0.003125 0.0046875
1 0.2296875 0.55625 0.0125 0.0296875
0 0.23125 0.5453125 0.0046875 0.0046875
1 0.2421875 0.584375 0.0390625 0.1109375
0 0.2421875 0.5375 0.009375 0.0125
1 0.2484375 0.609375 0.053125 0.1453125
0 0.25 0.5484375 0.0171875 0.0203125
1 0.265625 0.55625 0.0109375 0.028125
0 0.2671875 0.546875 0.003125 0.0046875
1 0.284375 0.55625 0.0125 0.025
0 0.2875 0.546875 0.0015625 0.003125
1 0.284375 0.578125 0.0140625 0.0359375
0 0.2875 0.5640625 0.0046875 0.00625
1 0.303125 0.5828125 0.0359375 0.0890625
0 0.3046875 0.5484375 0.009375 0.0109375
1 0.315625 0.60625 0.0625 0.1484375
0 0.3234375 0.5453125 0.0171875 0.0203125
1 0.390625 0.5796875 0.0265625 0.0640625
0 0.3921875 0.553125 0.00625 0.009375
1 0.4609375 0.5734375 0.021875 0.05625
0 0.4609375 0.5484375 0.0046875 0.0046875
1 0.4921875 0.615625 0.08125 0.171875
0 0.490625 0.5453125 0.0171875 0.0234375
1 0.5671875 0.6171875 0.0671875 0.1828125
0 0.5609375 0.5421875 0.01875 0.028125
1 0.6375 0.63125 0.0796875 0.184375
0 0.6328125 0.55625 0.0203125 0.0265625