1 0.0546875 0.5609375 0.0703125 0.16875
0 0.0390625 0.490625 0.0203125 0.01875
1 0.165625 0.584375 0.0953125 0.23125
0 0.175 0.4875 0.0265625 0.028125
1 0.2421875 0.590625 0.0984375 0.215625
0 0.24375 0.5015625 0.025 0.028125
1 0.325 0.521875 0.0296875 0.0859375
0 0.325 0.4875 0.0109375 0.0140625
1 0.3640625 0.5125 0.028125 0.065625
0 0.3671875 0.4859375 0.0078125 0.009375
1 0.44375 0.515625 0.0359375 0.065625
0 0.4453125 0.4890625 0.0078125 0.009375
1 0.825 0.5625 0.0828125 0.2
0 0.821875 0.478125 0.021875 0.0265625
1 0.84375 0.5328125 0.065625 0.1546875
0 0.8453125 0.4671875 0.0140625 0.01875
1 0.7484375 0.5109375 0.0296875 0.075
0 0.7515625 0.4828125 0.009375 0.009375
1 0.715625 0.5140625 0.034375 0.078125
0 0.7140625 0.4828125 0.009375 0.009375
1 0.6828125 0.5125 0.028125 0.0703125
0 0.6859375 0.4859375 0.0078125 0.009375
1 0.5953125 0.5046875 0.01875 0.046875
0 0.5953125 0.4859375 0.0046875 0.0046875
1 0.575 0.503125 0.0203125 0.053125
0 0.5765625 0.48125 0.00625 0.0046875
1 0.5390625 0.5046875 0.015625 0.0421875
0 0.5390625 0.4875 0.0046875 0.0046875
1 0.5578125 0.503125 0.015625 0.04375
0 0.559375 0.4875 0.00625 0.0078125
1 0.5203125 0.5 0.0171875 0.05
0 0.5234375 0.48125 0.00625 0.00625
1 0.50625 0.5015625 0.01875 0.0453125
0 0.5046875 0.4859375 0.00625 0.00625
1 0.484375 0.5 0.015625 0.0390625
0 0.4828125 0.4859375 0.0046875 0.00625
1 0.4921875 0.496875 0.0140625 0.0359375
0 0.49375 0.4828125 0.0046875 0.0046875
1 0.4765625 0.5 0.0140625 0.0421875
0 0.478125 0.4828125 0.00625 0.0046875