1 0.60625 0.65 0.334375 0.35625
0 0.546875 0.5234375 0.0796875 0.0921875
1 0.10625 0.58125 0.2078125 0.33125
0 0.02578125 0.453125 0.0515625 0.059375
1 0.196875 0.5515625 0.23125 0.2796875
0 0.15 0.44375 0.0421875 0.0484375
1 0.2984375 0.534375 0.18125 0.25
0 0.2890625 0.440625 0.0375 0.046875
1 0.3296875 0.4890625 0.11875 0.16875
0 0.3171875 0.4359375 0.0296875 0.04375
1 0.39375 0.5140625 0.1328125 0.1921875
0 0.3875 0.440625 0.0296875 0.0375
1 0.44375 0.503125 0.1125 0.184375
0 0.459375 0.440625 0.0265625 0.0375
1 0.48125 0.5 0.1015625 0.1703125
0 0.478125 0.43125 0.028125 0.0328125
1 0.5546875 0.490625 0.0875 0.159375
0 0.5625 0.4296875 0.0265625 0.03125
1 0.6546875 0.65625 0.321875 0.34375
0 0.6484375 0.5296875 0.065625 0.08125
1 0.6421875 0.6078125 0.2125 0.346875
0 0.64375 0.475 0.05625 0.06875
1 0.6609375 0.496875 0.084375 0.16875
0 0.6671875 0.434375 0.0296875 0.03125
1 0.7140625 0.5421875 0.146875 0.2265625
0 0.7375 0.453125 0.0421875 0.04375
1 0.7328125 0.515625 0.084375 0.2
0 0.7390625 0.4375 0.025 0.028125
1 0.7609375 0.521875 0.1609375 0.2125
0 0.8 0.446875 0.04375 0.0484375
1 0.7609375 0.51875 0.125 0.2
0 0.78125 0.4421875 0.034375 0.04375