1 0.3046875 0.784375 0.109375 0.2765625
0 0.3109375 0.6703125 0.028125 0.0359375
1 0.4734375 0.7859375 0.0984375 0.2421875
0 0.4734375 0.6875 0.0265625 0.0328125
1 0.5 0.79375 0.0890625 0.2546875
0 0.5 0.6890625 0.0296875 0.0359375
1 0.6265625 0.809375 0.08125 0.2484375
0 0.6328125 0.703125 0.0296875 0.03125
1 0.69375 0.8015625 0.0609375 0.225
0 0.6828125 0.709375 0.0234375 0.028125
1 0.384375 0.7671875 0.0484375 0.115625
0 0.378125 0.7234375 0.0171875 0.021875
1 0.2140625 0.7953125 0.053125 0.13125
0 0.2125 0.746875 0.0296875 0.0328125
1 0.2640625 0.740625 0.0453125 0.1703125
0 0.2546875 0.671875 0.015625 0.0171875
1 0.340625 0.7453125 0.03125 0.10625
0 0.34375 0.7015625 0.0140625 0.0140625
1 0.40625 0.740625 0.0375 0.103125
0 0.40625 0.7 0.015625 0.0171875
1 0.4453125 0.753125 0.0359375 0.1
0 0.4453125 0.7140625 0.0171875 0.0171875
1 0.4359375 0.7265625 0.025 0.0828125
0 0.4390625 0.6953125 0.0140625 0.0140625
1 0.421875 0.7359375 0.021875 0.090625
0 0.4203125 0.7 0.0140625 0.0171875
1 0.609375 0.76875 0.04375 0.1625
0 0.60625 0.696875 0.0171875 0.0203125
1 0.5484375 0.796875 0.0921875 0.271875
0 0.5515625 0.684375 0.028125 0.0359375
1 0.578125 0.7390625 0.025 0.08125
0 0.5765625 0.709375 0.009375 0.0140625
1 0.7515625 0.728125 0.05 0.140625
0 0.7515625 0.6703125 0.0140625 0.0171875
1 0.7921875 0.696875 0.0296875 0.090625
0 0.7921875 0.6578125 0.009375 0.0109375
1 0.78125 0.6953125 0.01875 0.0859375
0 0.7828125 0.6609375 0.009375 0.0109375
1 0.7609375 0.6921875 0.0265625 0.0890625
0 0.759375 0.6546875 0.0109375 0.0109375
1 0.7265625 0.7296875 0.0296875 0.13125
0 0.725 0.675 0.0140625 0.0171875
1 0.7046875 0.74375 0.0421875 0.1375
0 0.7 0.684375 0.015625 0.015625
1 0.6765625 0.7875 0.05625 0.2171875
0 0.6765625 0.69375 0.0234375 0.0265625
1 0.6578125 0.734375 0.0375 0.15625
0 0.6609375 0.6671875 0.015625 0.0171875
1 0.64375 0.725 0.03125 0.1328125
0 0.6375 0.6671875 0.015625 0.0171875
1 0.6921875 0.73125 0.0296875 0.128125
0 0.690625 0.678125 0.0140625 0.0171875
1 0.803125 0.6953125 0.009375 0.0921875
0 0.80625 0.6546875 0.003125 0.0109375
1 0.790625 0.7453125 0.034375 0.1171875
0 0.8015625 0.7 0.015625 0.021875