1 0.3140625 0.6859375 0.084375 0.18125
0 0.33125 0.61875 0.0234375 0.0375
1 0.3671875 0.653125 0.0671875 0.19375
0 0.3640625 0.5734375 0.0234375 0.028125
1 0.3015625 0.659375 0.0671875 0.203125
0 0.3078125 0.571875 0.028125 0.0296875
1 0.2171875 0.6125 0.078125 0.1625
0 0.21875 0.5453125 0.01875 0.0234375
1 0.0203125 0.6140625 0.0375 0.178125
0 0.009375 0.5375 0.0140625 0.0203125
1 0.0484375 0.60625 0.065625 0.1484375
0 0.0453125 0.546875 0.01875 0.0234375
1 0.1734375 0.5921875 0.0328125 0.103125
0 0.178125 0.55 0.0140625 0.0140625
1 0.1359375 0.59375 0.0484375 0.1171875
0 0.140625 0.5453125 0.01875 0.0171875
1 0.10625 0.5890625 0.028125 0.09375
0 0.115625 0.5515625 0.0140625 0.0109375
1 0.121875 0.5875 0.0234375 0.09375
0 0.125 0.5484375 0.009375 0.009375
1 0.259375 0.6015625 0.028125 0.0921875
0 0.259375 0.565625 0.0109375 0.0109375
1 0.2796875 0.5953125 0.0421875 0.09375
0 0.2875 0.5578125 0.0140625 0.0109375
1 0.94375 0.6703125 0.10625 0.2140625
0 0.925 0.584375 0.0375 0.0375
1 0.965625 0.671875 0.0609375 0.2109375
0 0.96875 0.5890625 0.03125 0.0359375
1 0.6828125 0.6078125 0.028125 0.0953125
0 0.68125 0.56875 0.0109375 0.0140625
1 0.675 0.6109375 0.0203125 0.090625
0 0.6734375 0.5734375 0.0109375 0.0140625
1 0.6578125 0.6078125 0.028125 0.09375
0 0.6578125 0.5765625 0.009375 0.009375
1 0.6359375 0.628125 0.0640625 0.1359375
0 0.6328125 0.5703125 0.01875 0.0203125
1 0.6 0.6265625 0.0359375 0.13125
0 0.6 0.571875 0.0140625 0.0171875
1 0.5765625 0.6296875 0.059375 0.15
0 0.5796875 0.5625 0.015625 0.015625
1 0.534375 0.6265625 0.059375 0.1421875
0 0.5453125 0.565625 0.01875 0.015625
1 0.5296875 0.59375 0.015625 0.0671875
0 0.5296875 0.5703125 0.00625 0.009375
1 0.51875 0.6046875 0.01875 0.084375
0 0.51875 0.5703125 0.009375 0.0109375
1 0.503125 0.6171875 0.0421875 0.134375
0 0.5 0.5609375 0.0140625 0.0140625
1 0.4609375 0.6171875 0.059375 0.140625
0 0.4703125 0.55625 0.015625 0.015625
1 0.4515625 0.5984375 0.028125 0.103125
0 0.45625 0.55625 0.009375 0.0140625
1 0.4265625 0.6109375 0.0453125 0.14375
0 0.4359375 0.546875 0.0140625 0.015625
1 0.409375 0.596875 0.028125 0.0875
0 0.4078125 0.5609375 0.009375 0.0109375
1 0.390625 0.596875 0.0265625 0.0875
0 0.390625 0.5609375 0.00625 0.0078125
1 0.3625 0.59375 0.028125 0.0859375
0 0.365625 0.5578125 0.0109375 0.009375
1 0.3171875 0.5890625 0.03125 0.0953125
0 0.309375 0.5484375 0.0109375 0.0140625