1 0.6203125 0.36875 0.1 0.2640625
0 0.6046875 0.259375 0.028125 0.034375
1 0.7546875 0.403125 0.0796875 0.2828125
0 0.7640625 0.284375 0.0375 0.0359375
1 0.821875 0.415625 0.084375 0.2875
0 0.8390625 0.296875 0.0375 0.0453125
1 0.91875 0.4203125 0.1125 0.2890625
0 0.9265625 0.296875 0.028125 0.034375
1 0.96875 0.4015625 0.0546875 0.2484375
0 0.96875 0.2984375 0.03125 0.0328125
1 0.8859375 0.4125 0.0765625 0.2703125
0 0.88125 0.3015625 0.0328125 0.0390625
1 0.9390625 0.3875 0.059375 0.2421875
0 0.946875 0.2875 0.028125 0.0375