1 0.325 0.534375 0.2953125 0.7453125
0 0.3828125 0.2265625 0.1171875 0.1703125
1 0.55625 0.53125 0.290625 0.75
0 0.5453125 0.2203125 0.1046875 0.1671875
1 0.1015625 0.4875 0.1578125 0.4375
0 0.084375 0.3046875 0.0578125 0.065625
1 0.18125 0.4390625 0.0953125 0.284375
0 0.1765625 0.3234375 0.0359375 0.0453125
1 0.6984375 0.36875 0.0828125 0.21875
0 0.6953125 0.278125 0.0296875 0.0359375
1 0.6921875 0.365625 0.0546875 0.2078125
0 0.7015625 0.2796875 0.021875 0.0296875
1 0.771875 0.3515625 0.0921875 0.2546875
0 0.76875 0.24375 0.0296875 0.03125
1 0.765625 0.35625 0.075 0.215625
0 0.7609375 0.2625 0.021875 0.021875
1 0.95625 0.3625 0.0828125 0.3515625
0 0.9796875 0.2109375 0.034375 0.046875