1 0.4734375 0.6984375 0.465625 0.596875
0 0.4765625 0.46875 0.1234375 0.1609375
1 0.8015625 0.6265625 0.140625 0.7390625
0 0.859375 0.2828125 0.025 0.05625
1 0.6796875 0.5328125 0.128125 0.3765625
0 0.7125 0.3796875 0.0453125 0.059375
1 0.7734375 0.5421875 0.15625 0.496875
0 0.809375 0.3296875 0.075 0.0640625
1 0.8203125 0.525 0.103125 0.4625
0 0.8453125 0.3296875 0.04375 0.05
1 0.2109375 0.5421875 0.1265625 0.425
0 0.2078125 0.3671875 0.05625 0.0671875
1 0.4421875 0.5296875 0.1578125 0.4421875
0 0.4109375 0.3546875 0.0609375 0.06875
1 0.5625 0.55 0.1125 0.3890625
0 0.5609375 0.3890625 0.0375 0.05625
1 0.240625 0.4703125 0.0828125 0.2921875
0 0.2671875 0.378125 0.0296875 0.0328125
1 0.26875 0.4828125 0.075 0.2265625
0 0.2765625 0.396875 0.021875 0.0296875
1 0.321875 0.4765625 0.06875 0.221875
0 0.325 0.3875 0.025 0.0296875
1 0.38125 0.534375 0.1421875 0.4140625
0 0.365625 0.3671875 0.04375 0.0546875
1 0.478125 0.5234375 0.0984375 0.4078125
0 0.48125 0.353125 0.0453125 0.0515625
1 0.5 0.478125 0.0625 0.2515625
0 0.5140625 0.378125 0.0296875 0.034375
1 0.5265625 0.484375 0.0671875 0.25
0 0.5328125 0.38125 0.03125 0.0375
1 0.7375 0.51875 0.1015625 0.3125
0 0.73125 0.3921875 0.0421875 0.0421875