1 0.0421875 0.621875 0.0796875 0.309375
0 0.015625 0.4953125 0.0265625 0.0578125
1 0.10625 0.640625 0.1046875 0.271875
0 0.109375 0.528125 0.0375 0.0375
1 0.1984375 0.6125 0.0890625 0.2546875
0 0.2109375 0.509375 0.0328125 0.0375
1 0.340625 0.6296875 0.103125 0.2828125
0 0.3453125 0.50625 0.0328125 0.0359375
1 0.390625 0.5625 0.0203125 0.078125
0 0.390625 0.5296875 0.009375 0.009375
1 0.425 0.5703125 0.0421875 0.109375
0 0.4328125 0.5234375 0.0140625 0.0140625
1 0.4515625 0.5703125 0.0375 0.1125
0 0.4515625 0.521875 0.009375 0.009375
1 0.4703125 0.5609375 0.0203125 0.078125
0 0.46875 0.528125 0.009375 0.009375
1 0.45625 0.5625 0.01875 0.075
0 0.459375 0.53125 0.00625 0.009375
1 0.5359375 0.5671875 0.028125 0.0921875
0 0.5375 0.5296875 0.009375 0.0140625
1 0.53125 0.565625 0.0328125 0.084375
0 0.5375 0.5296875 0.0140625 0.009375
1 0.571875 0.5578125 0.0328125 0.084375
0 0.571875 0.5234375 0.009375 0.0109375
1 0.6125 0.559375 0.0328125 0.0875
0 0.61875 0.5234375 0.009375 0.009375
1 0.63125 0.553125 0.01875 0.0640625
0 0.63125 0.5296875 0.009375 0.009375
1 0.6390625 0.5640625 0.01875 0.0796875
0 0.6390625 0.5296875 0.009375 0.009375
1 0.6609375 0.5515625 0.01875 0.059375
0 0.659375 0.525 0.009375 0.0078125
1 0.6484375 0.565625 0.040625 0.1140625
0 0.6484375 0.51875 0.0109375 0.0109375
1 0.684375 0.565625 0.040625 0.0984375
0 0.690625 0.5234375 0.009375 0.0109375
1 0.6921875 0.5703125 0.0328125 0.1046875
0 0.6875 0.528125 0.0140625 0.015625
1 0.7203125 0.565625 0.03125 0.0890625
0 0.728125 0.528125 0.009375 0.0109375