1 0.0484375 0.509375 0.0921875 0.2953125
0 0.0203125 0.3921875 0.040625 0.0453125
1 0.0984375 0.4640625 0.1 0.2
0 0.0875 0.38125 0.028125 0.025
1 0.128125 0.409375 0.0234375 0.08125
0 0.1265625 0.378125 0.009375 0.009375
1 0.1609375 0.4328125 0.0421875 0.11875
0 0.1578125 0.3859375 0.01875 0.0203125
1 0.2 0.41875 0.0234375 0.0796875
0 0.2015625 0.3859375 0.009375 0.009375
1 0.234375 0.440625 0.0421875 0.1359375
0 0.2296875 0.3859375 0.015625 0.0203125
1 0.2796875 0.49375 0.103125 0.278125
0 0.28125 0.3796875 0.040625 0.0421875
1 0.30625 0.534375 0.1609375 0.3390625
0 0.2765625 0.39375 0.0484375 0.0640625
1 0.3953125 0.5546875 0.20625 0.44375
0 0.3671875 0.371875 0.0546875 0.065625
1 0.4234375 0.5515625 0.2328125 0.4515625
0 0.3671875 0.365625 0.0671875 0.0734375
1 0.5296875 0.5578125 0.1828125 0.4390625
0 0.55625 0.3421875 0.103125 0.115625
1 0.634375 0.5625 0.1640625 0.428125
0 0.6484375 0.390625 0.053125 0.0609375
1 0.7546875 0.48125 0.09375 0.215625
0 0.7640625 0.3875 0.03125 0.028125
1 0.8078125 0.4734375 0.075 0.2046875
0 0.8015625 0.390625 0.028125 0.0296875
1 0.859375 0.5484375 0.1765625 0.41875
0 0.85 0.3734375 0.0578125 0.0625
1 0.9515625 0.4953125 0.0859375 0.26875
0 0.95 0.384375 0.0328125 0.0390625