1 0.06875 0.70625 0.0734375 0.140625
0 0.075 0.6515625 0.0234375 0.025
1 0.1203125 0.6953125 0.0984375 0.1640625
0 0.1484375 0.640625 0.0421875 0.0484375
1 0.1625 0.66875 0.1640625 0.215625
0 0.165625 0.7375 0.1375 0.078125
1 0.1796875 0.703125 0.0828125 0.1484375
0 0.171875 0.6546875 0.0421875 0.046875
1 0.2640625 0.696875 0.0984375 0.159375
0 0.259375 0.6484375 0.0421875 0.059375
1 0.3171875 0.703125 0.05 0.1484375
0 0.3140625 0.6421875 0.01875 0.0203125
1 0.2921875 0.7 0.0859375 0.1546875
0 0.278125 0.6359375 0.0234375 0.025
1 0.4015625 0.6515625 0.1640625 0.2515625
0 0 0.2171875 0 0
1 0.4265625 0.64375 0.15625 0.2671875
0 0.425 0.678125 0.0640625 0.0671875
1 0.4859375 0.690625 0.0765625 0.1734375
0 0.4703125 0.6265625 0.028125 0.0328125
1 0.5078125 0.6921875 0.1125 0.16875
0 0.5109375 0.6359375 0.040625 0.0515625
1 0.6078125 0.6765625 0.1890625 0.2015625
0 0.571875 0.640625 0.0640625 0.0515625
1 0.634375 0.6890625 0.09375 0.175
0 0.6265625 0.640625 0.0328125 0.034375
1 0.7015625 0.6921875 0.090625 0.16875
0 0.6859375 0.6453125 0.0328125 0.0375
1 0.746875 0.6921875 0.103125 0.1703125
0 0.7296875 0.6515625 0.0421875 0.05
1 0.759375 0.690625 0.109375 0.1734375
0 0.7578125 0.646875 0.0421875 0.0484375
1 0.775 0.6640625 0.1546875 0.225
0 0.771875 0.653125 0.0640625 0.0703125
1 0.8828125 0.7 0.1046875 0.1546875
0 0.890625 0.6484375 0.0328125 0.0375
1 0.8625 0.6828125 0.071875 0.1875
0 0.846875 0.6109375 0.0328125 0.0375
1 0.9109375 0.6890625 0.0890625 0.175
0 0.9140625 0.6265625 0.0328125 0.0453125
1 0.9578125 0.684375 0.078125 0.1859375
0 0.9703125 0.634375 0.0515625 0.0703125
1 0.9734375 0.6859375 0.046875 0.18125
0 0.9828125 0.640625 0.028125 0.0796875