1 0.6203125 0.440625 0.0171875 0.0390625
0 0.6203125 0.4265625 0.0046875 0.0046875
1 0.2390625 0.6390625 0.1890625 0.215625
0 0.1734375 0.55625 0.0421875 0.04375
1 0.3046875 0.6328125 0.1609375 0.2203125
0 0.2921875 0.5515625 0.0328125 0.0484375
1 0.3671875 0.6265625 0.140625 0.1671875
0 0.3578125 0.565625 0.040625 0.0421875
1 0.4125 0.5640625 0.1 0.1328125
0 0.403125 0.515625 0.0265625 0.03125
1 0.425 0.5640625 0.084375 0.1328125
0 0.4203125 0.51875 0.021875 0.0265625
1 0.484375 0.584375 0.0875 0.140625
0 0.4984375 0.5296875 0.0234375 0.03125
1 0.4359375 0.5328125 0.0515625 0.1484375
0 0.4296875 0.475 0.021875 0.025
1 0.490625 0.5265625 0.0484375 0.1265625
0 0.490625 0.478125 0.0171875 0.0203125
1 0.525 0.5265625 0.04375 0.1421875
0 0.5203125 0.46875 0.0171875 0.015625
1 0.5375 0.5109375 0.0609375 0.1515625
0 0.5359375 0.45 0.021875 0.021875
1 0.5609375 0.534375 0.0390625 0.1421875
0 0.5625 0.4765625 0.0171875 0.021875
1 0.578125 0.525 0.046875 0.1296875
0 0.578125 0.4703125 0.0140625 0.015625
1 0.6125 0.525 0.0328125 0.13125
0 0.609375 0.4734375 0.0140625 0.0171875
1 0.7640625 0.4859375 0.03125 0.0625
0 0.765625 0.4625 0.009375 0.009375
1 0.771875 0.571875 0.09375 0.21875
0 0.7703125 0.4875 0.0265625 0.0390625
1 0.7984375 0.6171875 0.059375 0.071875
0 0.7921875 0.596875 0.0234375 0.0234375