1 0.06875 0.6359375 0.1328125 0.36875
0 0.04375 0.48125 0.046875 0.0515625
1 0.134375 0.5671875 0.06875 0.178125
0 0.1359375 0.4953125 0.0203125 0.021875
1 0.1578125 0.5234375 0.03125 0.0796875
0 0.15625 0.490625 0.0125 0.0125
1 0.1734375 0.515625 0.0234375 0.075
0 0.1765625 0.4875 0.00625 0.00625
1 0.1859375 0.509375 0.0234375 0.0703125
0 0.19375 0.4828125 0.009375 0.009375
1 0.20625 0.515625 0.021875 0.06875
0 0.2015625 0.4875 0.009375 0.009375
1 0.2140625 0.5078125 0.025 0.0640625
0 0.21875 0.48125 0.00625 0.00625
1 0.3390625 0.509375 0.025 0.0625
0 0.340625 0.4875 0.0078125 0.009375
1 0.29375 0.621875 0.2546875 0.4203125
0 0.2859375 0.453125 0.09375 0.10625
1 0.4140625 0.490625 0.0125 0.0375
0 0.4140625 0.478125 0.00625 0.003125
1 0.4234375 0.490625 0.0125 0.0328125
0 0.425 0.4765625 0.0046875 0.003125
1 0.43125 0.4890625 0.0140625 0.034375
0 0.4328125 0.4765625 0.0046875 0.003125
1 0.4390625 0.490625 0.0125 0.03125
0 0.4421875 0.478125 0.0046875 0.003125
1 0.4484375 0.490625 0.0125 0.0328125
0 0.446875 0.478125 0.0046875 0.003125
1 0.459375 0.4890625 0.0125 0.0375
0 0.45625 0.4765625 0.0046875 0.003125
1 0.4640625 0.490625 0.0140625 0.0328125
0 0.4671875 0.478125 0.0046875 0.003125
1 0.475 0.49375 0.0171875 0.0390625
0 0.475 0.478125 0.0046875 0.003125
1 0.4890625 0.503125 0.021875 0.0484375
0 0.4890625 0.4828125 0.00625 0.00625
1 0.503125 0.50625 0.025 0.06875
0 0.503125 0.478125 0.0078125 0.009375
1 0.5140625 0.49375 0.0140625 0.0390625
0 0.515625 0.478125 0.00625 0.00625
1 0.5265625 0.496875 0.0140625 0.0328125
0 0.5265625 0.496875 0.0140625 0.0328125
1 0.5546875 0.596875 0.084375 0.234375
0 0.5484375 0.5 0.0296875 0.034375
1 0.5859375 0.5359375 0.06875 0.1390625
0 0.5921875 0.478125 0.0171875 0.015625
1 0.6171875 0.565625 0.0890625 0.209375
0 0.6140625 0.484375 0.025 0.0328125
1 0.6984375 0.53125 0.0203125 0.0640625
0 0.7015625 0.5078125 0.009375 0.009375
1 0.7015625 0.50625 0.0328125 0.084375
0 0.7015625 0.475 0.009375 0.0125
1 0.68125 0.5296875 0.05625 0.11875
0 0.678125 0.4828125 0.015625 0.015625
1 0.85 0.5125 0.034375 0.0875
0 0.85 0.478125 0.009375 0.009375
1 0.8828125 0.646875 0.1890625 0.36875
0 0.88125 0.4953125 0.0421875 0.0484375
1 0.9578125 0.684375 0.078125 0.29375
0 0.9875 0.5609375 0.0171875 0.0453125