1 0.0609375 0.546875 0.078125 0.15
0 0.05625 0.490625 0.0328125 0.0296875
1 0.1796875 0.571875 0.1484375 0.3203125
0 0.15 0.440625 0.0484375 0.0515625
1 0.228125 0.515625 0.040625 0.103125
0 0.2296875 0.478125 0.015625 0.0203125
1 0.1 0.521875 0.0515625 0.1046875
0 0.0875 0.484375 0.0125 0.0171875
1 0.278125 0.5140625 0.09375 0.2515625
0 0.2703125 0.40625 0.028125 0.034375
1 0.3109375 0.5265625 0.0828125 0.23125
0 0.309375 0.4296875 0.03125 0.03125
1 0.3671875 0.534375 0.0828125 0.284375
0 0.35625 0.4109375 0.0296875 0.03125
1 0.4234375 0.4921875 0.071875 0.1703125
0 0.4203125 0.4234375 0.0203125 0.021875
1 0.4390625 0.4828125 0.0375 0.1234375
0 0.4375 0.4359375 0.0140625 0.0171875
1 0.459375 0.5125 0.078125 0.165625
0 0.45625 0.4515625 0.01875 0.0265625
1 0.5078125 0.5125 0.0609375 0.1265625
0 0.5109375 0.4609375 0.0171875 0.01875
1 0.6046875 0.5921875 0.175 0.4734375
0 0.603125 0.39375 0.05625 0.0671875
1 0.5515625 0.4734375 0.0375 0.1109375
0 0.5546875 0.4328125 0.0125 0.015625
1 0.74375 0.49375 0.0625 0.14375
0 0.746875 0.434375 0.0171875 0.01875
1 0.7796875 0.4640625 0.021875 0.0703125
0 0.7828125 0.4359375 0.009375 0.009375
1 0.653125 0.4671875 0.0359375 0.1109375
0 0.65 0.4234375 0.0171875 0.0203125
1 0.678125 0.4640625 0.0234375 0.0796875
0 0.678125 0.434375 0.0078125 0.009375
1 0.7 0.478125 0.021875 0.0515625
0 0.6984375 0.4640625 0.00625 0.00625
1 0.7109375 0.4609375 0.0203125 0.06875
0 0.7125 0.434375 0.0078125 0.009375
1 0.71875 0.4640625 0.0234375 0.071875
0 0.7203125 0.434375 0.009375 0.0109375
1 0.8125 0.4859375 0.05625 0.146875
0 0.8140625 0.4234375 0.0171875 0.0171875
1 0.8375 0.46875 0.03125 0.096875
0 0.8375 0.4296875 0.0109375 0.0109375
1 0.865625 0.465625 0.0390625 0.1046875
0 0.865625 0.4203125 0.0109375 0.0109375
1 0.8890625 0.4578125 0.0234375 0.065625
0 0.890625 0.4328125 0.0078125 0.0078125
1 0.9125 0.4546875 0.025 0.065625
0 0.9140625 0.428125 0.00625 0.00625
1 0.9265625 0.453125 0.0328125 0.0671875
0 0.9265625 0.4265625 0.009375 0.009375
1 0.934375 0.4625 0.0328125 0.078125
0 0.9328125 0.4296875 0.009375 0.009375
1 0.36875 0.5796875 0.2125 0.421875
0 0.34375 0.4015625 0.0546875 0.0578125
1 0.796875 0.4484375 0.0140625 0.0484375
0 0.7984375 0.428125 0.0046875 0.0046875
1 0.7671875 0.4515625 0.01875 0.0453125
0 0.765625 0.434375 0.00625 0.00625
1 0.6875 0.4609375 0.0171875 0.0546875
0 0.6875 0.4375 0.00625 0.00625