1 0.80625 0.63125 0.0359375 0.075
0 0.803125 0.6046875 0.009375 0.0140625
1 0.7578125 0.615625 0.0484375 0.10625
0 0.746875 0.5734375 0.0140625 0.015625
1 0.7296875 0.6078125 0.046875 0.1078125
0 0.7296875 0.565625 0.015625 0.01875
1 0.734375 0.640625 0.065625 0.146875
0 0.7234375 0.5828125 0.01875 0.021875
1 0.6859375 0.6359375 0.065625 0.175
0 0.6875 0.5625 0.01875 0.021875
1 0.65625 0.615625 0.040625 0.109375
0 0.65 0.5671875 0.0140625 0.0109375
1 0.609375 0.64375 0.0328125 0.075
0 0.6078125 0.6140625 0.009375 0.009375
1 0.6015625 0.615625 0.040625 0.09375
0 0.603125 0.58125 0.0125 0.009375
1 0.575 0.63125 0.034375 0.09375
0 0.575 0.5953125 0.009375 0.009375
1 0.528125 0.6171875 0.0359375 0.0796875
0 0.528125 0.584375 0.009375 0.0109375
1 0.5671875 0.6078125 0.0296875 0.0859375
0 0.5671875 0.575 0.009375 0.0140625
1 0.5515625 0.5984375 0.0203125 0.053125
0 0.5515625 0.578125 0.00625 0.0078125
1 0.4546875 0.578125 0.009375 0.021875
0 0.4546875 0.571875 0.003125 0.003125
1 0.4421875 0.584375 0.0125 0.028125
0 0.44375 0.575 0.0046875 0.0046875
1 0.3953125 0.5875 0.0140625 0.0328125
0 0.3953125 0.5765625 0.0046875 0.0046875
1 0.3875 0.5890625 0.0125 0.0265625
0 0.3859375 0.578125 0.0046875 0.003125
1 0.3703125 0.603125 0.025 0.0578125
0 0.371875 0.58125 0.009375 0.009375
1 0.3328125 0.5859375 0.0140625 0.0359375
0 0.33125 0.571875 0.0046875 0.0046875
1 0.3203125 0.584375 0.0140625 0.0390625
0 0.321875 0.5703125 0.0046875 0.0046875
1 0.2921875 0.5859375 0.01875 0.0453125
0 0.29375 0.5703125 0.00625 0.00625
1 0.25 0.5890625 0.0234375 0.04375
0 0.246875 0.571875 0.00625 0.0078125
1 0.225 0.5921875 0.025 0.05625
0 0.225 0.5703125 0.0078125 0.009375
1 0.209375 0.5921875 0.021875 0.0515625
0 0.2109375 0.571875 0.00625 0.009375