1 0.95625 0.546875 0.0796875 0.1953125
0 0.971875 0.4625 0.034375 0.0234375
1 0.871875 0.540625 0.0703125 0.159375
0 0.875 0.4734375 0.021875 0.0234375
1 0.634375 0.5265625 0.0359375 0.115625
0 0.6328125 0.4765625 0.0140625 0.0109375
1 0.58125 0.5203125 0.046875 0.121875
0 0.5859375 0.4671875 0.0140625 0.0140625
1 0.603125 0.503125 0.0203125 0.0484375
0 0.603125 0.4828125 0.00625 0.0078125
1 0.5328125 0.4953125 0.015625 0.034375
0 0.5328125 0.48125 0.0046875 0.0046875
1 0.4921875 0.496875 0.015625 0.040625
0 0.49375 0.48125 0.00625 0.00625
1 0.48125 0.496875 0.01875 0.040625
0 0.4828125 0.4828125 0.0046875 0.0078125
1 0.440625 0.5 0.0203125 0.0546875
0 0.440625 0.4765625 0.00625 0.0078125
1 0.409375 0.4984375 0.01875 0.0484375
0 0.409375 0.478125 0.00625 0.0078125
1 0.4203125 0.496875 0.0140625 0.0328125
0 0.421875 0.4828125 0.0046875 0.0046875
1 0.303125 0.5 0.0140625 0.0515625
0 0.3015625 0.48125 0.00625 0.00625
1 0.2796875 0.503125 0.028125 0.0546875
0 0.2859375 0.48125 0.00625 0.00625
1 0.2546875 0.5078125 0.01875 0.053125
0 0.2546875 0.4875 0.009375 0.0078125
1 0.046875 0.525 0.05625 0.1140625
0 0.053125 0.478125 0.01875 0.0171875
1 0.034375 0.515625 0.0359375 0.0625
0 0.03125 0.4921875 0.0125 0.0109375
1 0.0109375 0.5109375 0.0171875 0.0421875
0 0.0140625 0.4953125 0.00625 0.00625