1 0.90625 0.603125 0.18125 0.346875
0 0.959375 0.45625 0.05 0.04375
1 0.7296875 0.578125 0.09375 0.2578125
0 0.715625 0.471875 0.0328125 0.0375
1 0.6515625 0.5796875 0.0796875 0.26875
0 0.659375 0.4671875 0.028125 0.0390625
1 0.609375 0.5921875 0.146875 0.371875
0 0.5984375 0.4453125 0.053125 0.065625
1 0.5015625 0.6546875 0.1046875 0.24375
0 0.5078125 0.5671875 0.0421875 0.0515625
1 0.3859375 0.5875 0.1171875 0.3203125
0 0.39375 0.4515625 0.040625 0.04375
1 0.4609375 0.5796875 0.0859375 0.2671875
0 0.4609375 0.46875 0.0328125 0.0390625
1 0.4859375 0.584375 0.0546875 0.20625
0 0.4875 0.4984375 0.0234375 0.0234375
1 0.5515625 0.56875 0.0671875 0.2421875
0 0.559375 0.4671875 0.0234375 0.0328125