1 0.234375 0.5875 0.0140625 0.0359375
0 0.2328125 0.575 0.0046875 0.0046875
1 0.2484375 0.5875 0.009375 0.0359375
0 0.2484375 0.575 0.0046875 0.0046875
1 0.278125 0.5875 0.0140625 0.0265625
0 0.278125 0.5765625 0.0046875 0.003125
1 0.3421875 0.5875 0.0109375 0.0375
0 0.34375 0.5734375 0.0046875 0.0046875
1 0.203125 0.6640625 0.071875 0.1890625
0 0.215625 0.5875 0.01875 0.021875
1 0.3046875 0.7015625 0.065625 0.1859375
0 0.3015625 0.621875 0.0234375 0.028125
1 0.3203125 0.6609375 0.05625 0.1609375
0 0.3234375 0.596875 0.015625 0.0234375
1 0.39375 0.69375 0.0796875 0.20625
0 0.384375 0.60625 0.025 0.028125
1 0.428125 0.64375 0.0546875 0.1515625
0 0.43125 0.5796875 0.015625 0.01875
1 0.378125 0.59375 0.021875 0.046875
0 0.3796875 0.575 0.00625 0.0078125
1 0.40625 0.5953125 0.01875 0.0453125
0 0.4046875 0.5765625 0.00625 0.00625
1 0.4421875 0.5875 0.0109375 0.0359375
0 0.44375 0.5734375 0.00625 0.00625
1 0.4546875 0.5921875 0.015625 0.046875
0 0.4546875 0.5734375 0.0046875 0.00625
1 0.48125 0.634375 0.05625 0.1625
0 0.490625 0.5640625 0.015625 0.0171875
1 0.5125 0.665625 0.0578125 0.18125
0 0.5234375 0.5890625 0.021875 0.0234375
1 0.521875 0.578125 0.015625 0.0328125
0 0.5203125 0.56875 0.00625 0.0078125
1 0.5375 0.63125 0.0359375 0.13125
0 0.5390625 0.5765625 0.0125 0.015625
1 0.5640625 0.6171875 0.034375 0.10625
0 0.5625 0.5734375 0.0140625 0.0140625
1 0.584375 0.6234375 0.0390625 0.09375
0 0.5875 0.5859375 0.0140625 0.0140625
1 0.596875 0.671875 0.0609375 0.1765625
0 0.5984375 0.5984375 0.01875 0.0234375
1 0.625 0.6234375 0.03125 0.103125
0 0.6265625 0.58125 0.009375 0.0140625
1 0.63125 0.6046875 0.0234375 0.1
0 0.63125 0.565625 0.0109375 0.015625
1 0.653125 0.63125 0.0375 0.109375
0 0.65625 0.5859375 0.0140625 0.0140625
1 0.6671875 0.628125 0.021875 0.0953125
0 0.6671875 0.5875 0.009375 0.009375
1 0.6703125 0.5890625 0.0234375 0.0578125
0 0.6703125 0.565625 0.0078125 0.009375
1 0.69375 0.63125 0.0390625 0.115625
0 0.6890625 0.58125 0.0125 0.0140625
1 0.709375 0.6296875 0.0265625 0.1
0 0.709375 0.5890625 0.0125 0.0125
1 0.725 0.60625 0.034375 0.0875
0 0.725 0.5703125 0.009375 0.0109375
1 0.7484375 0.628125 0.0453125 0.1046875
0 0.746875 0.5859375 0.0109375 0.0140625
1 0.7578125 0.6234375 0.0265625 0.1046875
0 0.7546875 0.5796875 0.0109375 0.0125
1 0.778125 0.6265625 0.025 0.1
0 0.775 0.584375 0.0140625 0.0125
1 0.79375 0.5890625 0.0140625 0.0359375
0 0.7921875 0.575 0.003125 0.0046875
1 0.8046875 0.59375 0.0140625 0.0359375
0 0.8046875 0.5796875 0.0046875 0.0046875
1 0.8203125 0.628125 0.01875 0.109375
0 0.8234375 0.58125 0.0109375 0.0140625
1 0.7671875 0.7515625 0.125 0.1953125
0 0.75 0.678125 0.03125 0.0421875