1 0.11875 0.7578125 0.121875 0.2265625
0 0.1421875 0.66875 0.0375 0.0421875
1 0.01875 0.703125 0.034375 0.06875
0 0.015625 0.675 0.0125 0.0078125
1 0.0640625 0.675 0.015625 0.034375
0 0.065625 0.6625 0.0046875 0.0046875
1 0.09375 0.671875 0.0125 0.0375
0 0.096875 0.65625 0.00625 0.0046875
1 0.265625 0.759375 0.0984375 0.225
0 0.2671875 0.665625 0.0265625 0.03125
1 0.43125 0.7609375 0.0875 0.2203125
0 0.43125 0.6703125 0.0296875 0.03125
1 0.5984375 0.765625 0.075 0.2109375
0 0.59375 0.684375 0.025 0.0328125
1 0.790625 0.7578125 0.06875 0.19375
0 0.79375 0.6765625 0.025 0.0265625
1 0.8828125 0.7046875 0.0421875 0.071875
0 0.884375 0.675 0.0078125 0.0109375
1 0.7390625 0.684375 0.028125 0.0640625
0 0.7390625 0.659375 0.009375 0.0109375
1 0.6421875 0.7125 0.0515625 0.0828125
0 0.6359375 0.6765625 0.0125 0.0125
1 0.6421875 0.7015625 0.0296875 0.06875
0 0.64375 0.678125 0.009375 0.0078125
1 0.5546875 0.721875 0.0390625 0.090625
0 0.55625 0.684375 0.009375 0.0125
1 0.509375 0.6734375 0.0171875 0.04375
0 0.5109375 0.65625 0.00625 0.0046875
1 0.54375 0.6703125 0.015625 0.03125
0 0.54375 0.659375 0.0015625 0.003125
1 0.5546875 0.66875 0.0140625 0.0265625
0 0.55625 0.6609375 0.0046875 0.0046875
1 0.565625 0.66875 0.0125 0.034375
0 0.565625 0.6578125 0.0046875 0.0046875
1 0.1765625 0.675 0.015625 0.0375
0 0.1796875 0.6625 0.0046875 0.0046875
1 0.209375 0.675 0.0140625 0.0296875
0 0.209375 0.6640625 0.0046875 0.0046875
1 0.784375 0.675 0.015625 0.0328125
0 0.784375 0.6625 0.00625 0.0046875