1 0.98125 0.5828125 0.03125 0.059375
0 0.9828125 0.5625 0.0125 0.015625
1 0.9765625 0.5421875 0.0375 0.0703125
0 0.9765625 0.5140625 0.0125 0.0125
1 0.946875 0.5796875 0.046875 0.0640625
0 0.940625 0.55625 0.0125 0.0125
1 0.925 0.5390625 0.0359375 0.071875
0 0.921875 0.5125 0.009375 0.0125
1 0.9 0.5375 0.0375 0.075
0 0.9015625 0.5109375 0.009375 0.015625
1 0.865625 0.534375 0.0359375 0.0703125
0 0.8609375 0.5125 0.009375 0.0125
1 0.8671875 0.58125 0.040625 0.0640625
0 0.8609375 0.559375 0.009375 0.0125
1 0.8234375 0.5796875 0.0390625 0.05625
0 0.828125 0.5609375 0.009375 0.015625
1 0.8609375 0.6125 0.0875 0.221875
0 0.871875 0.521875 0.0296875 0.0296875
1 0.8125 0.5375 0.0359375 0.0796875
0 0.8078125 0.5078125 0.009375 0.015625
1 0.7890625 0.55625 0.0375 0.0640625
0 0.79375 0.53125 0.009375 0.0109375
1 0.790625 0.5375 0.025 0.0703125
0 0.7921875 0.5109375 0.0125 0.0125
1 0.7796875 0.5375 0.0296875 0.071875
0 0.778125 0.509375 0.009375 0.0109375
1 0.7578125 0.540625 0.028125 0.075
0 0.7546875 0.5109375 0.00625 0.009375
1 0.746875 0.5390625 0.0328125 0.0953125
0 0.7421875 0.5 0.009375 0.0125
1 0.734375 0.540625 0.0390625 0.078125
0 0.7296875 0.5109375 0.009375 0.0140625
1 0.703125 0.575 0.03125 0.0578125
0 0.7015625 0.5546875 0.009375 0.0125
1 0.6734375 0.571875 0.046875 0.0609375
0 0.6734375 0.553125 0.009375 0.015625
1 0.6859375 0.540625 0.0296875 0.078125
0 0.6796875 0.5109375 0.009375 0.0109375
1 0.6796875 0.534375 0.025 0.065625
0 0.6796875 0.5109375 0.009375 0.0109375
1 0.634375 0.5390625 0.03125 0.075
0 0.634375 0.5109375 0.009375 0.0125
1 0.60625 0.5375 0.0359375 0.078125
0 0.60625 0.5046875 0.009375 0.0125
1 0.5734375 0.540625 0.0296875 0.075
0 0.571875 0.5125 0.009375 0.0125
1 0.578125 0.5703125 0.04375 0.046875
0 0.56875 0.5546875 0.009375 0.009375
1 0.5984375 0.625 0.0765625 0.25625
0 0.5921875 0.5171875 0.025 0.034375
1 0.553125 0.5375 0.021875 0.0703125
0 0.5484375 0.509375 0.009375 0.0125
1 0.534375 0.5328125 0.0234375 0.06875
0 0.534375 0.509375 0.009375 0.0109375
1 0.5140625 0.5328125 0.0296875 0.071875
0 0.5125 0.503125 0.009375 0.009375
1 0.490625 0.5296875 0.025 0.0703125
0 0.4921875 0.503125 0.009375 0.0125
1 0.4671875 0.53125 0.025 0.0640625
0 0.46875 0.509375 0.009375 0.0109375
1 0.490625 0.6421875 0.0984375 0.2515625
0 0.4828125 0.5328125 0.03125 0.03125
1 0.4375 0.56875 0.0390625 0.053125
0 0.4375 0.5515625 0.0125 0.015625
1 0.4140625 0.5328125 0.0390625 0.090625
0 0.4140625 0.49375 0.009375 0.0125
1 0.4015625 0.571875 0.0328125 0.04375
0 0.4015625 0.5578125 0.009375 0.0140625
1 0.390625 0.5328125 0.03125 0.0703125
0 0.3859375 0.509375 0.009375 0.0125
1 0.365625 0.534375 0.03125 0.0703125
0 0.3671875 0.5078125 0.009375 0.0125
1 0.29375 0.5296875 0.0296875 0.059375
0 0.290625 0.509375 0.009375 0.0109375
1 0.2765625 0.53125 0.01875 0.0359375
0 0.275 0.5203125 0.0046875 0.00625
1 0.253125 0.5203125 0.03125 0.040625
0 0.2515625 0.50625 0.009375 0.009375
1 0.21875 0.5328125 0.028125 0.075
0 0.21875 0.5015625 0.009375 0.009375
1 0.190625 0.5171875 0.03125 0.04375
0 0.1921875 0.503125 0.009375 0.0109375
1 0.1546875 0.5546875 0.0453125 0.125
0 0.146875 0.503125 0.0171875 0.0171875
1 0.321875 0.6125 0.059375 0.215625
0 0.3203125 0.521875 0.0296875 0.0296875
1 0.1234375 0.559375 0.0375 0.125
0 0.121875 0.509375 0.0171875 0.0171875
1 0.1046875 0.5359375 0.0296875 0.090625
0 0.1046875 0.5 0.0171875 0.0171875
1 0.078125 0.5390625 0.0328125 0.1140625
0 0.075 0.4921875 0.0140625 0.0171875
1 0.046875 0.571875 0.0546875 0.159375
0 0.046875 0.5046875 0.0171875 0.025
1 0.01875 0.584375 0.0359375 0.15625
0 0.0125 0.5171875 0.0203125 0.0234375
1 0.059375 0.5546875 0.0390625 0.10625
0 0.059375 0.5109375 0.015625 0.015625
1 0.83125 0.5375 0.034375 0.071875
0 0.828125 0.5109375 0.009375 0.0140625
1 0.3609375 0.6234375 0.0796875 0.2546875
0 0.3546875 0.5171875 0.03125 0.0359375