1 0.08125 0.5515625 0.159375 0.4515625
0 0.028125 0.296875 0.0515625 0.11875
1 0.0734375 0.50625 0.146875 0.396875
0 0.0578125 0.34375 0.059375 0.065625
1 0.0953125 0.4796875 0.071875 0.278125
0 0.103125 0.3609375 0.028125 0.03125
1 0.1125 0.434375 0.0640625 0.2421875
0 0.115625 0.3296875 0.0234375 0.025
1 0.15625 0.46875 0.0984375 0.340625
0 0.1625 0.3265625 0.0421875 0.05
1 0.2140625 0.5484375 0.1671875 0.4578125
0 0.2234375 0.3203125 0.0875 0.10625
1 0.2578125 0.5078125 0.1046875 0.3390625
0 0.253125 0.36875 0.0375 0.0515625
1 0.2984375 0.44375 0.08125 0.2546875
0 0.3046875 0.3421875 0.028125 0.0375
1 0.353125 0.434375 0.0640625 0.2328125
0 0.353125 0.3375 0.0265625 0.034375
1 0.4 0.496875 0.15 0.3390625
0 0.3890625 0.35625 0.0375 0.0515625
1 0.321875 0.409375 0.0453125 0.178125
0 0.325 0.3390625 0.01875 0.025
1 0.3734375 0.36875 0.0375 0.1015625
0 0.378125 0.3265625 0.0109375 0.015625
1 0.396875 0.3859375 0.0453125 0.1359375
0 0.403125 0.3296875 0.0140625 0.01875
1 0.4375 0.4125 0.0640625 0.196875
0 0.45625 0.3265625 0.0234375 0.0234375
1 0.4875 0.4375 0.0609375 0.2390625
0 0.4953125 0.3390625 0.03125 0.0375
1 0.540625 0.471875 0.084375 0.34375
0 0.5359375 0.3265625 0.0421875 0.0515625
1 0.571875 0.4375 0.0828125 0.3046875
0 0.5640625 0.3125 0.0328125 0.0375
1 0.609375 0.5015625 0.1296875 0.3671875
0 0.64375 0.35 0.040625 0.0421875
1 0.6546875 0.521875 0.0875 0.403125
0 0.6578125 0.3484375 0.0546875 0.0515625
1 0.709375 0.5328125 0.2015625 0.4890625
0 0.728125 0.3375 0.0671875 0.090625
1 0.775 0.55 0.1390625 0.4546875
0 0.8 0.3578125 0.0609375 0.0734375
1 0.8421875 0.40625 0.0453125 0.1609375
0 0.84375 0.340625 0.0234375 0.025
1 0.8796875 0.4421875 0.09375 0.2828125
0 0.871875 0.3234375 0.0359375 0.0390625
1 0.953125 0.46875 0.0875 0.2984375
0 0.9703125 0.34375 0.0421875 0.05
1 0.928125 0.553125 0.1359375 0.3953125
0 0.9609375 0.3890625 0.0609375 0.0640625