1 0.6140625 0.55625 0.059375 0.25
0 0.628125 0.453125 0.025 0.034375
1 0.6390625 0.559375 0.0625 0.2359375
0 0.6375 0.465625 0.021875 0.0359375
1 0.684375 0.5546875 0.06875 0.2578125
0 0.6828125 0.446875 0.025 0.0359375
1 0.715625 0.5515625 0.075 0.2515625
0 0.709375 0.4453125 0.0328125 0.034375
1 0.740625 0.553125 0.0625 0.246875
0 0.740625 0.453125 0.028125 0.034375
1 0.7734375 0.553125 0.0546875 0.24375
0 0.765625 0.4546875 0.03125 0.0375
1 0.81875 0.5421875 0.084375 0.2625
0 0.8265625 0.4328125 0.0375 0.040625
1 0.921875 0.5453125 0.090625 0.25625
0 0.9109375 0.4390625 0.03125 0.0375
1 0.9546875 0.546875 0.05625 0.2421875
0 0.953125 0.446875 0.0296875 0.0328125
1 0.84375 0.54375 0.0625 0.2453125
0 0.840625 0.44375 0.025 0.0296875
1 0.875 0.53125 0.0578125 0.2296875
0 0.88125 0.4375 0.025 0.0296875
1 0.9046875 0.525 0.059375 0.2328125
0 0.9015625 0.43125 0.0265625 0.0375
1 0.96875 0.5328125 0.0484375 0.2265625
0 0.975 0.4390625 0.025 0.028125
1 0.790625 0.5421875 0.0671875 0.246875
0 0.79375 0.440625 0.028125 0.0359375