1 0.590625 0.8703125 0.0625 0.1578125
0 0.5828125 0.8046875 0.0203125 0.0234375
1 0.5484375 0.859375 0.05625 0.1703125
0 0.553125 0.7890625 0.015625 0.0203125
1 0.6875 0.8296875 0.04375 0.10625
0 0.69375 0.7859375 0.0109375 0.0109375
1 0.484375 0.78125 0.0171875 0.0546875
0 0.4828125 0.7609375 0.00625 0.0078125
1 0.5015625 0.7828125 0.0171875 0.059375
0 0.5015625 0.7578125 0.0078125 0.0078125
1 0.56875 0.78125 0.0203125 0.05625
0 0.5703125 0.75625 0.00625 0.00625
1 0.603125 0.790625 0.025 0.078125
0 0.6015625 0.7578125 0.009375 0.0109375
1 0.690625 0.821875 0.0453125 0.1078125
0 0.6875 0.7765625 0.0109375 0.0140625
1 0.6390625 0.7765625 0.0171875 0.0453125
0 0.640625 0.765625 0.0046875 0.0078125
1 0.6578125 0.7765625 0.0171875 0.046875
0 0.6578125 0.7578125 0.00625 0.0078125
1 0.63125 0.7703125 0.009375 0.0359375
0 0.6328125 0.75625 0.003125 0.0046875