1 0.1609375 0.7109375 0.09375 0.184375
0 0.1609375 0.6375 0.0265625 0.0296875
1 0.3625 0.675 0.0765625 0.0625
0 0.3609375 0.65625 0.0140625 0.0171875
1 0.4140625 0.621875 0.0390625 0.1109375
0 0.409375 0.5765625 0.0125 0.015625
1 0.4125 0.665625 0.0609375 0.065625
0 0.421875 0.646875 0.015625 0.0203125
1 0.4265625 0.6765625 0.034375 0.0546875
0 0.425 0.6625 0.0140625 0.0140625
1 0.453125 0.6328125 0.0421875 0.115625
0 0.46875 0.5859375 0.0140625 0.0171875
1 0.4703125 0.628125 0.0234375 0.103125
0 0.471875 0.584375 0.0125 0.0109375
1 0.4953125 0.6171875 0.0359375 0.1109375
0 0.4984375 0.5734375 0.0109375 0.015625
1 0.540625 0.6421875 0.0421875 0.11875
0 0.534375 0.59375 0.0140625 0.0171875
1 0.61875 0.625 0.0578125 0.084375
0 0.615625 0.5953125 0.01875 0.0203125
1 0.7125 0.6125 0.05 0.0671875
0 0.715625 0.5890625 0.0140625 0.0140625
1 0.715625 0.603125 0.0453125 0.0625
0 0.71875 0.58125 0.0125 0.0125
1 0.8875 0.571875 0.015625 0.0515625
0 0.8890625 0.553125 0.0078125 0.0078125