1 0.134375 0.7234375 0.0171875 0.0515625
0 0.1359375 0.7046875 0.009375 0.0078125
1 0.14375 0.725 0.01875 0.0546875
0 0.1421875 0.7046875 0.009375 0.0078125
1 0.196875 0.7203125 0.028125 0.0703125
0 0.190625 0.6921875 0.009375 0.009375
1 0.2390625 0.7171875 0.015625 0.05625
0 0.2390625 0.6953125 0.009375 0.009375
1 0.35625 0.7109375 0.015625 0.05625
0 0.3546875 0.6875 0.0078125 0.0078125
1 0.3703125 0.7125 0.0234375 0.0515625
0 0.365625 0.6921875 0.00625 0.00625
1 0.38125 0.7109375 0.0265625 0.0546875
0 0.38125 0.6875 0.00625 0.00625
1 0.409375 0.7109375 0.0296875 0.0515625
0 0.4078125 0.690625 0.0046875 0.0078125
1 0.4140625 0.709375 0.0203125 0.0578125
0 0.4140625 0.6859375 0.0046875 0.00625
1 0.5953125 0.7 0.01875 0.05625
0 0.596875 0.6765625 0.00625 0.0078125
1 0.7375 0.6921875 0.021875 0.0609375
0 0.7375 0.6671875 0.0078125 0.0078125
1 0.8859375 0.6859375 0.0296875 0.0796875
0 0.88125 0.6546875 0.0109375 0.0140625
1 0.96875 0.6828125 0.028125 0.0765625
0 0.9734375 0.6515625 0.009375 0.009375