1 0.8265625 0.528125 0.009375 0.028125
0 0.8265625 0.5171875 0.003125 0.003125
1 0.815625 0.528125 0.0140625 0.0359375
0 0.8140625 0.5140625 0.0046875 0.00625
1 0.8078125 0.5296875 0.0171875 0.0390625
0 0.8078125 0.5140625 0.0046875 0.0046875
1 0.8359375 0.528125 0.0140625 0.0421875
0 0.8359375 0.5109375 0.0046875 0.0046875
1 0.7890625 0.5265625 0.0171875 0.0453125
0 0.7890625 0.509375 0.0046875 0.00625
1 0.884375 0.53125 0.0234375 0.028125
0 0.8890625 0.5234375 0.00625 0.0078125
1 0.8875 0.53125 0.0140625 0.0359375
0 0.8859375 0.51875 0.00625 0.00625
1 0.7515625 0.5265625 0.0171875 0.05
0 0.75 0.509375 0.00625 0.009375
1 0.7296875 0.528125 0.0203125 0.0515625
0 0.73125 0.50625 0.00625 0.00625
1 0.665625 0.51875 0.046875 0.1140625
0 0.6625 0.471875 0.015625 0.0171875
1 0.2640625 0.54375 0.0890625 0.2046875
0 0.26875 0.4640625 0.025 0.028125