1 0.9078125 0.60625 0.096875 0.3296875
0 0.9046875 0.46875 0.0421875 0.0453125
1 0.334375 0.5890625 0.1265625 0.3765625
0 0.3125 0.4421875 0.0640625 0.075
1 0.484375 0.596875 0.1984375 0.3625
0 0.4875 0.44375 0.0453125 0.05
1 0.6546875 0.584375 0.1609375 0.384375
0 0.646875 0.4234375 0.05 0.0578125
1 0.8171875 0.5953125 0.121875 0.3640625
0 0.8171875 0.446875 0.05 0.0609375
1 0.784375 0.5578125 0.059375 0.19375
0 0.7859375 0.4765625 0.01875 0.0234375
1 0.93125 0.5515625 0.0765625 0.2015625
0 0.9390625 0.471875 0.028125 0.034375
1 0.58125 0.58125 0.078125 0.2546875
0 0.5828125 0.4828125 0.0328125 0.0375
1 0.675 0.5703125 0.0984375 0.2765625
0 0.68125 0.4578125 0.0328125 0.0375
1 0.39375 0.5546875 0.046875 0.1296875
0 0.3921875 0.5046875 0.01875 0.01875
1 0.440625 0.5390625 0.0515625 0.16875
0 0.4453125 0.471875 0.0203125 0.0234375
1 0.040625 0.515625 0.078125 0.2640625
0 0.05 0.4109375 0.0453125 0.046875
1 0.1125 0.6421875 0.2203125 0.26875
0 0.0328125 0.553125 0.065625 0.0734375
1 0.1484375 0.653125 0.25 0.246875
0 0.084375 0.565625 0.0515625 0.0515625
1 0.271875 0.628125 0.24375 0.3015625
0 0.2265625 0.5171875 0.0578125 0.065625
1 0.1828125 0.5109375 0.0515625 0.1265625
0 0.1890625 0.4578125 0.0140625 0.015625