1 0.0984375 0.746875 0.0515625 0.0609375
0 0.09375 0.73125 0.0140625 0.0234375
1 0.0515625 0.65 0.0234375 0.0609375
0 0.05 0.6265625 0.009375 0.009375
1 0.0546875 0.628125 0.0265625 0.053125
0 0.0546875 0.6078125 0.00625 0.009375
1 0.0984375 0.603125 0.01875 0.03125
0 0.1 0.5921875 0.0046875 0.00625
1 0.009375 0.58125 0.01875 0.0375
0 0.0109375 0.56875 0.0046875 0.0078125
1 0.0203125 0.584375 0.0140625 0.0375
0 0.0203125 0.5703125 0.0046875 0.0046875
1 0.0375 0.58125 0.0140625 0.0359375
0 0.0359375 0.56875 0.0046875 0.0046875
1 0.0640625 0.565625 0.0140625 0.0359375
0 0.0640625 0.553125 0.0046875 0.0046875
1 0.0734375 0.5671875 0.0140625 0.03125
0 0.0765625 0.5578125 0.0046875 0.0046875
1 0.0890625 0.5703125 0.0109375 0.0296875
0 0.0890625 0.559375 0.0046875 0.0046875
1 0.103125 0.5703125 0.0140625 0.0296875
0 0.103125 0.55625 0.0046875 0.003125
1 0.1265625 0.640625 0.0328125 0.0625
0 0.1265625 0.6171875 0.00625 0.009375
1 0.1546875 0.634375 0.028125 0.05625
0 0.1515625 0.6125 0.00625 0.009375
1 0.1515625 0.65 0.028125 0.065625
0 0.1484375 0.621875 0.009375 0.009375
1 0.21875 0.6078125 0.01875 0.0296875
0 0.2203125 0.5984375 0.0046875 0.0046875
1 0.2359375 0.6078125 0.0140625 0.03125
0 0.2375 0.596875 0.0046875 0.0046875
1 0.246875 0.609375 0.0140625 0.03125
0 0.246875 0.5984375 0.0046875 0.0046875
1 0.2046875 0.6953125 0.028125 0.075
0 0.20625 0.665625 0.009375 0.0109375
1 0.246875 0.696875 0.0453125 0.0796875
0 0.2421875 0.6671875 0.009375 0.0140625
1 0.2734375 0.6734375 0.0234375 0.078125
0 0.2734375 0.6421875 0.009375 0.009375
1 0.3171875 0.615625 0.0140625 0.0421875
0 0.3171875 0.6 0.0046875 0.00625
1 0.321875 0.6125 0.0234375 0.04375
0 0.325 0.596875 0.0046875 0.00625
1 0.340625 0.65625 0.0265625 0.0671875
0 0.3375 0.6296875 0.009375 0.0109375
1 0.3765625 0.6609375 0.0203125 0.065625
0 0.3765625 0.634375 0.009375 0.009375
1 0.4015625 0.6546875 0.0265625 0.0703125
0 0.3984375 0.6265625 0.009375 0.009375
1 0.409375 0.6171875 0.01875 0.0375
0 0.4078125 0.6046875 0.0046875 0.0046875
1 0.4640625 0.63125 0.0140625 0.05
0 0.4640625 0.6125 0.0046875 0.0046875
1 0.490625 0.634375 0.01875 0.0515625
0 0.4890625 0.6140625 0.0046875 0.00625
1 0.509375 0.6390625 0.0203125 0.0640625
0 0.50625 0.615625 0.009375 0.009375
1 0.5296875 0.6359375 0.015625 0.053125
0 0.528125 0.6125 0.0046875 0.0078125
1 0.540625 0.6296875 0.01875 0.0578125
0 0.540625 0.60625 0.0046875 0.00625
1 0.571875 0.6171875 0.0234375 0.053125
0 0.5703125 0.5953125 0.00625 0.0078125
1 0.6625 0.5546875 0.009375 0.0234375
0 0.6640625 0.546875 0.0015625 0.003125
1 0.6515625 0.5734375 0.0140625 0.0328125
0 0.6515625 0.5609375 0.0046875 0.0046875
1 0.6765625 0.578125 0.0109375 0.0328125
0 0.675 0.565625 0.0046875 0.003125
1 0.6640625 0.58125 0.015625 0.0359375
0 0.6625 0.575 0.0046875 0.00625
1 0.6578125 0.6171875 0.015625 0.0453125
0 0.65625 0.6 0.0046875 0.009375
1 0.65 0.6171875 0.0203125 0.0453125
0 0.6484375 0.5984375 0.0046875 0.0046875
1 0.925 0.5828125 0.0140625 0.0328125
0 0.9265625 0.571875 0.0046875 0.0046875
1 0.9453125 0.58125 0.01875 0.0359375
0 0.94375 0.5703125 0.0046875 0.0046875
1 0.9359375 0.603125 0.01875 0.0421875
0 0.934375 0.5859375 0.0046875 0.00625
1 0.8890625 0.6078125 0.01875 0.05
0 0.8890625 0.5859375 0.0046875 0.00625
1 0.9265625 0.646875 0.028125 0.065625
0 0.928125 0.6203125 0.00625 0.009375
1 0.2703125 0.75 0.05 0.053125
0 0.2671875 0.734375 0.0140625 0.015625
1 0.321875 0.7515625 0.05 0.0515625
0 0.3171875 0.7375 0.0140625 0.0140625
1 0.3671875 0.7234375 0.0375 0.09375
0 0.365625 0.684375 0.0140625 0.015625
1 0.3875 0.7375 0.0375 0.0796875
0 0.384375 0.70625 0.0140625 0.015625
1 0.39375 0.7546875 0.0453125 0.04375
0 0.39375 0.7609375 0.0140625 0.0140625
1 0.4203125 0.7203125 0.0375 0.1
0 0.41875 0.6765625 0.009375 0.009375
1 0.4359375 0.7375 0.0609375 0.0796875
0 0.4375 0.709375 0.0140625 0.0171875
1 0.5015625 0.7359375 0.040625 0.0828125
0 0.5046875 0.7046875 0.0140625 0.015625
1 0.5640625 0.66875 0.0328125 0.0796875
0 0.565625 0.6390625 0.009375 0.0109375
1 0.5859375 0.6703125 0.0234375 0.0734375
0 0.5875 0.64375 0.009375 0.009375
1 0.6078125 0.675 0.0328125 0.0671875
0 0.6078125 0.653125 0.00625 0.0078125
1 0.5859375 0.7328125 0.0359375 0.0890625
0 0.5796875 0.696875 0.0140625 0.015625
1 0.5546875 0.7515625 0.046875 0.0515625
0 0.5578125 0.7421875 0.0140625 0.015625
1 0.6359375 0.7546875 0.046875 0.0453125
0 0.640625 0.740625 0.0140625 0.015625
1 0.6484375 0.7375 0.0671875 0.0796875
0 0.65 0.70625 0.0109375 0.015625
1 0.7375 0.7203125 0.0640625 0.1140625
0 0.7375 0.6828125 0.0140625 0.0234375
1 0.8390625 0.7140625 0.1265625 0.125
0 0.834375 0.6734375 0.0234375 0.034375
1 0.5671875 0.70625 0.03125 0.0796875
0 0.571875 0.6734375 0.009375 0.009375
1 0.5765625 0.684375 0.0265625 0.0734375
0 0.58125 0.6546875 0.009375 0.0140625