1 0.03125 0.5734375 0.059375 0.2640625
0 0.025 0.4625 0.028125 0.034375
1 0.15 0.5515625 0.1125 0.31875
0 0.153125 0.415625 0.0359375 0.0390625
1 0.215625 0.5671875 0.090625 0.284375
0 0.2203125 0.446875 0.0359375 0.034375
1 0.275 0.5953125 0.071875 0.2203125
0 0.2734375 0.5046875 0.028125 0.03125
1 0.378125 0.60625 0.08125 0.203125
0 0.3703125 0.521875 0.0265625 0.025
1 0.40625 0.6203125 0.0546875 0.175
0 0.403125 0.5484375 0.01875 0.025
1 0.478125 0.6203125 0.059375 0.175
0 0.4796875 0.5453125 0.015625 0.01875
1 0.5453125 0.63125 0.075 0.2046875
0 0.54375 0.55 0.028125 0.034375
1 0.6390625 0.646875 0.05 0.1546875
0 0.6453125 0.584375 0.0140625 0.0234375
1 0.6125 0.6546875 0.028125 0.109375
0 0.621875 0.609375 0.0140625 0.0140625
1 0.715625 0.65 0.053125 0.1515625
0 0.725 0.5890625 0.01875 0.021875
1 0.7109375 0.646875 0.046875 0.15
0 0.7109375 0.5859375 0.0109375 0.0171875
1 0.765625 0.6546875 0.05625 0.1546875
0 0.765625 0.5921875 0.0140625 0.0203125
1 0.8125 0.5765625 0.0859375 0.3203125
0 0.8171875 0.4421875 0.0421875 0.0453125
1 0.8671875 0.6171875 0.08125 0.2421875
0 0.8578125 0.5203125 0.028125 0.0359375
1 0.8765625 0.6140625 0.05625 0.23125
0 0.8796875 0.5140625 0.0265625 0.028125
1 0.9421875 0.578125 0.1078125 0.3234375
0 0.94375 0.4390625 0.040625 0.0375