1 0.05 0.559375 0.0953125 0.5375
0 0.01875 0.24375 0.0359375 0.1109375
1 0.2890625 0.5484375 0.2671875 0.5609375
0 0.3140625 0.328125 0.0625 0.1015625
1 0.403125 0.4796875 0.1390625 0.4109375
0 0.409375 0.309375 0.04375 0.0609375
1 0.503125 0.484375 0.1734375 0.4546875
0 0.515625 0.2953125 0.065625 0.06875
1 0.5609375 0.446875 0.140625 0.3984375
0 0.56875 0.284375 0.0546875 0.0546875
1 0.69375 0.4671875 0.1390625 0.375
0 0.7125 0.3171875 0.0390625 0.0578125
1 0.73125 0.546875 0.19375 0.53125
0 0.7265625 0.3328125 0.059375 0.084375
1 0.815625 0.4765625 0.115625 0.34375
0 0.8453125 0.3390625 0.0328125 0.0515625
1 0.909375 0.4296875 0.0828125 0.2953125
0 0.8953125 0.3109375 0.0375 0.040625
1 0.925 0.496875 0.14375 0.3546875
0 0.9546875 0.353125 0.04375 0.0578125
1 0.975 0.4625 0.04375 0.3265625
0 0.9875 0.3296875 0.01875 0.053125
1 0.9328125 0.5265625 0.1265625 0.396875
0 0.9875 0.36875 0.0203125 0.0640625