1 0.06875 0.503125 0.1328125 0.325
0 0.0625 0.375 0.034375 0.0484375
1 0.153125 0.5296875 0.1453125 0.3625
0 0.1234375 0.384375 0.04375 0.059375
1 0.1921875 0.4140625 0.0515625 0.1
0 0.1796875 0.375 0.0125 0.0171875
1 0.2921875 0.5171875 0.15625 0.3890625
0 0.30625 0.35 0.0390625 0.053125
1 0.3984375 0.4953125 0.096875 0.2734375
0 0.396875 0.3796875 0.0375 0.0359375
1 0.5296875 0.48125 0.0828125 0.2453125
0 0.521875 0.384375 0.0265625 0.0265625
1 0.55 0.4671875 0.0828125 0.2390625
0 0.546875 0.365625 0.03125 0.034375
1 0.471875 0.5359375 0.1796875 0.4859375
0 0.46875 0.3296875 0.046875 0.0625
1 0.6265625 0.521875 0.1421875 0.409375
0 0.6390625 0.359375 0.046875 0.0484375
1 0.7578125 0.5421875 0.1265625 0.35625
0 0.7671875 0.3984375 0.0421875 0.053125
1 0.81875 0.5640625 0.253125 0.528125
0 0.8 0.3515625 0.075 0.090625
1 0.8984375 0.4328125 0.0578125 0.175
0 0.8953125 0.3640625 0.0265625 0.025
1 0.9359375 0.515625 0.121875 0.371875
0 0.946875 0.3625 0.04375 0.0484375