1 0.4765625 0.6125 0.246875 0.265625
0 0.490625 0.5015625 0.0296875 0.0328125
1 0.6703125 0.578125 0.0296875 0.065625
0 0.6703125 0.55625 0.0078125 0.009375
1 0.7390625 0.63125 0.084375 0.2453125
0 0.740625 0.5296875 0.0359375 0.0296875
1 0.7671875 0.609375 0.0484375 0.1046875
0 0.76875 0.575 0.009375 0.0109375
1 0.828125 0.5875 0.01875 0.05
0 0.8265625 0.5671875 0.00625 0.00625
1 0.85 0.6140625 0.0390625 0.1
0 0.8546875 0.571875 0.0140625 0.0140625
1 0.9046875 0.60625 0.021875 0.06875
0 0.9078125 0.58125 0.0109375 0.0125
1 0.928125 0.615625 0.0453125 0.10625
0 0.928125 0.5703125 0.0140625 0.0140625
1 0.9375 0.640625 0.0609375 0.1484375
0 0.94375 0.58125 0.01875 0.025
1 0.9609375 0.6421875 0.0546875 0.14375
0 0.9765625 0.5828125 0.0171875 0.0234375
1 0.9828125 0.634375 0.028125 0.1046875
0 0.990625 0.5890625 0.0125 0.0125
1 0.0390625 0.5171875 0.0234375 0.0765625
0 0.0359375 0.4859375 0.00625 0.0078125
1 0.0546875 0.51875 0.021875 0.0734375
0 0.05625 0.4875 0.0078125 0.0109375