1 0.0203125 0.603125 0.0375 0.1171875
0 0.01875 0.5546875 0.0140625 0.015625
1 0.03125 0.6109375 0.0421875 0.13125
0 0.0421875 0.55625 0.01875 0.01875
1 0.084375 0.6171875 0.0390625 0.13125
0 0.0890625 0.565625 0.0171875 0.0203125
1 0.1234375 0.615625 0.0625 0.1421875
0 0.13125 0.55625 0.01875 0.0203125
1 0.146875 0.6203125 0.0375 0.1265625
0 0.153125 0.5765625 0.0171875 0.021875
1 0.096875 0.6015625 0.0421875 0.140625
0 0.096875 0.54375 0.01875 0.0171875
1 0.2359375 0.6296875 0.075 0.13125
0 0.240625 0.5734375 0.01875 0.01875
1 0.2125 0.6453125 0.0296875 0.0796875
0 0.2109375 0.615625 0.0140625 0.0140625
1 0.209375 0.625 0.046875 0.1171875
0 0.196875 0.5765625 0.015625 0.01875
1 0.259375 0.61875 0.059375 0.1421875
0 0.2734375 0.5625 0.01875 0.0203125
1 0.321875 0.6265625 0.046875 0.13125
0 0.3234375 0.571875 0.0140625 0.0171875
1 0.3078125 0.625 0.0328125 0.1078125
0 0.3078125 0.584375 0.0171875 0.0171875
1 0.378125 0.6296875 0.0546875 0.1359375
0 0.3828125 0.5734375 0.01875 0.0171875
1 0.38125 0.628125 0.0421875 0.1296875
0 0.384375 0.575 0.0203125 0.0203125
1 0.3578125 0.6265625 0.0421875 0.115625
0 0.359375 0.5796875 0.0171875 0.015625
1 0.4328125 0.628125 0.0515625 0.1359375
0 0.4296875 0.575 0.0171875 0.0203125
1 0.503125 0.63125 0.0578125 0.134375
0 0.509375 0.575 0.01875 0.01875
1 0.4734375 0.6109375 0.040625 0.0953125
0 0.4703125 0.5703125 0.0109375 0.009375
1 0.521875 0.621875 0.040625 0.1125
0 0.521875 0.5765625 0.0140625 0.0171875
1 0.553125 0.6234375 0.046875 0.1140625
0 0.5515625 0.5765625 0.0125 0.0140625
1 0.58125 0.6203125 0.0328125 0.1
0 0.5859375 0.58125 0.0109375 0.0140625
1 0.6265625 0.628125 0.0328125 0.11875
0 0.6265625 0.5796875 0.015625 0.0171875
1 0.6515625 0.6203125 0.046875 0.1296875
0 0.653125 0.5671875 0.0140625 0.0171875
1 0.7234375 0.634375 0.0375 0.1296875
0 0.728125 0.5828125 0.0171875 0.0203125
1 0.753125 0.6359375 0.0421875 0.128125
0 0.7546875 0.5828125 0.0140625 0.0140625
1 0.796875 0.6375 0.0421875 0.128125
0 0.790625 0.584375 0.0171875 0.01875
1 0.734375 0.559375 0.040625 0.0890625
0 0.7265625 0.5234375 0.0125 0.0125
1 0.75625 0.5171875 0.0359375 0.0921875
0 0.759375 0.48125 0.0140625 0.0140625
1 0.7984375 0.625 0.0328125 0.0984375
0 0.8015625 0.5828125 0.0109375 0.0125
1 0.8359375 0.634375 0.0375 0.128125
0 0.8453125 0.584375 0.0140625 0.01875
1 0.8765625 0.65 0.0515625 0.115625
0 0.890625 0.6046875 0.0140625 0.015625
1 0.9234375 0.6453125 0.04375 0.1234375
0 0.9234375 0.596875 0.015625 0.01875
1 0.984375 0.64375 0.0234375 0.115625
0 0.99375 0.5953125 0.0046875 0.0140625
1 0.984375 0.6265625 0.025 0.1125
0 0.9921875 0.5828125 0.0078125 0.0171875
1 0.84375 0.6359375 0.0453125 0.1234375
0 0.840625 0.5859375 0.0140625 0.0171875
1 0.8546875 0.6265625 0.028125 0.1125
0 0.8578125 0.5796875 0.0140625 0.015625