1 0.7734375 0.5828125 0.1015625 0.2484375
0 0.7640625 0.4859375 0.028125 0.0359375
1 0.7015625 0.578125 0.078125 0.228125
0 0.7 0.4875 0.028125 0.0359375
1 0.65 0.5765625 0.084375 0.2453125
0 0.634375 0.4765625 0.0265625 0.034375
1 0.590625 0.5734375 0.08125 0.23125
0 0.59375 0.48125 0.028125 0.0375
1 0.5859375 0.55 0.0796875 0.2265625
0 0.5859375 0.459375 0.0234375 0.0296875
1 0.5453125 0.5921875 0.075 0.196875
0 0.5390625 0.51875 0.0296875 0.0390625
1 0.53125 0.5609375 0.0609375 0.2140625
0 0.5296875 0.4734375 0.0265625 0.03125
1 0.496875 0.6 0.0828125 0.1859375
0 0.496875 0.5328125 0.0296875 0.0375
1 0.48125 0.575 0.08125 0.215625
0 0.4734375 0.4875 0.0265625 0.0296875
1 0.45 0.56875 0.0609375 0.2234375
0 0.446875 0.484375 0.025 0.0296875
1 0.4234375 0.5484375 0.0859375 0.2515625
0 0.4234375 0.4484375 0.0265625 0.0359375
1 0.4625 0.6203125 0.1046875 0.1796875
0 0.4515625 0.5546875 0.028125 0.0375
1 0.403125 0.575 0.096875 0.2171875
0 0.4078125 0.4953125 0.03125 0.0375
1 0.353125 0.571875 0.0734375 0.2265625
0 0.3546875 0.48125 0.0296875 0.0359375
1 0.3609375 0.5421875 0.090625 0.2453125
0 0.3640625 0.44375 0.0265625 0.03125
1 0.290625 0.5671875 0.0890625 0.240625
0 0.303125 0.471875 0.025 0.03125
1 0.2734375 0.5453125 0.084375 0.2578125
0 0.2734375 0.4375 0.025 0.034375
1 0.2203125 0.5609375 0.103125 0.290625
0 0.23125 0.4390625 0.03125 0.0390625
1 0.3609375 0.6265625 0.1125 0.1625
0 0.3828125 0.5703125 0.028125 0.03125
1 0.303125 0.6234375 0.10625 0.175
0 0.30625 0.5578125 0.0265625 0.034375