1 0.25625 0.725 0.171875 0.2046875
0 0.253125 0.6640625 0.05 0.053125
1 0.4578125 0.734375 0.0546875 0.1671875
0 0.4546875 0.6671875 0.01875 0.0203125
1 0.5421875 0.7453125 0.0609375 0.153125
0 0.5484375 0.6796875 0.01875 0.0234375
1 0.5765625 0.740625 0.0609375 0.1625
0 0.5765625 0.671875 0.0171875 0.0234375
1 0.51875 0.7046875 0.0375 0.096875
0 0.5171875 0.665625 0.009375 0.0140625
1 0.5546875 0.70625 0.03125 0.09375
0 0.5515625 0.6671875 0.0078125 0.0109375
1 0.609375 0.6984375 0.0421875 0.084375
0 0.603125 0.6640625 0.0078125 0.0109375
1 0.6484375 0.6984375 0.0390625 0.090625
0 0.64375 0.6609375 0.0078125 0.0109375
1 0.625 0.69375 0.0265625 0.06875
0 0.621875 0.6640625 0.009375 0.0109375
1 0.6703125 0.690625 0.03125 0.06875
0 0.66875 0.6625 0.0078125 0.0078125
1 0.7046875 0.75625 0.09375 0.1203125
0 0.6796875 0.7125 0.0234375 0.0234375
1 0.734375 0.765625 0.13125 0.125
0 0.696875 0.721875 0.0265625 0.0296875
1 0.878125 0.7609375 0.128125 0.1328125
0 0.8984375 0.715625 0.03125 0.0328125
1 0.771875 0.765625 0.0890625 0.1234375
0 0.778125 0.7140625 0.0234375 0.0265625
1 0.8296875 0.7625 0.075 0.13125
0 0.83125 0.7109375 0.0265625 0.0265625
1 0.921875 0.7578125 0.0859375 0.1453125
0 0.9265625 0.7 0.01875 0.0234375
1 0.8765625 0.7484375 0.065625 0.1390625
0 0.8703125 0.696875 0.01875 0.0265625
1 0.7953125 0.75 0.0546875 0.1140625
0 0.796875 0.7109375 0.01875 0.0234375
1 0.75625 0.7453125 0.05 0.096875
0 0.7578125 0.7078125 0.009375 0.0109375