1 0.19375 0.478125 0.196875 0.459375
0 0.1859375 0.2890625 0.0578125 0.059375
1 0.3296875 0.4046875 0.153125 0.3234375
0 0.325 0.2671875 0.0421875 0.0453125
1 0.45625 0.340625 0.059375 0.1953125
0 0.453125 0.2578125 0.0265625 0.028125
1 0.475 0.325 0.0640625 0.2015625
0 0.465625 0.2421875 0.021875 0.028125
1 0.40625 0.321875 0.0625 0.20625
0 0.4109375 0.2359375 0.0265625 0.03125
1 0.36875 0.328125 0.0921875 0.2328125
0 0.35 0.24375 0.0328125 0.0296875
1 0.2671875 0.3390625 0.0625 0.2
0 0.2640625 0.2546875 0.028125 0.0296875
1 0.2828125 0.3234375 0.046875 0.171875
0 0.278125 0.2515625 0.021875 0.0234375
1 0.2546875 0.3171875 0.053125 0.1765625
0 0.2484375 0.2421875 0.034375 0.025
1 0.1125 0.3546875 0.0875 0.178125
0 0.0921875 0.28125 0.0265625 0.0234375
1 0.05 0.3546875 0.096875 0.1765625
0 0.0328125 0.2796875 0.025 0.025
1 0.3171875 0.3375 0.0625 0.175
0 0.309375 0.2671875 0.021875 0.025
1 0.5015625 0.2859375 0.0296875 0.096875
0 0.5 0.24375 0.0109375 0.0109375
1 0.5375 0.3015625 0.0390625 0.1078125
0 0.5375 0.25625 0.0125 0.015625
1 0.5140625 0.2875 0.0265625 0.09375
0 0.5140625 0.2484375 0.0078125 0.009375
1 0.596875 0.33125 0.0875 0.2359375
0 0.5984375 0.228125 0.0265625 0.028125
1 0.5703125 0.3265625 0.05 0.175
0 0.5765625 0.25 0.0171875 0.0203125
1 0.625 0.3 0.0359375 0.1171875
0 0.6265625 0.25 0.0125 0.0125
1 0.665625 0.315625 0.0609375 0.20625
0 0.6703125 0.2328125 0.021875 0.0296875
1 0.665625 0.315625 0.0578125 0.175
0 0.6703125 0.240625 0.0203125 0.0234375
1 0.728125 0.315625 0.0578125 0.1625
0 0.7296875 0.2484375 0.0203125 0.028125
1 0.778125 0.3125 0.0703125 0.178125
0 0.790625 0.2375 0.0203125 0.025
1 0.85 0.3265625 0.0875 0.215625
0 0.8625 0.2359375 0.0296875 0.034375
1 0.8359375 0.325 0.0515625 0.175
0 0.8453125 0.2515625 0.01875 0.025
1 0.825 0.3 0.0484375 0.159375
0 0.8203125 0.234375 0.0203125 0.0234375
1 0.90625 0.321875 0.1015625 0.253125
0 0.9109375 0.2203125 0.034375 0.040625
1 0.9625 0.3265625 0.06875 0.221875
0 0.9734375 0.2328125 0.0328125 0.0328125
1 0.9671875 0.3171875 0.059375 0.228125
0 0.9671875 0.221875 0.0328125 0.034375
1 0.8921875 0.290625 0.05 0.18125
0 0.8921875 0.2171875 0.0203125 0.0296875
1 0.7015625 0.2703125 0.021875 0.0625
0 0.703125 0.24375 0.0078125 0.0078125
1 0.5046875 0.2859375 0.0296875 0.0890625
0 0.5078125 0.25 0.009375 0.009375
1 0.5546875 0.271875 0.0171875 0.0609375
0 0.55625 0.2453125 0.00625 0.0078125
1 0.775 0.29375 0.0390625 0.115625
0 0.7765625 0.2484375 0.0125 0.015625
1 0.7453125 0.3015625 0.1109375 0.184375
0 0.7515625 0.228125 0.0203125 0.0296875
1 0.9859375 0.3078125 0.0234375 0.196875
0 0.99375 0.2234375 0.00625 0.0234375
1 0.9453125 0.3203125 0.0546875 0.1890625
0 0.9546875 0.24375 0.021875 0.028125