1 0.0984375 0.4796875 0.125 0.25
0 0.09375 0.3859375 0.028125 0.0453125
1 0.165625 0.4625 0.2140625 0.24375
0 0.1109375 0.371875 0.0390625 0.053125
1 0.2125 0.4171875 0.121875 0.340625
0 0.2015625 0.2765625 0.0375 0.0421875
1 0.26875 0.440625 0.1234375 0.3015625
0 0.25 0.3203125 0.04375 0.053125
1 0.35 0.3671875 0.0796875 0.19375
0 0.3640625 0.290625 0.028125 0.03125
1 0.3921875 0.35625 0.0703125 0.190625
0 0.3921875 0.2828125 0.025 0.028125
1 0.3453125 0.4921875 0.1453125 0.246875
0 0.3515625 0.4140625 0.0515625 0.0703125
1 0.3109375 0.5984375 0.234375 0.328125
0 0.3203125 0.48125 0.0734375 0.0890625
1 0.321875 0.6171875 0.2515625 0.3203125
0 0.325 0.5 0.08125 0.0890625
1 0.6171875 0.3125 0.053125 0.171875
0 0.6265625 0.2453125 0.01875 0.028125
1 0.6125 0.3640625 0.071875 0.16875
0 0.6078125 0.3 0.028125 0.0375
1 0.5390625 0.4421875 0.1171875 0.159375
0 0.5421875 0.3859375 0.0375 0.046875
1 0.5953125 0.459375 0.1296875 0.1921875
0 0.58125 0.3953125 0.0453125 0.0609375
1 0.615625 0.49375 0.1265625 0.2125
0 0.5859375 0.421875 0.05 0.0671875
1 0.621875 0.565625 0.1921875 0.3421875
0 0.59375 0.446875 0.0671875 0.0734375
1 0.696875 0.6015625 0.2453125 0.35
0 0.6875 0.471875 0.0671875 0.084375
1 0.75 0.6046875 0.2953125 0.34375
0 0.784375 0.4828125 0.0875 0.09375
1 0.803125 0.509375 0.1875 0.278125
0 0.7859375 0.4046875 0.0484375 0.05625
1 0.8609375 0.5640625 0.2203125 0.290625
0 0.8578125 0.45625 0.053125 0.071875
1 0.8328125 0.490625 0.15 0.215625
0 0.809375 0.409375 0.0421875 0.0484375
1 0.70625 0.325 0.059375 0.1234375
0 0.7140625 0.2796875 0.01875 0.028125
1 0.734375 0.3375 0.075 0.1546875
0 0.74375 0.271875 0.01875 0.01875
1 0.825 0.4015625 0.09375 0.2859375
0 0.8296875 0.2875 0.0359375 0.0484375
1 0.875 0.41875 0.103125 0.140625
0 0.8859375 0.365625 0.028125 0.03125
1 0.8953125 0.4171875 0.103125 0.1484375
0 0.9109375 0.3640625 0.028125 0.0328125
1 0.9515625 0.525 0.090625 0.2984375
0 0.978125 0.4125 0.0375 0.0640625
1 0.665625 0.4359375 0.121875 0.196875
0 0.675 0.359375 0.0328125 0.0375