1 0.88125 0.46875 0.0890625 0.2953125
0 0.890625 0.346875 0.0484375 0.0375
1 0.7609375 0.45625 0.0859375 0.2734375
0 0.753125 0.340625 0.0375 0.04375
1 0.5515625 0.40625 0.06875 0.1921875
0 0.55625 0.3234375 0.01875 0.025
1 0.5 0.45 0.08125 0.2484375
0 0.4953125 0.34375 0.0328125 0.034375
1 0.4984375 0.4453125 0.0859375 0.215625
0 0.4921875 0.3546875 0.0234375 0.0265625
1 0.465625 0.41875 0.084375 0.15
0 0.4609375 0.3515625 0.015625 0.0125
1 0.3890625 0.434375 0.078125 0.1921875
0 0.3828125 0.353125 0.0203125 0.025
1 0.30625 0.5015625 0.1375 0.475
0 0.284375 0.3 0.0453125 0.0671875
1 0.259375 0.484375 0.2671875 0.396875
0 0.3359375 0.3125 0.034375 0.040625
1 0.096875 0.465625 0.1421875 0.296875
0 0.0703125 0.3421875 0.040625 0.0421875