1 0.915625 0.46875 0.121875 0.2265625
0 0.9375 0.375 0.025 0.034375
1 0.921875 0.4421875 0.0703125 0.1734375
0 0.9203125 0.3703125 0.021875 0.025
1 0.878125 0.4328125 0.053125 0.153125
0 0.875 0.3703125 0.0171875 0.015625
1 0.8546875 0.4140625 0.0453125 0.109375
0 0.8515625 0.36875 0.0109375 0.0140625
1 0.815625 0.43125 0.059375 0.1484375
0 0.8140625 0.3703125 0.0203125 0.0203125
1 0.7984375 0.415625 0.046875 0.1015625
0 0.7984375 0.3703125 0.0140625 0.0140625
1 0.7984375 0.3828125 0.0234375 0.0515625
0 0.7984375 0.3625 0.00625 0.0078125
1 0.721875 0.4046875 0.03125 0.0875
0 0.71875 0.371875 0.0125 0.0140625
1 0.7015625 0.4296875 0.065625 0.140625
0 0.6953125 0.3734375 0.0171875 0.0203125
1 0.6796875 0.40625 0.0375 0.090625
0 0.6796875 0.36875 0.0109375 0.0125
1 0.575 0.4234375 0.046875 0.13125
0 0.5734375 0.3703125 0.0171875 0.01875
1 0.5203125 0.4296875 0.0578125 0.134375
0 0.51875 0.375 0.015625 0.0203125
1 0.490625 0.4 0.0328125 0.0828125
0 0.4875 0.365625 0.0109375 0.0109375
1 0.459375 0.4359375 0.0609375 0.125
0 0.4515625 0.3859375 0.0171875 0.0171875
1 0.4671875 0.396875 0.0234375 0.0796875
0 0.4640625 0.365625 0.0078125 0.009375
1 0.1609375 0.584375 0.253125 0.434375
0 0.1828125 0.396875 0.0859375 0.0984375