1 0.38125 0.675 0.1609375 0.20625
0 0.38125 0.6015625 0.0390625 0.05
1 0.4296875 0.6734375 0.146875 0.2
0 0.4171875 0.6 0.034375 0.040625
1 0.46875 0.6421875 0.1390625 0.16875
0 0.44375 0.578125 0.0390625 0.0375
1 0.640625 0.6453125 0.09375 0.11875
0 0.65 0.6015625 0.025 0.0234375
1 0.590625 0.575 0.040625 0.121875
0 0.5875 0.5265625 0.0140625 0.0171875
1 0.6265625 0.54375 0.034375 0.084375
0 0.6265625 0.5109375 0.0109375 0.0125
1 0.7640625 0.5875 0.03125 0.0625
0 0.7671875 0.5671875 0.009375 0.0125
1 0.734375 0.5625 0.046875 0.10625
0 0.7296875 0.51875 0.0140625 0.0171875
1 0.809375 0.534375 0.025 0.0390625
0 0.80625 0.5203125 0.009375 0.009375
1 0.759375 0.5328125 0.0265625 0.059375
0 0.7515625 0.5140625 0.00625 0.0109375
1 0.6953125 0.5265625 0.0265625 0.0609375
0 0.6953125 0.5015625 0.00625 0.009375
1 0.671875 0.5203125 0.021875 0.059375
0 0.671875 0.4984375 0.00625 0.00625
1 0.634375 0.5265625 0.021875 0.05625
0 0.6328125 0.5046875 0.00625 0.00625
1 0.56875 0.5265625 0.021875 0.0671875
0 0.571875 0.4984375 0.00625 0.0109375
1 0.54375 0.5265625 0.021875 0.065625
0 0.5484375 0.503125 0.00625 0.009375
1 0.559375 0.5234375 0.015625 0.0515625
0 0.5578125 0.5046875 0.00625 0.009375
1 0.525 0.515625 0.0140625 0.040625
0 0.5265625 0.4984375 0.003125 0.0046875
1 0.5109375 0.509375 0.01875 0.0453125
0 0.5109375 0.490625 0.003125 0.0046875
1 0.496875 0.5515625 0.05 0.09375
0 0.49375 0.5140625 0.0109375 0.0125
1 0.4640625 0.5453125 0.0359375 0.090625
0 0.4625 0.5109375 0.0125 0.0125
1 0.4421875 0.5421875 0.025 0.06875
0 0.44375 0.5140625 0.009375 0.009375
1 0.4015625 0.540625 0.03125 0.0875
0 0.4046875 0.50625 0.009375 0.0109375
1 0.3953125 0.6125 0.04375 0.146875
0 0.396875 0.553125 0.015625 0.021875
1 0.3390625 0.6109375 0.0640625 0.1640625
0 0.3390625 0.5453125 0.01875 0.025
1 0.321875 0.565625 0.040625 0.11875
0 0.321875 0.51875 0.0140625 0.01875
1 0.2453125 0.5953125 0.05625 0.128125
0 0.24375 0.5453125 0.015625 0.01875
1 0.2578125 0.5421875 0.034375 0.075
0 0.2609375 0.5140625 0.009375 0.0109375
1 0.2171875 0.55625 0.0375 0.05625
0 0.221875 0.5359375 0.0109375 0.0109375
1 0.1703125 0.5671875 0.04375 0.103125
0 0.171875 0.525 0.0140625 0.015625
1 0.1453125 0.596875 0.071875 0.134375
0 0.1453125 0.54375 0.015625 0.01875
1 0.109375 0.5734375 0.034375 0.06875
0 0.109375 0.546875 0.0125 0.015625
1 0.1921875 0.5640625 0.040625 0.05625
0 0.1921875 0.5453125 0.009375 0.009375
1 0.959375 0.5828125 0.075 0.1859375
0 0.9734375 0.5171875 0.0484375 0.046875