1 0.2609375 0.6734375 0.25 0.2078125
0 0.25625 0.6578125 0.078125 0.0859375
1 0.5953125 0.7 0.14375 0.1546875
0 0.5578125 0.6671875 0.053125 0.0734375
1 0.690625 0.7 0.1265625 0.1546875
0 0.696875 0.6671875 0.0578125 0.0640625
1 0.80625 0.6609375 0.1890625 0.2328125
0 0.7953125 0.696875 0.090625 0.0984375
1 0.9296875 0.6734375 0.134375 0.20625
0 0.903125 0.6125 0.0671875 0.078125
1 0.71875 0.6671875 0.1265625 0.21875
0 0.709375 0.59375 0.05 0.0625
1 0.6265625 0.671875 0.1265625 0.2109375
0 0.625 0.603125 0.0546875 0.0609375
1 0.8125 0.6921875 0.13125 0.16875
0 0.8171875 0.640625 0.0484375 0.0578125
1 0.8265625 0.63125 0.09375 0.196875
0 0.8078125 0.56875 0.046875 0.0640625
1 0.96875 0.65625 0.05625 0.196875
0 0.96875 0.6015625 0.0421875 0.0484375
1 0.9796875 0.63125 0.0328125 0.2046875
0 0.9828125 0.55625 0.03125 0.0375
1 0.9171875 0.5703125 0.134375 0.278125
0 0.934375 0.4578125 0.05 0.0515625
1 0.959375 0.5671875 0.078125 0.1828125
0 0.96875 0.509375 0.028125 0.0328125
1 0.975 0.503125 0.0421875 0.2203125
0 0.984375 0.4171875 0.0234375 0.0421875
1 0.9546875 0.43125 0.0546875 0.159375
0 0.9609375 0.3703125 0.028125 0.028125
1 0.9734375 0.4453125 0.046875 0.171875
0 0.984375 0.3796875 0.0234375 0.03125
1 0.865625 0.490625 0.084375 0.2171875
0 0.8625 0.4078125 0.028125 0.0375
1 0.884375 0.478125 0.103125 0.2453125
0 0.890625 0.3828125 0.028125 0.0421875
1 0.8046875 0.44375 0.0765625 0.225
0 0.7921875 0.3515625 0.0234375 0.028125
1 0.7703125 0.5 0.0765625 0.3015625
0 0.7640625 0.375 0.0375 0.0453125
1 0.728125 0.5390625 0.103125 0.2640625
0 0.7203125 0.4328125 0.0375 0.046875
1 0.7421875 0.5109375 0.0703125 0.21875
0 0.7375 0.43125 0.028125 0.0375
1 0.6796875 0.5 0.0953125 0.234375
0 0.69375 0.409375 0.0328125 0.0390625
1 0.7015625 0.465625 0.0671875 0.2
0 0.6890625 0.3921875 0.03125 0.03125
1 0.709375 0.4328125 0.078125 0.215625
0 0.7046875 0.34375 0.0234375 0.028125
1 0.65625 0.4640625 0.0734375 0.1359375
0 0.653125 0.4171875 0.0265625 0.0234375
1 0.615625 0.4921875 0.0765625 0.234375
0 0.6046875 0.4 0.03125 0.0390625
1 0.5484375 0.5765625 0.1265625 0.3203125
0 0.5390625 0.44375 0.0328125 0.04375
1 0.55625 0.4765625 0.0765625 0.2125
0 0.5515625 0.3921875 0.028125 0.0375
1 0.4328125 0.4953125 0.0859375 0.2484375
0 0.4375 0.39375 0.028125 0.0375
1 0.340625 0.490625 0.09375 0.2578125
0 0.35 0.384375 0.028125 0.0375
1 0.2671875 0.5359375 0.0640625 0.1546875
0 0.265625 0.4875 0.0203125 0.028125
1 0.30625 0.534375 0.071875 0.1484375
0 0.290625 0.484375 0.028125 0.0375
1 0.1625 0.4859375 0.09375 0.25
0 0.1609375 0.3890625 0.028125 0.03125
1 0.2375 0.4671875 0.09375 0.23125
0 0.2296875 0.3703125 0.028125 0.03125
1 0.1078125 0.475 0.0703125 0.234375
0 0.1046875 0.3796875 0.0265625 0.0328125
1 0.0640625 0.45625 0.0671875 0.2328125
0 0.05625 0.3609375 0.0234375 0.03125
1 0.0328125 0.3984375 0.0421875 0.1078125
0 0.0359375 0.35 0.0140625 0.015625
1 0.0375 0.478125 0.0703125 0.2328125
0 0.0265625 0.38125 0.028125 0.03125
1 0.021875 0.353125 0.0390625 0.1703125
0 0.0125 0.2828125 0.0203125 0.028125
1 0.0609375 0.359375 0.0671875 0.196875
0 0.0609375 0.284375 0.0203125 0.028125
1 0.1 0.3375 0.053125 0.1703125
0 0.1015625 0.2703125 0.0234375 0.03125
1 0.146875 0.3453125 0.0859375 0.1921875
0 0.153125 0.2671875 0.0234375 0.028125
1 0.2109375 0.340625 0.0578125 0.178125
0 0.20625 0.26875 0.0203125 0.028125
1 0.259375 0.3484375 0.065625 0.1859375
0 0.2609375 0.271875 0.0234375 0.028125
1 0.3078125 0.3765625 0.0546875 0.1421875
0 0.3078125 0.321875 0.01875 0.025
1 0.340625 0.340625 0.05 0.178125
0 0.3359375 0.275 0.0203125 0.028125
1 0.4125 0.3453125 0.071875 0.2125
0 0.4125 0.2578125 0.0265625 0.03125
1 0.45 0.33125 0.065625 0.2046875
0 0.446875 0.25 0.0234375 0.028125
1 0.4953125 0.3515625 0.0765625 0.2
0 0.490625 0.26875 0.0203125 0.025
1 0.534375 0.34375 0.05 0.1890625
0 0.534375 0.2734375 0.01875 0.0234375
1 0.571875 0.33125 0.059375 0.171875
0 0.571875 0.265625 0.0203125 0.0234375