1 0.0859375 0.496875 0.065625 0.1296875
0 0.0828125 0.44375 0.015625 0.0171875
1 0.2578125 0.5625 0.0921875 0.209375
0 0.24375 0.4765625 0.0234375 0.03125
1 0.3484375 0.58125 0.090625 0.265625
0 0.3453125 0.4703125 0.0265625 0.034375
1 0.421875 0.571875 0.0984375 0.2609375
0 0.409375 0.459375 0.0296875 0.034375
1 0.278125 0.4734375 0.046875 0.1125
0 0.2765625 0.428125 0.0140625 0.01875
1 0.00625 0.440625 0.0109375 0.0546875
0 0.0015625 0.41875 0.0015625 0.00625
1 0.0078125 0.440625 0.0140625 0.0484375
0 0.0046875 0.4203125 0.0046875 0.00625
1 0.01875 0.43125 0.015625 0.040625
0 0.0171875 0.415625 0.0046875 0.0046875
1 0.0546875 0.440625 0.0203125 0.05
0 0.0515625 0.41875 0.0046875 0.00625
1 0.309375 0.4703125 0.0421875 0.1
0 0.3046875 0.4328125 0.009375 0.0140625
1 0.3 0.45 0.021875 0.071875
0 0.2984375 0.41875 0.0046875 0.00625
1 0.2796875 0.44375 0.025 0.0703125
0 0.2796875 0.4140625 0.009375 0.009375
1 0.3234375 0.4421875 0.0203125 0.0609375
0 0.325 0.41875 0.009375 0.009375
1 0.3375 0.45625 0.0421875 0.1
0 0.3359375 0.4171875 0.009375 0.0125
1 0.3703125 0.4625 0.0296875 0.096875
0 0.371875 0.425 0.009375 0.0125
1 0.396875 0.45625 0.0234375 0.071875
0 0.3984375 0.4265625 0.0078125 0.0109375
1 0.4921875 0.4890625 0.0671875 0.134375
0 0.496875 0.43125 0.0125 0.0171875
1 0.5546875 0.50625 0.0625 0.15625
0 0.5546875 0.4375 0.0171875 0.01875
1 0.5640625 0.4828125 0.0421875 0.1390625
0 0.5609375 0.421875 0.0171875 0.015625
1 0.625 0.484375 0.04375 0.1359375
0 0.625 0.425 0.0125 0.0140625
1 0.6484375 0.5 0.059375 0.1390625
0 0.640625 0.4421875 0.015625 0.01875
1 0.58125 0.4390625 0.025 0.0671875
0 0.584375 0.4125 0.0078125 0.009375
1 0.6578125 0.44375 0.0296875 0.0703125
0 0.6578125 0.4140625 0.0078125 0.009375
1 0.7171875 0.49375 0.05 0.140625
0 0.715625 0.4375 0.015625 0.0171875
1 0.8140625 0.5 0.0546875 0.1390625
0 0.8203125 0.440625 0.0171875 0.015625
1 0.83125 0.4859375 0.0359375 0.1015625
0 0.834375 0.446875 0.0125 0.0140625
1 0.86875 0.4578125 0.0359375 0.1
0 0.871875 0.41875 0.0125 0.0125
1 0.85625 0.4234375 0.0203125 0.05
0 0.8609375 0.4078125 0.0078125 0.0078125
1 0.8765625 0.434375 0.0171875 0.05
0 0.8796875 0.4140625 0.0046875 0.00625
1 0.890625 0.434375 0.0171875 0.05
0 0.89375 0.4171875 0.00625 0.0078125
1 0.93125 0.4515625 0.0328125 0.0671875
0 0.9328125 0.4265625 0.009375 0.0109375
1 0.9421875 0.4359375 0.01875 0.0625
0 0.9453125 0.4125 0.00625 0.0078125
1 0.95 0.4359375 0.021875 0.0546875
0 0.95 0.4140625 0.00625 0.00625
1 0.965625 0.4421875 0.025 0.059375
0 0.96875 0.41875 0.00625 0.0078125
1 0.9296875 0.5875 0.134375 0.2796875
0 0.9296875 0.4640625 0.03125 0.03125
1 0.971875 0.575 0.0515625 0.284375
0 0.990625 0.4734375 0.0140625 0.03125
1 0.790625 0.421875 0.0125 0.0390625
0 0.790625 0.4046875 0.0046875 0.0046875
1 0.803125 0.4203125 0.009375 0.028125
0 0.80625 0.409375 0.0046875 0.003125
1 0.784375 0.421875 0.0109375 0.03125
0 0.7859375 0.4109375 0.003125 0.003125
1 0.7734375 0.4203125 0.009375 0.0296875
0 0.7734375 0.409375 0.0015625 0.003125
1 0.6 0.4390625 0.0203125 0.059375
0 0.603125 0.4140625 0.0078125 0.0078125
1 0.534375 0.4328125 0.0171875 0.05625
0 0.534375 0.409375 0.0046875 0.00625
1 0.55 0.434375 0.0171875 0.0546875
0 0.5515625 0.4125 0.0046875 0.0078125
1 0.5203125 0.4359375 0.0171875 0.0546875
0 0.521875 0.4125 0.0078125 0.00625
1 0.5109375 0.4328125 0.028125 0.065625
0 0.5078125 0.40625 0.0078125 0.009375
1 0.49375 0.4375 0.025 0.0640625
0 0.4953125 0.4109375 0.0078125 0.0078125
1 0.4859375 0.4296875 0.01875 0.053125
0 0.4859375 0.40625 0.0046875 0.00625
1 0.471875 0.4296875 0.0203125 0.0546875
0 0.46875 0.4078125 0.0078125 0.00625
1 0.459375 0.4421875 0.028125 0.0703125
0 0.4609375 0.4125 0.0078125 0.0078125
1 0.415625 0.4390625 0.0203125 0.05625
0 0.4140625 0.415625 0.00625 0.0078125
1 0.3921875 0.4390625 0.0234375 0.0625
0 0.3921875 0.4140625 0.0078125 0.0109375
1 0.428125 0.43125 0.01875 0.0515625
0 0.4265625 0.409375 0.0046875 0.0046875
1 0.4421875 0.434375 0.0171875 0.040625
0 0.4421875 0.41875 0.0046875 0.00625
1 0.3859375 0.4390625 0.01875 0.0625
0 0.384375 0.4125 0.0046875 0.0078125
1 0.621875 0.43125 0.0203125 0.0546875
0 0.625 0.4078125 0.0046875 0.00625
1 0.6328125 0.4390625 0.01875 0.05625
0 0.634375 0.415625 0.0078125 0.009375
1 0.6375 0.43125 0.0171875 0.0546875
0 0.6375 0.409375 0.00625 0.0078125
1 0.6609375 0.4171875 0.0234375 0.0390625
0 0.659375 0.403125 0.0046875 0.003125
1 0.6046875 0.4515625 0.0171875 0.059375
0 0.60625 0.428125 0.0046875 0.0078125
1 0.6171875 0.4703125 0.0328125 0.109375
0 0.6171875 0.4234375 0.0125 0.0140625
1 0.8328125 0.440625 0.021875 0.053125
0 0.834375 0.4203125 0.0078125 0.0078125