1 0.2265625 0.846875 0.075 0.2578125
0 0.2078125 0.746875 0.0390625 0.046875
1 0.2375 0.7953125 0.0625 0.1671875
0 0.240625 0.7265625 0.025 0.0265625
1 0.25625 0.771875 0.0625 0.1765625
0 0.2625 0.6984375 0.021875 0.028125
1 0.2890625 0.8203125 0.0765625 0.225
0 0.29375 0.725 0.025 0.03125
1 0.353125 0.803125 0.0609375 0.1984375
0 0.35 0.725 0.028125 0.03125
1 0.396875 0.778125 0.0578125 0.1625
0 0.3921875 0.7140625 0.0234375 0.028125
1 0.403125 0.825 0.0609375 0.225
0 0.3921875 0.7296875 0.0265625 0.03125
1 0.515625 0.8546875 0.1328125 0.2859375
0 0.5390625 0.7421875 0.040625 0.053125
1 0.4859375 0.8671875 0.109375 0.2625
0 0.490625 0.7609375 0.0359375 0.04375
1 0.4640625 0.8171875 0.0765625 0.2171875
0 0.4703125 0.7265625 0.0234375 0.03125
1 0.5578125 0.8234375 0.065625 0.2203125
0 0.5640625 0.7359375 0.0265625 0.0359375
1 0.5953125 0.83125 0.071875 0.2515625
0 0.5875 0.7296875 0.0296875 0.0390625
1 0.671875 0.859375 0.115625 0.2765625
0 0.6765625 0.746875 0.04375 0.0515625
1 0.675 0.809375 0.1015625 0.2546875
0 0.6796875 0.7015625 0.034375 0.034375
1 0.7328125 0.828125 0.0859375 0.2578125
0 0.7390625 0.7203125 0.0359375 0.0390625
1 0.76875 0.8421875 0.078125 0.309375
0 0.7890625 0.7203125 0.0390625 0.053125
1 0.6234375 0.765625 0.0578125 0.1578125
0 0.6234375 0.7015625 0.0203125 0.0203125
1 0.45 0.78125 0.059375 0.15
0 0.4484375 0.7203125 0.0171875 0.0203125
1 0.5 0.74375 0.046875 0.1328125
0 0.4984375 0.690625 0.0171875 0.025