1 0.68125 0.61875 0.065625 0.178125
0 0.6671875 0.5453125 0.0234375 0.025
1 0.69375 0.609375 0.0703125 0.1671875
0 0.6734375 0.540625 0.0203125 0.025
1 0.6609375 0.5875 0.0265625 0.1015625
0 0.65625 0.54375 0.0109375 0.0125
1 0.63125 0.5859375 0.0265625 0.096875
0 0.634375 0.546875 0.0125 0.0109375
1 0.60625 0.625 0.08125 0.1890625
0 0.5875 0.5546875 0.0234375 0.021875
1 0.5125 0.659375 0.125 0.3171875
0 0.5328125 0.534375 0.034375 0.0390625
1 0.475 0.571875 0.028125 0.0578125
0 0.475 0.5484375 0.00625 0.00625
1 0.3984375 0.6453125 0.0953125 0.2859375
0 0.396875 0.5328125 0.0328125 0.040625
1 0.3078125 0.56875 0.03125 0.065625
0 0.3046875 0.5421875 0.00625 0.0078125
1 0.3046875 0.5703125 0.01875 0.0546875
0 0.3046875 0.546875 0.00625 0.00625
1 0.4265625 0.584375 0.0359375 0.09375
0 0.428125 0.546875 0.0125 0.0125
1 0.44375 0.5703125 0.0171875 0.05
0 0.4421875 0.5515625 0.00625 0.0078125
1 0.0078125 0.565625 0.0140625 0.0890625
0 0.0015625 0.528125 0.0015625 0.0078125
1 0.1640625 0.5484375 0.0078125 0.025
0 0.165625 0.540625 0.0015625 0.0015625
1 0.171875 0.55 0.0078125 0.021875
0 0.1703125 0.5421875 0.0015625 0.0015625
1 0.175 0.55 0.0046875 0.0171875
0 0.1765625 0.5421875 0 0.0015625