1 0.9265625 0.5125 0.021875 0.04375
0 0.925 0.49375 0.00625 0.00625
1 0.946875 0.515625 0.0203125 0.0484375
0 0.946875 0.4984375 0.00625 0.00625
1 0.9546875 0.515625 0.0171875 0.046875
0 0.953125 0.496875 0.00625 0.00625
1 0.959375 0.5125 0.0125 0.0390625
0 0.9609375 0.496875 0.0046875 0.0046875
1 0.96875 0.5171875 0.021875 0.05
0 0.96875 0.4984375 0.00625 0.00625
1 0.984375 0.5125 0.0171875 0.0390625
0 0.9828125 0.5 0.0046875 0.00625
1 0.878125 0.6125 0.1078125 0.325
0 0.865625 0.478125 0.0375 0.0453125
1 0.8546875 0.596875 0.109375 0.3140625
0 0.8375 0.46875 0.034375 0.040625
1 0.8 0.61875 0.115625 0.3203125
0 0.809375 0.49375 0.040625 0.0453125
1 0.7578125 0.5953125 0.096875 0.309375
0 0.746875 0.4703125 0.0375 0.04375
1 0.7078125 0.6078125 0.125 0.3421875
0 0.7 0.4625 0.0390625 0.046875
1 0.6703125 0.55 0.071875 0.20625
0 0.671875 0.4671875 0.0265625 0.0328125
1 0.6375 0.5953125 0.1 0.296875
0 0.6453125 0.471875 0.034375 0.0453125
1 0.621875 0.54375 0.078125 0.221875
0 0.621875 0.45625 0.0265625 0.034375
1 0.59375 0.6046875 0.128125 0.3421875
0 0.596875 0.4625 0.0390625 0.0515625
1 0.5625 0.484375 0.028125 0.0890625
0 0.5671875 0.453125 0.0109375 0.0125
1 0.540625 0.553125 0.06875 0.203125
0 0.540625 0.46875 0.028125 0.03125
1 0.509375 0.609375 0.078125 0.2703125
0 0.5125 0.496875 0.0265625 0.034375
1 0.446875 0.61875 0.2125 0.3203125
0 0.4671875 0.49375 0.0421875 0.046875
1 0.43125 0.596875 0.0875 0.2703125
0 0.4296875 0.484375 0.028125 0.0375
1 0.5015625 0.58125 0.08125 0.2875
0 0.50625 0.4609375 0.0265625 0.034375
1 0.5359375 0.54375 0.0609375 0.2140625
0 0.5359375 0.4546875 0.025 0.025
1 0.490625 0.5390625 0.059375 0.190625
0 0.4859375 0.4625 0.021875 0.0234375
1 0.459375 0.4875 0.0359375 0.109375
0 0.459375 0.440625 0.0109375 0.0125
1 0.453125 0.5390625 0.065625 0.1921875
0 0.4515625 0.4625 0.025 0.034375
1 0.35625 0.590625 0.115625 0.31875
0 0.35625 0.459375 0.0359375 0.0453125
1 0.40625 0.546875 0.075 0.228125
0 0.4078125 0.45625 0.025 0.028125
1 0.425 0.49375 0.0265625 0.090625
0 0.4265625 0.4546875 0.0140625 0.0109375
1 0.3703125 0.4875 0.021875 0.0875
0 0.371875 0.453125 0.00625 0.0109375
1 0.309375 0.4765625 0.025 0.0671875
0 0.30625 0.4515625 0.009375 0.009375
1 0.3265625 0.5546875 0.071875 0.234375
0 0.3265625 0.4625 0.0296875 0.0375
1 0.271875 0.6296875 0.1625 0.2984375
0 0.284375 0.5140625 0.0390625 0.05
1 0.2640625 0.5890625 0.125 0.34375
0 0.271875 0.44375 0.0375 0.0453125
1 0.2296875 0.58125 0.10625 0.325
0 0.2296875 0.44375 0.034375 0.0390625
1 0.1171875 0.6140625 0.159375 0.328125
0 0.1171875 0.4890625 0.04375 0.0609375
1 0.1484375 0.5875 0.1046875 0.309375
0 0.15 0.4609375 0.0390625 0.0453125
1 0.078125 0.5859375 0.103125 0.3203125
0 0.078125 0.4515625 0.0375 0.040625
1 0.0421875 0.6 0.0796875 0.3265625
0 0.0171875 0.4625 0.03125 0.0453125
1 0.0375 0.6140625 0.0703125 0.328125
0 0.021875 0.48125 0.04375 0.05625
1 0.053125 0.503125 0.0375 0.121875
0 0.05 0.4578125 0.015625 0.01875
1 0.1 0.4984375 0.03125 0.1125
0 0.1015625 0.4515625 0.0109375 0.0109375
1 0.765625 0.503125 0.0375 0.1171875
0 0.765625 0.4546875 0.0125 0.0109375
1 0.7765625 0.5015625 0.034375 0.1171875
0 0.7734375 0.453125 0.0109375 0.0125