1 0.0203125 0.596875 0.0109375 0.0328125
0 0.01875 0.5828125 0.0046875 0.0046875
1 0.0265625 0.5953125 0.0109375 0.0265625
0 0.028125 0.5859375 0.003125 0.003125
1 0.040625 0.596875 0.009375 0.0296875
0 0.0390625 0.5859375 0.0046875 0.0046875
1 0.0546875 0.596875 0.0109375 0.0296875
0 0.05625 0.5859375 0.003125 0.0046875
1 0.125 0.625 0.0328125 0.0359375
0 0.125 0.615625 0.009375 0.0109375
1 0.1484375 0.625 0.04375 0.0328125
0 0.1359375 0.6140625 0.009375 0.0078125
1 0.1390625 0.5953125 0.009375 0.025
0 0.1390625 0.5890625 0.0046875 0.0046875
1 0.15 0.596875 0.0125 0.0328125
0 0.1484375 0.584375 0.0046875 0.0046875
1 0.1734375 0.596875 0.0109375 0.021875
0 0.175 0.5890625 0.003125 0.003125
1 0.18125 0.5984375 0.0140625 0.0296875
0 0.18125 0.5890625 0.0046875 0.0046875
1 0.1921875 0.5953125 0.009375 0.0234375
0 0.1921875 0.5875 0.003125 0.003125
1 0.1984375 0.59375 0.0078125 0.025
0 0.2 0.584375 0.003125 0.003125
1 0.209375 0.5921875 0.0109375 0.025
0 0.2109375 0.584375 0.003125 0.003125
1 0.23125 0.5953125 0.0109375 0.0265625
0 0.234375 0.5859375 0.0046875 0.003125
1 0.2640625 0.596875 0.009375 0.0234375
0 0.265625 0.5890625 0.003125 0.003125
1 0.3234375 0.5890625 0.0125 0.01875
0 0.3265625 0.5828125 0.0046875 0.0046875
1 0.8703125 0.6140625 0.015625 0.0296875
0 0.86875 0.6078125 0.0046875 0.0046875
1 0.95 0.615625 0.0359375 0.0359375
0 0.9546875 0.6046875 0.0078125 0.0078125