1 0.065625 0.734375 0.0515625 0.1
0 0.0703125 0.6953125 0.015625 0.0140625
1 0.09375 0.7421875 0.03125 0.1078125
0 0.1 0.7 0.015625 0.015625
1 0.11875 0.7265625 0.0359375 0.0921875
0 0.125 0.6921875 0.0140625 0.0140625
1 0.1484375 0.7390625 0.0375 0.10625
0 0.1515625 0.6890625 0.015625 0.0140625
1 0.1921875 0.7375 0.04375 0.109375
0 0.196875 0.6921875 0.0140625 0.015625
1 0.2296875 0.7515625 0.04375 0.06875
0 0.234375 0.728125 0.0078125 0.009375
1 0.2421875 0.7296875 0.0359375 0.0890625
0 0.24375 0.6921875 0.0140625 0.0125
1 0.265625 0.7203125 0.0203125 0.0765625
0 0.265625 0.6890625 0.009375 0.0125
1 0.28125 0.728125 0.0375 0.084375
0 0.2796875 0.696875 0.009375 0.0125
1 0.3265625 0.7328125 0.0421875 0.10625
0 0.328125 0.6890625 0.0125 0.0140625
1 0.36875 0.7203125 0.028125 0.06875
0 0.365625 0.6953125 0.0078125 0.009375
1 0.3421875 0.7203125 0.028125 0.06875
0 0.340625 0.69375 0.0078125 0.0078125
1 0.4046875 0.7234375 0.03125 0.084375
0 0.40625 0.6875 0.0125 0.009375
1 0.4515625 0.7171875 0.028125 0.065625
0 0.45625 0.6921875 0.0078125 0.0078125
1 0.540625 0.728125 0.0359375 0.1046875
0 0.54375 0.6859375 0.0140625 0.0171875
1 0.5765625 0.721875 0.0265625 0.0765625
0 0.5765625 0.6921875 0.009375 0.0125
1 0.59375 0.7171875 0.025 0.0734375
0 0.5921875 0.6890625 0.0125 0.0125
1 0.60625 0.725 0.03125 0.0875
0 0.60625 0.690625 0.0125 0.0125
1 0.65 0.71875 0.0265625 0.0796875
0 0.6515625 0.690625 0.0125 0.0125
1 0.6609375 0.721875 0.0296875 0.09375
0 0.6609375 0.6828125 0.0125 0.0125
1 0.678125 0.734375 0.05 0.1453125
0 0.6828125 0.6765625 0.015625 0.0203125
1 0.7234375 0.7328125 0.046875 0.140625
0 0.7234375 0.678125 0.015625 0.0203125
1 0.771875 0.728125 0.0515625 0.13125
0 0.76875 0.675 0.01875 0.0171875
1 0.784375 0.721875 0.034375 0.0953125
0 0.7828125 0.68125 0.0125 0.0125