1 0.040625 0.3828125 0.0296875 0.0640625
0 0.0328125 0.35625 0.009375 0.0109375
1 0.1015625 0.38125 0.0265625 0.0515625
0 0.1015625 0.3609375 0.00625 0.009375
1 0.3078125 0.3421875 0.0203125 0.034375
0 0.3046875 0.328125 0.0046875 0.0046875
1 0.325 0.3375 0.01875 0.0390625
0 0.3265625 0.3234375 0.0046875 0.0046875
1 0.515625 0.3265625 0.028125 0.0828125
0 0.51875 0.290625 0.0078125 0.009375
1 0.553125 0.325 0.025 0.0671875
0 0.55625 0.2984375 0.009375 0.0078125
1 0.625 0.3171875 0.03125 0.0984375
0 0.6296875 0.275 0.0109375 0.0125
1 0.6453125 0.315625 0.025 0.0890625
0 0.646875 0.2796875 0.009375 0.015625
1 0.6546875 0.3359375 0.0578125 0.13125
0 0.659375 0.28125 0.0140625 0.0203125
1 0.7 0.3296875 0.046875 0.13125
0 0.6984375 0.2765625 0.015625 0.0234375
1 0.71875 0.3078125 0.034375 0.0921875
0 0.7171875 0.26875 0.0125 0.0140625
1 0.6578125 0.3953125 0.0578125 0.1171875
0 0.6515625 0.35 0.0203125 0.0265625
1 0.7234375 0.4015625 0.0921875 0.1515625
0 0.74375 0.340625 0.0265625 0.0296875
1 0.903125 0.4265625 0.11875 0.1796875
0 0.91875 0.3546875 0.034375 0.0296875
1 0.94375 0.4109375 0.109375 0.18125
0 0.978125 0.34375 0.0359375 0.040625
1 0.35 0.628125 0.5609375 0.5046875
0 0.1859375 0.30625 0.165625 0.1859375
1 0.7734375 0.640625 0.45 0.48125
0 0.825 0.3375 0.1390625 0.1640625