1 0.0546875 0.521875 0.0640625 0.2203125
0 0.05625 0.4328125 0.0296875 0.0359375
1 0.13125 0.4984375 0.05 0.1390625
0 0.1328125 0.440625 0.01875 0.01875
1 0.2125 0.525 0.08125 0.2109375
0 0.215625 0.4390625 0.03125 0.0328125
1 0.203125 0.565625 0.1625 0.3953125
0 0.1828125 0.39375 0.0421875 0.04375
1 0.0671875 0.6234375 0.13125 0.4953125
0 0.0234375 0.428125 0.04375 0.090625
1 0.30625 0.50625 0.0671875 0.2015625
0 0.303125 0.4203125 0.0234375 0.0265625
1 0.3265625 0.51875 0.04375 0.1640625
0 0.321875 0.45 0.0171875 0.01875
1 0.3546875 0.503125 0.05 0.1578125
0 0.340625 0.4328125 0.0171875 0.01875
1 0.4 0.540625 0.0875 0.303125
0 0.40625 0.415625 0.03125 0.0453125
1 0.4328125 0.503125 0.04375 0.16875
0 0.4296875 0.4328125 0.0171875 0.01875
1 0.4671875 0.509375 0.05 0.16875
0 0.4640625 0.440625 0.021875 0.0234375
1 0.5 0.5296875 0.059375 0.1765625
0 0.5078125 0.453125 0.021875 0.0234375
1 0.525 0.51875 0.0515625 0.15625
0 0.521875 0.453125 0.015625 0.01875
1 0.5671875 0.4953125 0.034375 0.1046875
0 0.5640625 0.453125 0.0125 0.015625
1 0.603125 0.4984375 0.0296875 0.0984375
0 0.6015625 0.4578125 0.0125 0.0125
1 0.6421875 0.4984375 0.034375 0.1125
0 0.6390625 0.453125 0.0125 0.015625
1 0.6484375 0.503125 0.0515625 0.1359375
0 0.653125 0.45 0.0171875 0.015625
1 0.6890625 0.5046875 0.0671875 0.1625
0 0.6921875 0.4359375 0.0171875 0.01875
1 0.715625 0.5 0.040625 0.1171875
0 0.7140625 0.4546875 0.0125 0.015625
1 0.7671875 0.5078125 0.05625 0.16875
0 0.7625 0.4375 0.0140625 0.01875
1 0.78125 0.5015625 0.0296875 0.1171875
0 0.78125 0.4546875 0.0125 0.0140625
1 0.8046875 0.50625 0.04375 0.11875
0 0.8 0.4578125 0.0140625 0.015625
1 0.84375 0.4796875 0.015625 0.0453125
0 0.8484375 0.4625 0.00625 0.00625
1 0.88125 0.5046875 0.06875 0.1203125
0 0.8734375 0.45625 0.0125 0.015625
1 0.921875 0.553125 0.1046875 0.3421875
0 0.915625 0.409375 0.0421875 0.0453125
1 0.95 0.521875 0.0875 0.33125
0 0.9421875 0.384375 0.0390625 0.0484375
1 0.9875 0.5 0.0171875 0.16875
0 0.9890625 0.4390625 0.0140625 0.0296875