1 0.01875 0.5171875 0.0359375 0.128125
0 0.0140625 0.4625 0.009375 0.0125
1 0.08125 0.5390625 0.084375 0.1421875
0 0.0796875 0.48125 0.0203125 0.0171875
1 0.1640625 0.5046875 0.05625 0.121875
0 0.16875 0.45625 0.015625 0.0171875
1 0.1671875 0.496875 0.04375 0.125
0 0.1734375 0.4453125 0.0125 0.015625
1 0.203125 0.55 0.0921875 0.23125
0 0.215625 0.453125 0.0265625 0.028125
1 0.2578125 0.503125 0.0375 0.1109375
0 0.259375 0.459375 0.0171875 0.0171875
1 0.2859375 0.5296875 0.059375 0.19375
0 0.303125 0.45 0.0234375 0.028125
1 0.36875 0.5484375 0.0859375 0.1890625
0 0.35 0.4703125 0.025 0.028125
1 0.3453125 0.5328125 0.059375 0.1921875
0 0.3484375 0.453125 0.0234375 0.0234375
1 0.31875 0.4921875 0.0421875 0.1
0 0.31875 0.453125 0.0140625 0.0140625
1 0.3984375 0.5390625 0.0671875 0.1546875
0 0.4 0.4734375 0.0171875 0.0203125
1 0.4125 0.5234375 0.0625 0.140625
0 0.415625 0.4625 0.015625 0.0171875
1 0.4875 0.5203125 0.059375 0.165625
0 0.490625 0.4515625 0.01875 0.01875
1 0.46875 0.5171875 0.04375 0.140625
0 0.4703125 0.4578125 0.0125 0.0140625
1 0.4375 0.4984375 0.034375 0.1109375
0 0.4328125 0.4515625 0.015625 0.015625
1 0.509375 0.5171875 0.0421875 0.125
0 0.50625 0.4671875 0.0171875 0.0171875
1 0.55 0.515625 0.046875 0.125
0 0.5484375 0.465625 0.0140625 0.021875
1 0.5265625 0.5125 0.028125 0.1
0 0.525 0.471875 0.0078125 0.009375
1 0.565625 0.50625 0.0234375 0.0984375
0 0.56875 0.4671875 0.0125 0.0125
1 0.5921875 0.5140625 0.028125 0.103125
0 0.590625 0.4734375 0.0140625 0.0125
1 0.5796875 0.5046875 0.028125 0.0859375
0 0.578125 0.4734375 0.0109375 0.0140625
1 0.6171875 0.5171875 0.0578125 0.1453125
0 0.6203125 0.45625 0.0171875 0.01875
1 0.65 0.509375 0.0421875 0.11875
0 0.6484375 0.4578125 0.0125 0.0140625
1 0.6671875 0.50625 0.03125 0.1125
0 0.6671875 0.4578125 0.015625 0.015625
1 0.6859375 0.503125 0.028125 0.0953125
0 0.6859375 0.465625 0.0125 0.0125
1 0.703125 0.51875 0.0375 0.1234375
0 0.7015625 0.4703125 0.0125 0.015625
1 0.7328125 0.5046875 0.0296875 0.0875
0 0.7328125 0.471875 0.009375 0.0125
1 0.7578125 0.5015625 0.040625 0.10625
0 0.7515625 0.459375 0.0125 0.015625
1 0.771875 0.5015625 0.03125 0.0828125
0 0.771875 0.4703125 0.009375 0.0140625
1 0.8078125 0.50625 0.0359375 0.0890625
0 0.809375 0.471875 0.0109375 0.0140625
1 0.8296875 0.525 0.040625 0.1453125
0 0.825 0.4640625 0.01875 0.01875
1 0.8484375 0.4859375 0.034375 0.075
0 0.846875 0.45625 0.009375 0.009375
1 0.915625 0.5125 0.059375 0.1171875
0 0.9125 0.465625 0.015625 0.015625
1 0.36875 0.49375 0.0375 0.109375
0 0.3765625 0.45 0.0125 0.015625
1 0.4515625 0.4875 0.0234375 0.078125
0 0.4515625 0.459375 0.009375 0.0125