1 0.0203125 0.69375 0.0375 0.1671875
0 0.009375 0.6265625 0.0140625 0.0234375
1 0.0671875 0.6875 0.13125 0.178125
0 0.071875 0.6203125 0.0328125 0.03125
1 0.0890625 0.684375 0.0984375 0.184375
0 0.1015625 0.6171875 0.040625 0.0375
1 0.1359375 0.675 0.13125 0.2046875
0 0.1578125 0.621875 0.0515625 0.0578125
1 0.2875 0.6859375 0.1375 0.1828125
0 0.290625 0.6265625 0.046875 0.0484375
1 0.23125 0.6953125 0.06875 0.1640625
0 0.2453125 0.6265625 0.0203125 0.0234375
1 0.3515625 0.6546875 0.0203125 0.0578125
0 0.353125 0.63125 0.0046875 0.0078125
1 0.4625 0.6921875 0.059375 0.1703125
0 0.4640625 0.621875 0.01875 0.028125
1 0.51875 0.6953125 0.0640625 0.1640625
0 0.51875 0.6265625 0.01875 0.025
1 0.4078125 0.571875 0.009375 0.028125
0 0.40625 0.5625 0.0015625 0.003125
1 0.3984375 0.5859375 0.0140625 0.0171875
0 0.4 0.5796875 0.0015625 0.003125
1 0.453125 0.56875 0.009375 0.028125
0 0.4515625 0.5578125 0.0046875 0.003125
1 0.4109375 0.6359375 0.009375 0.034375
0 0.4109375 0.6234375 0.0046875 0.0046875
1 0.4421875 0.6640625 0.0328125 0.0859375
0 0.446875 0.6296875 0.009375 0.0109375
1 0.4359375 0.6171875 0.009375 0.03125
0 0.4375 0.60625 0.0046875 0.003125
1 0.4265625 0.6171875 0.009375 0.0296875
0 0.428125 0.6078125 0.0015625 0.003125
1 0.4171875 0.6171875 0.0109375 0.03125
0 0.4171875 0.6078125 0.0015625 0.003125
1 0.5546875 0.6546875 0.0265625 0.065625
0 0.55625 0.6265625 0.0046875 0.00625
1 0.5796875 0.6546875 0.01875 0.05625
0 0.5796875 0.634375 0.00625 0.009375
1 0.5984375 0.6546875 0.028125 0.0625
0 0.5984375 0.63125 0.009375 0.009375
1 0.665625 0.66875 0.0359375 0.0515625
0 0.665625 0.65 0.009375 0.009375
1 0.6921875 0.6671875 0.028125 0.0796875
0 0.696875 0.6359375 0.009375 0.009375
1 0.715625 0.659375 0.0234375 0.0671875
0 0.715625 0.6375 0.00625 0.009375
1 0.8546875 0.66875 0.028125 0.09375
0 0.853125 0.6296875 0.009375 0.0109375
1 0.8671875 0.6765625 0.0421875 0.0578125
0 0.875 0.6546875 0.009375 0.009375
1 0.8859375 0.678125 0.0421875 0.0578125
0 0.8890625 0.65625 0.009375 0.0109375