1 0.1015625 0.4515625 0.03125 0.084375
0 0.103125 0.415625 0.0125 0.009375
1 0.1171875 0.4953125 0.1296875 0.18125
0 0.140625 0.41875 0.0234375 0.0265625
1 0.16875 0.4546875 0.03125 0.078125
0 0.1671875 0.4234375 0.015625 0.0140625
1 0.2140625 0.5 0.2234375 0.3796875
0 0.21875 0.346875 0.0484375 0.05625
1 0.325 0.459375 0.0140625 0.05
0 0.325 0.4390625 0.0078125 0.0078125
1 0.3421875 0.45625 0.0203125 0.05
0 0.340625 0.4359375 0.0046875 0.00625
1 0.35 0.4625 0.01875 0.0546875
0 0.3515625 0.4390625 0.0078125 0.0078125
1 0.3875 0.4875 0.075 0.2265625
0 0.390625 0.396875 0.0234375 0.0296875
1 0.421875 0.4640625 0.025 0.0796875
0 0.4203125 0.43125 0.0109375 0.009375
1 0.453125 0.4640625 0.0296875 0.0625
0 0.4578125 0.4390625 0.00625 0.0078125
1 0.465625 0.471875 0.0328125 0.0671875
0 0.46875 0.4484375 0.0078125 0.0078125
1 0.478125 0.471875 0.034375 0.06875
0 0.4796875 0.4453125 0.009375 0.009375
1 0.5 0.475 0.0578125 0.1265625
0 0.49375 0.421875 0.015625 0.0171875
1 0.4953125 0.4890625 0.0640625 0.1265625
0 0.4984375 0.4375 0.01875 0.0171875
1 0.5140625 0.465625 0.0265625 0.078125
0 0.5125 0.4328125 0.0109375 0.0109375
1 0.5515625 0.46875 0.015625 0.0421875
0 0.5546875 0.4515625 0.0046875 0.0046875
1 0.5578125 0.465625 0.0125 0.0390625
0 0.559375 0.4484375 0.003125 0.0046875
1 0.565625 0.4625 0.0125 0.0328125
0 0.5671875 0.45 0.003125 0.003125
1 0.5734375 0.4609375 0.009375 0.025
0 0.5734375 0.4515625 0.003125 0.003125
1 0.5875 0.4625 0.0125 0.0390625
0 0.5890625 0.4484375 0.003125 0.0046875
1 0.60625 0.4609375 0.0109375 0.03125
0 0.6078125 0.4484375 0.0046875 0.003125
1 0.6140625 0.4625 0.0078125 0.0203125
0 0.6140625 0.4546875 0.0015625 0.003125
1 0.6203125 0.4625 0.0078125 0.0203125
0 0.6203125 0.4546875 0.0015625 0.0015625
1 0.6734375 0.4640625 0.009375 0.025
0 0.675 0.453125 0.003125 0.003125
1 0.7296875 0.4703125 0.0265625 0.0640625
0 0.73125 0.4453125 0.0078125 0.0078125
1 0.834375 0.4734375 0.0453125 0.0828125
0 0.83125 0.4390625 0.0109375 0.0109375
1 0.8828125 0.48125 0.040625 0.10625
0 0.878125 0.4359375 0.015625 0.0140625