1 0.878125 0.3703125 0.0953125 0.16875
0 0.859375 0.309375 0.0203125 0.021875
1 0.6203125 0.3640625 0.053125 0.140625
0 0.6234375 0.3109375 0.0171875 0.0203125
1 0.5828125 0.34375 0.0515625 0.1125
0 0.584375 0.3015625 0.0125 0.0171875
1 0.4796875 0.3515625 0.0546875 0.121875
0 0.478125 0.3046875 0.0125 0.0171875
1 0.4890625 0.403125 0.1 0.2078125
0 0.4703125 0.3265625 0.028125 0.034375
1 0.240625 0.3828125 0.06875 0.1578125
0 0.253125 0.321875 0.0234375 0.025
1 0.165625 0.6109375 0.18125 0.2046875
0 0.1421875 0.5390625 0.0421875 0.05
1 0.265625 0.578125 0.1484375 0.2140625
0 0.265625 0.5078125 0.040625 0.046875
1 0.484375 0.6421875 0.2671875 0.203125
0 0.5296875 0.5671875 0.0390625 0.0421875
1 0.6609375 0.615625 0.2390625 0.1796875
0 0.69375 0.5546875 0.0453125 0.046875