1 0.875 0.565625 0.0953125 0.234375
0 0.8640625 0.4671875 0.0296875 0.03125
1 0.825 0.575 0.084375 0.2328125
0 0.8203125 0.478125 0.0296875 0.034375
1 0.7734375 0.5578125 0.078125 0.2375
0 0.7734375 0.45625 0.025 0.03125
1 0.734375 0.5734375 0.0734375 0.2140625
0 0.740625 0.484375 0.021875 0.0328125
1 0.6953125 0.559375 0.065625 0.221875
0 0.6921875 0.465625 0.025 0.03125
1 0.65625 0.578125 0.0703125 0.215625
0 0.659375 0.4890625 0.025 0.0296875
1 0.609375 0.58125 0.075 0.2109375
0 0.609375 0.49375 0.025 0.0296875
1 0.621875 0.5609375 0.0765625 0.2109375
0 0.6234375 0.4703125 0.0234375 0.03125
1 0.5734375 0.5625 0.0640625 0.2015625
0 0.5734375 0.4765625 0.01875 0.028125
1 0.48125 0.621875 0.0859375 0.1578125
0 0.4796875 0.5625 0.03125 0.0359375
1 0.5125 0.5765625 0.0796875 0.225
0 0.5171875 0.484375 0.025 0.0328125
1 0.540625 0.5671875 0.0671875 0.21875
0 0.5359375 0.4765625 0.0265625 0.0296875
1 0.484375 0.55 0.0765625 0.228125
0 0.4828125 0.4546875 0.025 0.034375
1 0.4515625 0.5765625 0.0796875 0.215625
0 0.4578125 0.4875 0.0234375 0.0328125
1 0.4265625 0.5640625 0.0640625 0.203125
0 0.425 0.48125 0.0203125 0.028125
1 0.378125 0.5703125 0.090625 0.225
0 0.3734375 0.475 0.025 0.0328125
1 0.3703125 0.5546875 0.0625 0.221875
0 0.371875 0.4609375 0.028125 0.028125
1 0.35625 0.5703125 0.0640625 0.2
0 0.35625 0.4859375 0.0234375 0.028125
1 0.3125 0.559375 0.071875 0.234375
0 0.3109375 0.4609375 0.0265625 0.03125
1 0.29375 0.559375 0.071875 0.209375
0 0.2890625 0.471875 0.021875 0.028125
1 0.259375 0.56875 0.0484375 0.1875
0 0.2640625 0.490625 0.021875 0.0265625
1 0.2125 0.6125 0.1015625 0.15625
0 0.2109375 0.553125 0.028125 0.028125
1 0.2234375 0.5703125 0.0609375 0.209375
0 0.221875 0.48125 0.0265625 0.028125
1 0.2265625 0.55 0.065625 0.2078125
0 0.2296875 0.4609375 0.021875 0.025
1 0.1953125 0.571875 0.071875 0.20625
0 0.1921875 0.4875 0.0234375 0.03125
1 0.165625 0.578125 0.059375 0.2015625
0 0.1671875 0.49375 0.0234375 0.028125
1 0.1296875 0.5796875 0.059375 0.1921875
0 0.1296875 0.5 0.025 0.028125
1 0.1515625 0.559375 0.065625 0.2125
0 0.1546875 0.4703125 0.0296875 0.03125
1 0.0859375 0.5765625 0.0734375 0.196875
0 0.090625 0.4953125 0.0234375 0.0296875
1 0.0828125 0.5625 0.065625 0.203125
0 0.0796875 0.4765625 0.0234375 0.025
1 0.0515625 0.5640625 0.0625 0.1984375
0 0.0515625 0.48125 0.0234375 0.0265625
1 0.0359375 0.578125 0.0625 0.190625
0 0.0390625 0.5 0.025 0.028125