1 0.128125 0.5328125 0.0375 0.0703125
0 0.1296875 0.50625 0.009375 0.009375
1 0.246875 0.6453125 0.10625 0.2390625
0 0.278125 0.55 0.0359375 0.0421875
1 0.3171875 0.70625 0.0671875 0.1390625
0 0.31875 0.653125 0.0203125 0.0203125
1 0.396875 0.6515625 0.0875 0.259375
0 0.3796875 0.5375 0.028125 0.0296875
1 0.85625 0.365625 0.053125 0.153125
0 0.8578125 0.3015625 0.01875 0.0203125
1 0.83125 0.4078125 0.06875 0.1
0 0.8375 0.36875 0.015625 0.0171875
1 0.8578125 0.5640625 0.059375 0.121875
0 0.8484375 0.51875 0.0171875 0.01875
1 0.9015625 0.5921875 0.0765625 0.1390625
0 0.9046875 0.55625 0.015625 0.0140625
1 0.9296875 0.61875 0.0703125 0.178125
0 0.934375 0.5484375 0.0203125 0.0234375