1 0.98125 0.5421875 0.0296875 0.1296875
0 0.9921875 0.4859375 0.0078125 0.015625
1 0.953125 0.5484375 0.040625 0.121875
0 0.95 0.4984375 0.01875 0.0203125
1 0.91875 0.5703125 0.0453125 0.0375
0 0.9046875 0.5609375 0.0125 0.0140625
1 0.840625 0.6203125 0.2765625 0.2953125
0 0.834375 0.5234375 0.0859375 0.096875
1 0.7390625 0.5078125 0.2421875 0.4765625
0 0.7671875 0.309375 0.05625 0.075
1 0.5640625 0.64375 0.2484375 0.25
0 0.540625 0.55625 0.0625 0.075
1 0.3703125 0.646875 0.2609375 0.2421875
0 0.334375 0.56875 0.075 0.0765625
1 0.134375 0.6421875 0.265625 0.2515625
0 0.0921875 0.565625 0.0796875 0.090625
1 0.1640625 0.6484375 0.21875 0.240625
0 0.1328125 0.5671875 0.0609375 0.071875
1 0.0734375 0.6484375 0.1421875 0.2375
0 0.01875 0.5703125 0.03125 0.06875
1 0.4234375 0.5640625 0.021875 0.053125
0 0.4234375 0.5421875 0.00625 0.00625
1 0.4 0.5625 0.0203125 0.046875
0 0.4015625 0.546875 0.00625 0.0078125
1 0.3859375 0.584375 0.0203125 0.0296875
0 0.3875 0.5765625 0.00625 0.00625
1 0.4171875 0.5890625 0.0375 0.0203125
0 0.403125 0.584375 0.0078125 0.00625
1 0.453125 0.5578125 0.0140625 0.034375
0 0.4515625 0.546875 0.0046875 0.0046875
1 0.2 0.5765625 0.046875 0.153125
0 0.1921875 0.5140625 0.0203125 0.021875
1 0.134375 0.578125 0.04375 0.1375
0 0.1296875 0.5203125 0.015625 0.0171875
1 0.1515625 0.571875 0.046875 0.15625
0 0.146875 0.5078125 0.015625 0.0203125
1 0.046875 0.5765625 0.0546875 0.1703125
0 0.0453125 0.503125 0.0171875 0.0171875