1 0.0546875 0.6109375 0.0546875 0.1140625
0 0.0515625 0.5609375 0.0109375 0.0109375
1 0.0546875 0.603125 0.0453125 0.10625
0 0.0640625 0.5640625 0.0125 0.015625
1 0.1015625 0.615625 0.0640625 0.121875
0 0.1015625 0.5609375 0.0140625 0.0125
1 0.1234375 0.6 0.0515625 0.1203125
0 0.1265625 0.5515625 0.015625 0.015625
1 0.18125 0.5953125 0.034375 0.09375
0 0.178125 0.55625 0.0109375 0.0125
1 0.25625 0.5875 0.0296875 0.0890625
0 0.2546875 0.55 0.0109375 0.009375
1 0.3484375 0.6078125 0.025 0.0890625
0 0.35 0.571875 0.0109375 0.0125
1 0.425 0.6015625 0.040625 0.071875
0 0.4171875 0.5734375 0.009375 0.0109375
1 0.475 0.59375 0.025 0.0828125
0 0.4734375 0.5609375 0.0125 0.0140625
1 0.684375 0.578125 0.021875 0.0546875
0 0.6796875 0.5546875 0.00625 0.00625
1 0.6171875 0.56875 0.021875 0.0484375
0 0.615625 0.55 0.00625 0.00625
1 0.78125 0.596875 0.0453125 0.1328125
0 0.7765625 0.540625 0.015625 0.0171875
1 0.815625 0.5640625 0.0125 0.021875
0 0.8171875 0.55625 0.003125 0.003125
1 0.83125 0.5671875 0.0171875 0.0453125
0 0.8328125 0.5515625 0.00625 0.00625
1 0.8453125 0.571875 0.0140625 0.0359375
0 0.84375 0.559375 0.0046875 0.0046875
1 0.878125 0.5796875 0.034375 0.0796875
0 0.88125 0.546875 0.009375 0.009375
1 0.875 0.5671875 0.0203125 0.0640625
0 0.8734375 0.5421875 0.0078125 0.009375
1 0.9109375 0.571875 0.0265625 0.065625
0 0.909375 0.5453125 0.0078125 0.009375
1 0.95 0.571875 0.01875 0.0671875
0 0.9515625 0.54375 0.0078125 0.009375
1 0.953125 0.56875 0.0171875 0.0609375
0 0.9515625 0.54375 0.0078125 0.009375