1 0.0265625 0.528125 0.0515625 0.1703125
0 0.025 0.459375 0.0203125 0.0265625
1 0.0765625 0.5828125 0.071875 0.1125
0 0.08125 0.5453125 0.01875 0.028125
1 0.0765625 0.5125 0.046875 0.146875
0 0.075 0.4515625 0.0203125 0.021875
1 0.046875 0.5078125 0.0390625 0.14375
0 0.0453125 0.4484375 0.0203125 0.021875
1 0.021875 0.5046875 0.0421875 0.153125
0 0.01875 0.4453125 0.01875 0.0203125
1 0.0203125 0.509375 0.040625 0.1390625
0 0.0203125 0.4515625 0.01875 0.0203125
1 0.1 0.5125 0.04375 0.1453125
0 0.0984375 0.4546875 0.015625 0.025
1 0.128125 0.5265625 0.0390625 0.165625
0 0.128125 0.459375 0.01875 0.0203125
1 0.1125 0.5265625 0.034375 0.1609375
0 0.1140625 0.45625 0.015625 0.0171875
1 0.1515625 0.5203125 0.059375 0.1796875
0 0.1625 0.4453125 0.0203125 0.0265625
1 0.196875 0.5203125 0.040625 0.1609375
0 0.2046875 0.453125 0.01875 0.021875
1 0.209375 0.5296875 0.0703125 0.159375
0 0.225 0.4671875 0.01875 0.0203125
1 0.240625 0.528125 0.0453125 0.1546875
0 0.2484375 0.4640625 0.01875 0.0234375
1 0.24375 0.509375 0.0453125 0.146875
0 0.2390625 0.4484375 0.0171875 0.01875
1 0.275 0.5296875 0.0609375 0.1546875
0 0.271875 0.465625 0.0171875 0.0203125
1 0.309375 0.5140625 0.0453125 0.1375
0 0.3171875 0.4578125 0.015625 0.01875
1 0.334375 0.515625 0.0421875 0.14375
0 0.3390625 0.4578125 0.0171875 0.0203125
1 0.36875 0.5234375 0.0515625 0.15625
0 0.371875 0.4578125 0.021875 0.0203125
1 0.4 0.5171875 0.0515625 0.1640625
0 0.3953125 0.4484375 0.01875 0.0203125
1 0.40625 0.521875 0.040625 0.153125
0 0.40625 0.4578125 0.0140625 0.0140625
1 0.434375 0.51875 0.03125 0.1421875
0 0.43125 0.459375 0.015625 0.0234375
1 0.4546875 0.5171875 0.05 0.1640625
0 0.45 0.45 0.015625 0.021875
1 0.4875 0.515625 0.0453125 0.1703125
0 0.48125 0.4453125 0.01875 0.0203125
1 0.51875 0.5140625 0.040625 0.1640625
0 0.5125 0.44375 0.015625 0.01875
1 0.546875 0.521875 0.0453125 0.1546875
0 0.546875 0.4625 0.015625 0.01875
1 0.5671875 0.5296875 0.04375 0.1484375
0 0.56875 0.4671875 0.015625 0.01875
1 0.59375 0.5203125 0.04375 0.1546875
0 0.5875 0.459375 0.01875 0.021875
1 0.58125 0.5109375 0.0359375 0.15
0 0.58125 0.4484375 0.015625 0.01875
1 0.6140625 0.5203125 0.04375 0.153125
0 0.60625 0.459375 0.0203125 0.028125
1 0.6375 0.5234375 0.0375 0.140625
0 0.6359375 0.465625 0.01875 0.0171875
1 0.66875 0.5203125 0.04375 0.146875
0 0.6671875 0.4578125 0.015625 0.0171875
1 0.6375 0.5140625 0.0390625 0.1359375
0 0.63125 0.4609375 0.0203125 0.0203125
1 0.6953125 0.5140625 0.0390625 0.1390625
0 0.69375 0.4578125 0.0203125 0.0203125
1 0.7109375 0.5078125 0.04375 0.1359375
0 0.7171875 0.4546875 0.01875 0.021875
1 0.74375 0.51875 0.0453125 0.121875
0 0.7484375 0.46875 0.015625 0.01875
1 0.753125 0.5078125 0.034375 0.1203125
0 0.75 0.4578125 0.015625 0.01875
1 0.7671875 0.5046875 0.034375 0.1078125
0 0.7671875 0.459375 0.015625 0.0171875
1 0.8140625 0.5109375 0.046875 0.1390625
0 0.8265625 0.4578125 0.021875 0.0265625
1 0.80625 0.5078125 0.0453125 0.1390625
0 0.8125 0.45 0.0171875 0.0203125
1 0.859375 0.5203125 0.0453125 0.1375
0 0.8703125 0.4671875 0.0171875 0.025
1 0.903125 0.5171875 0.0515625 0.1375
0 0.8984375 0.4625 0.015625 0.0203125
1 0.90625 0.515625 0.0359375 0.13125
0 0.9078125 0.4609375 0.0140625 0.0203125
1 0.934375 0.5234375 0.0359375 0.134375
0 0.9328125 0.4703125 0.0140625 0.0171875
1 0.959375 0.5140625 0.05625 0.1625
0 0.9671875 0.446875 0.0203125 0.0234375
1 0.9515625 0.509375 0.0390625 0.1390625
0 0.95 0.4515625 0.015625 0.01875
1 0.9890625 0.5171875 0.0140625 0.1421875
0 0.9953125 0.4578125 0.003125 0.0125
1 0.975 0.584375 0.0453125 0.121875
0 0.975 0.5359375 0.0171875 0.01875
1 0.9046875 0.575 0.0671875 0.13125
0 0.909375 0.525 0.0203125 0.025
1 0.85 0.5609375 0.05 0.096875
0 0.8609375 0.528125 0.01875 0.0203125
1 0.8140625 0.5828125 0.05625 0.08125
0 0.796875 0.55625 0.0140625 0.0203125
1 0.753125 0.559375 0.059375 0.08125
0 0.7703125 0.5328125 0.01875 0.0203125
1 0.7046875 0.5953125 0.0671875 0.1359375
0 0.70625 0.5421875 0.0171875 0.0265625
1 0.3265625 0.603125 0.075 0.165625
0 0.3265625 0.5375 0.0171875 0.021875
1 0.0140625 0.515625 0.025 0.128125
0 0.0125 0.4640625 0.01875 0.0203125
1 0.159375 0.5203125 0.0359375 0.15
0 0.15625 0.4578125 0.0203125 0.0203125
1 0.271875 0.503125 0.0390625 0.1296875
0 0.2703125 0.45 0.0203125 0.0203125
1 0.3 0.5078125 0.034375 0.1390625
0 0.3015625 0.4515625 0.0140625 0.0171875
1 0.2859375 0.509375 0.03125 0.128125
0 0.2859375 0.459375 0.015625 0.01875
1 0.2546875 0.4984375 0.03125 0.1234375
0 0.2546875 0.4484375 0.0140625 0.0140625
1 0.5265625 0.49375 0.025 0.103125
0 0.528125 0.453125 0.015625 0.0140625
1 0.86875 0.496875 0.0359375 0.115625
0 0.86875 0.453125 0.0140625 0.01875
1 0.9515625 0.71875 0.059375 0.0984375
0 0.9484375 0.68125 0.01875 0.0203125
1 0.9015625 0.7203125 0.059375 0.09375
0 0.909375 0.740625 0.0265625 0.0359375
1 0.8765625 0.725 0.04375 0.084375
0 0.875 0.7234375 0.021875 0.028125
1 0.8 0.7234375 0.046875 0.0890625
0 0.790625 0.6953125 0.0203125 0.0265625
1 0.753125 0.728125 0.0421875 0.078125
0 0.7515625 0.7296875 0.025 0.0265625
1 0.753125 0.71875 0.0515625 0.096875
0 0.753125 0.6953125 0.0203125 0.0203125
1 0.684375 0.725 0.0546875 0.0859375
0 0.68125 0.715625 0.0296875 0.028125
1 0.7125 0.7234375 0.0515625 0.0875
0 0.7078125 0.7140625 0.0203125 0.025
1 0.6078125 0.73125 0.0453125 0.0734375
0 0.60625 0.7359375 0.0296875 0.0359375
1 0.621875 0.7296875 0.0421875 0.0765625
0 0.61875 0.7515625 0.0296875 0.0265625
1 0.63125 0.7171875 0.0546875 0.1
0 0.6328125 0.6921875 0.0203125 0.021875
1 0.5859375 0.7203125 0.0546875 0.09375
0 0.5921875 0.7125 0.0296875 0.0296875
1 0.5796875 0.7234375 0.0453125 0.0890625
0 0.58125 0.746875 0.025 0.028125
1 0.5609375 0.725 0.0453125 0.0859375
0 0.55625 0.73125 0.028125 0.0265625
1 0.5265625 0.728125 0.05625 0.0796875
0 0.5234375 0.7015625 0.01875 0.0203125
1 0.459375 0.7296875 0.065625 0.0765625
0 0.4453125 0.7265625 0.0203125 0.0234375
1 0.3765625 0.7296875 0.05 0.075
0 0.3734375 0.7328125 0.025 0.021875
1 0.384375 0.7328125 0.046875 0.06875
0 0.3921875 0.73125 0.0265625 0.0296875
1 0.3296875 0.728125 0.05625 0.078125
0 0.328125 0.7328125 0.025 0.025
1 0.346875 0.7328125 0.03125 0.06875
0 0.35 0.7203125 0.0171875 0.021875
1 0.1828125 0.7203125 0.0640625 0.09375
0 0.1796875 0.728125 0.0296875 0.034375
1 0.20625 0.721875 0.0609375 0.0890625
0 0.1984375 0.728125 0.021875 0.028125
1 0.0984375 0.7296875 0.0421875 0.0765625
0 0.090625 0.734375 0.0203125 0.0203125