1 0.0546875 0.6734375 0.0421875 0.065625
0 0.05625 0.65 0.0125 0.0109375
1 0.0890625 0.696875 0.08125 0.1609375
0 0.0984375 0.634375 0.0265625 0.03125
1 0.2375 0.6625 0.1734375 0.2296875
0 0.2265625 0.5890625 0.0515625 0.0578125
1 0.325 0.659375 0.0234375 0.0375
0 0.3265625 0.646875 0.0046875 0.00625
1 0.403125 0.6625 0.028125 0.0625
0 0.409375 0.6390625 0.00625 0.009375
1 0.4453125 0.6625 0.0140625 0.0453125
0 0.446875 0.64375 0.0046875 0.00625
1 0.428125 0.6578125 0.0140625 0.0421875
0 0.4296875 0.6421875 0.0046875 0.003125
1 0.4328125 0.659375 0.0234375 0.046875
0 0.4375 0.64375 0.00625 0.0078125
1 0.465625 0.659375 0.015625 0.0515625
0 0.46875 0.640625 0.0046875 0.00625
1 0.478125 0.6640625 0.0328125 0.059375
0 0.478125 0.640625 0.00625 0.009375
1 0.553125 0.66875 0.0140625 0.0609375
0 0.5546875 0.6453125 0.009375 0.009375
1 0.6296875 0.690625 0.14375 0.1734375
0 0.6453125 0.6296875 0.0359375 0.0421875
1 0.684375 0.6765625 0.0328125 0.0625
0 0.6828125 0.653125 0.009375 0.009375
1 0.709375 0.675 0.0421875 0.0578125
0 0.7 0.653125 0.009375 0.009375
1 0.7328125 0.678125 0.03125 0.0484375
0 0.7296875 0.6609375 0.0046875 0.009375
1 0.7578125 0.6734375 0.0234375 0.0578125
0 0.7546875 0.65 0.009375 0.009375
1 0.7796875 0.6640625 0.03125 0.0578125
0 0.7734375 0.640625 0.009375 0.0078125
1 0.7984375 0.65625 0.015625 0.0390625
0 0.796875 0.640625 0.0046875 0.0046875
1 0.8 0.6671875 0.015625 0.05
0 0.8015625 0.646875 0.0046875 0.00625
1 0.8140625 0.671875 0.0328125 0.0734375
0 0.809375 0.6421875 0.0109375 0.0109375
1 0.83125 0.6640625 0.0234375 0.0578125
0 0.8296875 0.640625 0.00625 0.009375
1 0.8578125 0.6625 0.01875 0.0578125
0 0.859375 0.640625 0.0046875 0.009375
1 0.8703125 0.6671875 0.01875 0.0578125
0 0.86875 0.6421875 0.0046875 0.00625
1 0.890625 0.6703125 0.028125 0.0765625
0 0.8890625 0.6390625 0.009375 0.009375
1 0.9296875 0.6703125 0.0375 0.0796875
0 0.928125 0.6390625 0.009375 0.009375
1 0.9625 0.6734375 0.028125 0.0765625
0 0.9625 0.64375 0.009375 0.009375
1 0.9890625 0.665625 0.0140625 0.05625
0 0.9953125 0.6421875 0.0046875 0.009375