1 0.06875 0.659375 0.1328125 0.234375
0 0.040625 0.58125 0.08125 0.0703125
1 0.24375 0.5859375 0.0671875 0.2
0 0.2421875 0.496875 0.01875 0.021875
1 0.365625 0.6375 0.1 0.278125
0 0.3625 0.5234375 0.0453125 0.046875
1 0.4875 0.6875 0.0984375 0.1796875
0 0.4828125 0.6265625 0.0359375 0.0390625
1 0.384375 0.5890625 0.0828125 0.225
0 0.3734375 0.4921875 0.028125 0.03125
1 0.321875 0.4890625 0.0546875 0.1453125
0 0.321875 0.428125 0.01875 0.0203125
1 0.4078125 0.4328125 0.0265625 0.065625
0 0.4078125 0.409375 0.009375 0.009375
1 0.4671875 0.4625 0.0328125 0.053125
0 0.465625 0.4421875 0.00625 0.0078125
1 0.484375 0.4046875 0.0203125 0.0578125
0 0.484375 0.38125 0.00625 0.009375
1 0.4578125 0.40625 0.01875 0.05625
0 0.4546875 0.384375 0.0046875 0.0078125
1 0.603125 0.421875 0.0265625 0.0703125
0 0.6078125 0.390625 0.009375 0.009375
1 0.709375 0.5359375 0.08125 0.1703125
0 0.7359375 0.46875 0.0234375 0.028125
1 0.7359375 0.5734375 0.0546875 0.1296875
0 0.746875 0.521875 0.01875 0.0203125
1 0.7734375 0.5875 0.05625 0.128125
0 0.778125 0.5421875 0.0234375 0.0234375
1 0.78125 0.578125 0.0453125 0.11875
0 0.7875 0.5359375 0.01875 0.0203125
1 0.834375 0.603125 0.059375 0.13125
0 0.84375 0.5515625 0.0234375 0.0234375
1 0.828125 0.5890625 0.0671875 0.121875
0 0.840625 0.540625 0.0203125 0.021875
1 0.8296875 0.578125 0.071875 0.13125
0 0.8421875 0.528125 0.0234375 0.0234375
1 0.85 0.5578125 0.0453125 0.1359375
0 0.8484375 0.503125 0.0234375 0.0234375
1 0.8953125 0.584375 0.1046875 0.246875
0 0.9078125 0.4828125 0.0328125 0.03125
1 0.9671875 0.596875 0.059375 0.2109375
0 0.990625 0.5046875 0.0109375 0.0234375
1 0.9734375 0.5046875 0.046875 0.1453125
0 0.975 0.44375 0.015625 0.0203125
1 0.9828125 0.503125 0.028125 0.140625
0 0.978125 0.4421875 0.009375 0.009375
1 0.95625 0.478125 0.0453125 0.1015625
0 0.95625 0.4390625 0.01875 0.0171875
1 0.8984375 0.465625 0.01875 0.0515625
0 0.8984375 0.446875 0.009375 0.009375
1 0.8796875 0.46875 0.0265625 0.059375
0 0.88125 0.4453125 0.009375 0.009375
1 0.8390625 0.4765625 0.0234375 0.0703125
0 0.840625 0.4515625 0.009375 0.0109375
1 0.828125 0.475 0.028125 0.0625
0 0.828125 0.4515625 0.0109375 0.0140625
1 0.83125 0.4546875 0.03125 0.0734375
0 0.8296875 0.425 0.009375 0.0109375
1 0.8171875 0.4390625 0.01875 0.065625
0 0.81875 0.4140625 0.009375 0.0109375
1 0.8046875 0.4328125 0.0234375 0.0640625
0 0.80625 0.409375 0.009375 0.009375
1 0.8125 0.471875 0.0265625 0.0703125
0 0.8140625 0.45 0.009375 0.0109375
1 0.7875 0.453125 0.028125 0.0734375
0 0.7875 0.4234375 0.009375 0.0109375
1 0.8109375 0.45625 0.01875 0.0515625
0 0.8140625 0.4375 0.00625 0.009375
1 0.7703125 0.471875 0.0203125 0.0578125
0 0.7734375 0.45 0.009375 0.009375
1 0.7796875 0.44375 0.0203125 0.0640625
0 0.78125 0.41875 0.009375 0.0109375
1 0.7671875 0.4609375 0.0265625 0.0796875
0 0.765625 0.434375 0.009375 0.0109375
1 0.759375 0.440625 0.0234375 0.0703125
0 0.759375 0.4125 0.009375 0.009375
1 0.7328125 0.434375 0.0265625 0.0578125
0 0.728125 0.4125 0.009375 0.009375
1 0.7171875 0.459375 0.0234375 0.0609375
0 0.715625 0.4359375 0.0140625 0.009375
1 0.6703125 0.459375 0.028125 0.0609375
0 0.6734375 0.4375 0.009375 0.009375
1 0.665625 0.45625 0.028125 0.0671875
0 0.6640625 0.421875 0.00625 0.0078125
1 0.646875 0.453125 0.0203125 0.0703125
0 0.6453125 0.4265625 0.009375 0.009375
1 0.634375 0.446875 0.0203125 0.0578125
0 0.6375 0.425 0.009375 0.009375
1 0.665625 0.428125 0.0265625 0.0578125
0 0.6625 0.4078125 0.00625 0.009375
1 0.6703125 0.4515625 0.0234375 0.0625
0 0.6734375 0.425 0.00625 0.009375