1 0.0078125 0.4046875 0.0109375 0.0390625
0 0.00234375 0.38828125 0.0046875 0.0078125
1 0.0171875 0.421875 0.0234375 0.0453125
0 0.0140625 0.4015625 0.0046875 0.00625
1 0.0609375 0.4390625 0.0203125 0.0484375
0 0.059375 0.421875 0.0046875 0.0078125
1 0.071875 0.459375 0.028125 0.0515625
0 0.065625 0.4375 0.0046875 0.00625
1 0.0890625 0.396875 0.0140625 0.0375
0 0.0890625 0.384375 0.0046875 0.0046875
1 0.1796875 0.45 0.028125 0.059375
0 0.178125 0.4234375 0.0046875 0.00625
1 0.153125 0.484375 0.0328125 0.0609375
0 0.1484375 0.459375 0.009375 0.009375
1 0.2796875 0.415625 0.0140625 0.0390625
0 0.28125 0.4 0.0046875 0.0046875
1 0.2640625 0.484375 0.0203125 0.0609375
0 0.265625 0.459375 0.00625 0.009375
1 0.278125 0.475 0.0234375 0.05625
0 0.2765625 0.4546875 0.00625 0.0078125
1 0.290625 0.51875 0.0265625 0.0796875
0 0.2875 0.4859375 0.009375 0.009375
1 0.290625 0.6125 0.0328125 0.0984375
0 0.2859375 0.575 0.0140625 0.015625
1 0.4171875 0.4890625 0.0265625 0.0578125
0 0.4171875 0.4671875 0.0046875 0.009375
1 0.434375 0.4796875 0.0234375 0.059375
0 0.4328125 0.45625 0.009375 0.009375
1 0.4484375 0.5078125 0.03125 0.0703125
0 0.4515625 0.4796875 0.00625 0.009375
1 0.45625 0.4734375 0.015625 0.05
0 0.453125 0.4546875 0.00625 0.0078125
1 0.4609375 0.484375 0.0203125 0.065625
0 0.4625 0.45625 0.00625 0.009375
1 0.440625 0.415625 0.0140625 0.0359375
0 0.4421875 0.40625 0.0046875 0.003125
1 0.5546875 0.5203125 0.0359375 0.084375
0 0.5578125 0.4859375 0.009375 0.009375
1 0.5453125 0.5890625 0.05 0.090625
0 0.5421875 0.553125 0.0140625 0.0140625
1 0.5953125 0.5375 0.028125 0.0796875
0 0.6 0.50625 0.009375 0.009375
1 0.6015625 0.515625 0.03125 0.0734375
0 0.6015625 0.4859375 0.009375 0.009375
1 0.625 0.5265625 0.0328125 0.0703125
0 0.625 0.5 0.009375 0.009375
1 0.6484375 0.5515625 0.0421875 0.0859375
0 0.65 0.5140625 0.009375 0.009375
1 0.69375 0.6015625 0.0375 0.09375
0 0.6984375 0.5640625 0.0109375 0.015625
1 0.728125 0.6 0.0421875 0.1
0 0.7328125 0.5578125 0.0140625 0.015625
1 0.7234375 0.58125 0.0421875 0.0921875
0 0.73125 0.54375 0.0140625 0.0140625
1 0.83125 0.571875 0.0515625 0.1
0 0.8484375 0.53125 0.0140625 0.015625
1 0.8625 0.534375 0.0421875 0.0640625
0 0.8734375 0.5125 0.009375 0.0109375
1 0.9296875 0.5734375 0.0375 0.084375
0 0.9375 0.5390625 0.0140625 0.0140625
1 0.9125 0.6015625 0.01875 0.0453125
0 0.9125 0.584375 0.009375 0.009375
1 0.88125 0.590625 0.0328125 0.065625
0 0.8765625 0.5671875 0.0140625 0.0140625
1 0.8578125 0.6109375 0.0484375 0.09375
0 0.85625 0.575 0.0109375 0.015625
1 0.9078125 0.7203125 0.0453125 0.1125
0 0.90625 0.6765625 0.0203125 0.0234375
1 0.9640625 0.6859375 0.065625 0.121875
0 0.984375 0.6421875 0.0203125 0.01875
1 0.309375 0.596875 0.0328125 0.065625
0 0.30625 0.5765625 0.0109375 0.015625