1 0.1859375 0.6109375 0.25625 0.4328125
0 0.19375 0.384375 0.084375 0.1078125
1 0.396875 0.5671875 0.0625 0.3203125
0 0.403125 0.4328125 0.04375 0.04375
1 0.4328125 0.559375 0.078125 0.30625
0 0.4421875 0.43125 0.0359375 0.0390625
1 0.540625 0.5484375 0.0890625 0.3140625
0 0.5453125 0.4171875 0.04375 0.04375
1 0.5734375 0.5609375 0.1671875 0.4078125
0 0.596875 0.3875 0.0515625 0.0578125
1 0.68125 0.55 0.1359375 0.375
0 0.703125 0.3921875 0.04375 0.0546875
1 0.7765625 0.578125 0.328125 0.5
0 0.7609375 0.359375 0.0703125 0.0859375