1 0.7265625 0.5171875 0.225 0.5734375
0 0.7265625 0.278125 0.065625 0.084375
1 0.296875 0.5453125 0.078125 0.140625
0 0.2921875 0.5015625 0.015625 0.015625
1 0.1515625 0.5203125 0.0671875 0.2015625
0 0.15625 0.4390625 0.0234375 0.0296875
1 0.1421875 0.49375 0.053125 0.1390625
0 0.14375 0.4375 0.015625 0.0171875
1 0.0953125 0.503125 0.040625 0.1203125
0 0.1 0.45625 0.0125 0.0140625
1 0.0546875 0.48125 0.0515625 0.13125
0 0.0578125 0.4328125 0.021875 0.0296875
1 0.040625 0.48125 0.0515625 0.11875
0 0.0453125 0.4328125 0.0140625 0.015625
1 0.615625 0.5015625 0.0421875 0.0890625
0 0.61875 0.4828125 0.0171875 0.015625