1 0.090625 0.6 0.0328125 0.0765625
0 0.0953125 0.5671875 0.009375 0.009375
1 0.11875 0.6 0.0328125 0.0859375
0 0.1203125 0.5640625 0.009375 0.0109375
1 0.14375 0.6015625 0.0265625 0.0703125
0 0.1453125 0.571875 0.0078125 0.009375
1 0.2171875 0.596875 0.01875 0.0546875
0 0.21875 0.575 0.00625 0.0078125
1 0.2484375 0.609375 0.028125 0.0734375
0 0.2484375 0.578125 0.009375 0.0109375
1 0.2984375 0.603125 0.021875 0.0484375
0 0.296875 0.5828125 0.0046875 0.0046875
1 0.328125 0.603125 0.01875 0.05625
0 0.328125 0.58125 0.00625 0.0078125
1 0.3515625 0.6046875 0.015625 0.040625
0 0.353125 0.5890625 0.0046875 0.0046875
1 0.375 0.6046875 0.0140625 0.0453125
0 0.378125 0.5875 0.0046875 0.00625
1 0.3796875 0.6078125 0.021875 0.05
0 0.384375 0.5875 0.0046875 0.00625
1 0.428125 0.6078125 0.015625 0.03125
0 0.425 0.5953125 0.003125 0.0046875
1 0.5015625 0.6046875 0.009375 0.0296875
0 0.503125 0.59375 0.003125 0.003125
1 0.553125 0.625 0.021875 0.06875
0 0.553125 0.596875 0.0078125 0.009375
1 0.690625 0.6421875 0.04375 0.096875
0 0.6984375 0.603125 0.0140625 0.0125
1 0.6921875 0.621875 0.021875 0.06875
0 0.696875 0.59375 0.0078125 0.0078125
1 0.7125 0.6265625 0.01875 0.065625
0 0.7125 0.6 0.0078125 0.0078125
1 0.725 0.625 0.0203125 0.06875
0 0.725 0.5953125 0.009375 0.009375
1 0.740625 0.6171875 0.015625 0.05
0 0.740625 0.5984375 0.0046875 0.00625
1 0.759375 0.6140625 0.0140625 0.05
0 0.7609375 0.5953125 0.00625 0.00625
1 0.771875 0.6234375 0.021875 0.0625
0 0.7703125 0.5984375 0.00625 0.00625
1 0.7984375 0.63125 0.0296875 0.06875
0 0.8 0.6015625 0.00625 0.00625
1 0.796875 0.6234375 0.0203125 0.059375
0 0.7953125 0.6 0.00625 0.0078125
1 0.8359375 0.61875 0.021875 0.059375
0 0.8375 0.59375 0.0078125 0.0078125
1 0.865625 0.615625 0.021875 0.065625
0 0.865625 0.590625 0.0078125 0.009375