1 0.459375 0.7015625 0.0203125 0.06875
0 0.4609375 0.675 0.00625 0.009375
1 0.4703125 0.703125 0.01875 0.0765625
0 0.4703125 0.671875 0.009375 0.009375
1 0.48125 0.7046875 0.0234375 0.075
0 0.48125 0.675 0.009375 0.0125
1 0.4953125 0.7046875 0.0234375 0.06875
0 0.49375 0.675 0.0078125 0.0078125
1 0.5328125 0.6984375 0.034375 0.0875
0 0.525 0.6640625 0.0140625 0.0140625
1 0.5484375 0.7 0.034375 0.09375
0 0.5453125 0.6609375 0.009375 0.0125
1 0.565625 0.7 0.0375 0.09375
0 0.5625 0.6625 0.0125 0.0125
1 0.5890625 0.7 0.0296875 0.05625
0 0.5859375 0.6765625 0.0078125 0.0078125
1 0.6609375 0.6953125 0.0234375 0.05625
0 0.6625 0.6734375 0.009375 0.009375
1 0.684375 0.6859375 0.059375 0.14375
0 0.6796875 0.6265625 0.0140625 0.01875
1 0.71875 0.690625 0.0484375 0.14375
0 0.7078125 0.63125 0.0171875 0.01875
1 0.7234375 0.6859375 0.05625 0.140625
0 0.715625 0.628125 0.015625 0.0171875
1 0.7453125 0.68125 0.015625 0.04375
0 0.7453125 0.665625 0.0046875 0.00625
1 0.75625 0.68125 0.0171875 0.0453125
0 0.75625 0.6640625 0.0078125 0.0078125
1 0.7796875 0.6859375 0.0421875 0.06875
0 0.775 0.6578125 0.009375 0.009375
1 0.78125 0.684375 0.03125 0.071875
0 0.775 0.6578125 0.009375 0.009375
1 0.803125 0.6734375 0.0203125 0.05625
0 0.8015625 0.653125 0.0078125 0.009375
1 0.8625 0.678125 0.078125 0.1609375
0 0.8484375 0.609375 0.01875 0.01875
1 0.903125 0.6671875 0.01875 0.040625
0 0.8984375 0.6515625 0.0046875 0.0046875
1 0.9328125 0.5984375 0.1265625 0.35625
0 0.921875 0.453125 0.05625 0.05625