1 0.903125 0.559375 0.1875 0.6109375
0 0.9609375 0.228125 0.0734375 0.1953125
1 0.9328125 0.396875 0.1265625 0.4203125
0 0.940625 0.2171875 0.040625 0.05
1 0.8828125 0.3125 0.1046875 0.2953125
0 0.896875 0.1921875 0.0296875 0.0375
1 0.8296875 0.2671875 0.0546875 0.1859375
0 0.81875 0.190625 0.0203125 0.0265625
1 0.8171875 0.2609375 0.0453125 0.19375
0 0.8140625 0.1765625 0.0203125 0.0234375
1 0.7703125 0.2375 0.06875 0.2171875
0 0.765625 0.146875 0.025 0.0328125
1 0.7640625 0.3953125 0.1625 0.3640625
0 0.7515625 0.24375 0.0421875 0.0578125
1 0.634375 0.453125 0.153125 0.4703125
0 0.6203125 0.25625 0.05 0.0640625
1 0.6203125 0.253125 0.0421875 0.1640625
0 0.6171875 0.184375 0.0203125 0.021875
1 0.5921875 0.246875 0.0390625 0.16875
0 0.5875 0.1796875 0.0171875 0.0234375
1 0.5921875 0.2609375 0.0703125 0.1984375
0 0.5984375 0.1796875 0.021875 0.0265625
1 0.559375 0.290625 0.065625 0.2328125
0 0.5578125 0.1953125 0.028125 0.0359375
1 0.525 0.2625 0.0484375 0.1671875
0 0.53125 0.196875 0.028125 0.03125
1 0.5234375 0.21875 0.04375 0.11875
0 0.525 0.16875 0.015625 0.0171875
1 0.453125 0.2515625 0.05 0.1703125
0 0.459375 0.1828125 0.0203125 0.025
1 0.4859375 0.4578125 0.278125 0.6546875
0 0.490625 0.1625 0.065625 0.0625
1 0.390625 0.3734375 0.1328125 0.3296875
0 0.4046875 0.2375 0.0375 0.0484375
1 0.325 0.2546875 0.05 0.1515625
0 0.3296875 0.1953125 0.0171875 0.025
1 0.2796875 0.4890625 0.175 0.453125
0 0.2671875 0.3078125 0.0578125 0.065625
1 0.2640625 0.440625 0.1953125 0.453125
0 0.25625 0.2578125 0.059375 0.0765625
1 0.2484375 0.234375 0.0671875 0.1609375
0 0.2546875 0.171875 0.0203125 0.028125
1 0.2265625 0.25625 0.0484375 0.1484375
0 0.21875 0.19375 0.0203125 0.021875
1 0.2140625 0.2578125 0.028125 0.109375
0 0.2140625 0.2578125 0.028125 0.109375
1 0.19375 0.2515625 0.0359375 0.1109375
0 0.2 0.2078125 0.0171875 0.01875
1 0.2046875 0.4046875 0.1015625 0.3640625
0 0.190625 0.253125 0.0375 0.05
1 0.128125 0.4671875 0.1828125 0.403125
0 0.1453125 0.3 0.05 0.0578125
1 0.1171875 0.44375 0.1296875 0.40625
0 0.1328125 0.278125 0.0421875 0.0515625
1 0.1578125 0.2453125 0.0515625 0.15
0 0.15 0.1828125 0.015625 0.01875
1 0.1296875 0.2765625 0.053125 0.1703125
0 0.1359375 0.20625 0.0171875 0.01875
1 0.1109375 0.2484375 0.0375 0.134375
0 0.1046875 0.19375 0.015625 0.01875
1 0.015625 0.253125 0.028125 0.1390625
0 0.00625 0.196875 0.0109375 0.0203125
1 0.0515625 0.275 0.0625 0.2015625
0 0.053125 0.1921875 0.025 0.028125
1 0.0453125 0.446875 0.0875 0.3859375
0 0.015625 0.2953125 0.0296875 0.0640625
1 0.5796875 0.46875 0.175 0.4421875
0 0.5625 0.275 0.0453125 0.0453125