1 0.03125 0.5859375 0.0578125 0.3203125
0 0.0125 0.4640625 0.0203125 0.0640625
1 0.04375 0.7046875 0.084375 0.1453125
0 0.015625 0.678125 0.0265625 0.0578125
1 0.2046875 0.596875 0.1125 0.3265625
0 0.2078125 0.4625 0.0375 0.0484375
1 0.2640625 0.56875 0.09375 0.2578125
0 0.26875 0.4640625 0.028125 0.0375
1 0.3765625 0.553125 0.0765625 0.184375
0 0.3703125 0.4734375 0.0234375 0.0234375
1 0.440625 0.55625 0.06875 0.1828125
0 0.4375 0.484375 0.0234375 0.025
1 0.2625 0.6734375 0.103125 0.20625
0 0.25 0.60625 0.053125 0.0640625
1 0.2265625 0.6671875 0.0875 0.21875
0 0.23125 0.5875 0.0375 0.0453125
1 0.3203125 0.6078125 0.13125 0.3390625
0 0.3453125 0.4609375 0.0375 0.0390625
1 0.4734375 0.634375 0.196875 0.284375
0 0.45625 0.5328125 0.05 0.0671875
1 0.603125 0.525 0.05625 0.140625
0 0.6015625 0.465625 0.0140625 0.01875
1 0.6328125 0.5234375 0.0375 0.1171875
0 0.6296875 0.4765625 0.0140625 0.015625
1 0.690625 0.609375 0.13125 0.2875
0 0.6875 0.4953125 0.0328125 0.0375
1 0.778125 0.6203125 0.196875 0.3140625
0 0.746875 0.5078125 0.0546875 0.05625
1 0.790625 0.5265625 0.0453125 0.121875
0 0.7890625 0.475 0.009375 0.0109375
1 0.0765625 0.6125 0.05 0.0984375
0 0.08125 0.578125 0.0140625 0.0140625