1 0.065625 0.50625 0.0671875 0.1171875
0 0.0734375 0.465625 0.028125 0.028125
1 0.05625 0.5953125 0.1046875 0.234375
0 0.059375 0.50625 0.0390625 0.053125
1 0.10625 0.5421875 0.075 0.1453125
0 0.096875 0.4921875 0.0359375 0.034375
1 0.140625 0.6828125 0.16875 0.3234375
0 0.1375 0.5609375 0.0640625 0.0703125
1 0.1671875 0.690625 0.2640625 0.309375
0 0.16875 0.590625 0.0765625 0.1
1 0.146875 0.5109375 0.0640625 0.1046875
0 0.1421875 0.46875 0.021875 0.028125
1 0.1484375 0.503125 0.0515625 0.1
0 0.1515625 0.4625 0.0171875 0.0203125
1 0.2015625 0.5 0.0640625 0.0921875
0 0.1890625 0.4671875 0.021875 0.0171875
1 0.2109375 0.4984375 0.04375 0.1046875
0 0.2171875 0.4578125 0.0171875 0.015625
1 0.259375 0.515625 0.0515625 0.103125
0 0.253125 0.478125 0.0140625 0.015625
1 0.29375 0.49375 0.04375 0.0828125
0 0.296875 0.4640625 0.0171875 0.0203125
1 0.325 0.6109375 0.1546875 0.2265625
0 0.3140625 0.53125 0.0390625 0.053125
1 0.3515625 0.56875 0.09375 0.159375
0 0.35 0.509375 0.0296875 0.0328125
1 0.41875 0.5625 0.08125 0.159375
0 0.4390625 0.5015625 0.0296875 0.0328125
1 0.49375 0.528125 0.034375 0.125
0 0.496875 0.478125 0.0171875 0.0171875
1 0.55 0.503125 0.05 0.15
0 0.5546875 0.4421875 0.0171875 0.0203125
1 0.596875 0.4609375 0.021875 0.0671875
0 0.6015625 0.4359375 0.009375 0.0078125
1 0.6234375 0.459375 0.0265625 0.0703125
0 0.6296875 0.43125 0.009375 0.0109375
1 0.634375 0.4984375 0.0515625 0.1296875
0 0.6375 0.446875 0.0140625 0.0203125
1 0.6640625 0.5140625 0.0921875 0.1796875
0 0.659375 0.440625 0.021875 0.025
1 0.7015625 0.5015625 0.059375 0.134375
0 0.690625 0.44375 0.0140625 0.0171875
1 0.721875 0.4671875 0.0296875 0.0703125
0 0.7265625 0.4390625 0.009375 0.0078125
1 0.7546875 0.4984375 0.0515625 0.1203125
0 0.75 0.453125 0.0140625 0.0171875
1 0.8 0.465625 0.021875 0.065625
0 0.8 0.4390625 0.009375 0.0109375
1 0.8359375 0.528125 0.05625 0.196875
0 0.8390625 0.4484375 0.025 0.028125
1 0.8359375 0.5765625 0.0421875 0.1046875
0 0.834375 0.540625 0.021875 0.025
1 0.8078125 0.5578125 0.0390625 0.1375
0 0.8109375 0.503125 0.021875 0.0234375
1 0.8890625 0.53125 0.0796875 0.184375
0 0.884375 0.4515625 0.021875 0.0234375
1 0.9375 0.5390625 0.0640625 0.1796875
0 0.9375 0.465625 0.0296875 0.028125
1 0.978125 0.525 0.0359375 0.196875
0 0.9921875 0.44375 0.0078125 0.025
1 0.9828125 0.4953125 0.028125 0.1390625
0 0.9921875 0.4421875 0.0078125 0.0203125