1 0.0875 0.49375 0.10625 0.40625
0 0.0890625 0.321875 0.0515625 0.0578125
1 0.128125 0.4953125 0.2375 0.5
0 0.171875 0.2859375 0.053125 0.06875
1 0.1890625 0.675 0.1640625 0.3578125
0 0.190625 0.53125 0.053125 0.0546875
1 0.2671875 0.4875 0.1109375 0.4484375
0 0.2734375 0.3015625 0.046875 0.065625
1 0.346875 0.5234375 0.2375 0.6515625
0 0.3359375 0.2421875 0.0578125 0.0828125
1 0.55625 0.6546875 0.265625 0.4125
0 0.5734375 0.490625 0.0703125 0.0765625
1 0.6140625 0.5046875 0.178125 0.553125
0 0.6296875 0.2734375 0.0578125 0.0765625
1 0.778125 0.5171875 0.253125 0.66875
0 0.725 0.23125 0.078125 0.0921875