1 0.07734375 0.44609375 0.1546875 0.4171875
0 0.1046875 0.271875 0.0515625 0.0578125
1 0.259375 0.4375 0.121875 0.2984375
0 0.275 0.315625 0.0375 0.040625
1 0.3671875 0.4453125 0.109375 0.30625
0 0.3828125 0.31875 0.0375 0.04375
1 0.3828125 0.4140625 0.075 0.3
0 0.403125 0.2890625 0.034375 0.04375
1 0.48125 0.51875 0.215625 0.40625
0 0.5046875 0.3453125 0.0484375 0.053125
1 0.5828125 0.515625 0.1296875 0.403125
0 0.55 0.353125 0.0515625 0.0703125
1 0.6078125 0.4578125 0.0890625 0.3328125
0 0.5984375 0.321875 0.040625 0.0484375
1 0.7171875 0.5046875 0.1359375 0.4296875
0 0.7453125 0.3265625 0.053125 0.0640625
1 0.7734375 0.5546875 0.2 0.51875
0 0.815625 0.334375 0.065625 0.075
1 0.771875 0.5203125 0.1375 0.45
0 0.790625 0.328125 0.0484375 0.053125
1 0.9421875 0.5328125 0.10625 0.4046875
0 0.984375 0.365625 0.021875 0.0546875
1 0.8796875 0.434375 0.065625 0.215625
0 0.8890625 0.3453125 0.0296875 0.03125
1 0.9234375 0.48125 0.1203125 0.34375
0 0.9359375 0.3359375 0.040625 0.046875
1 0.975 0.4484375 0.0421875 0.2796875
0 0.9828125 0.3328125 0.025 0.0453125
1 0.9640625 0.4203125 0.053125 0.2421875
0 0.9703125 0.31875 0.025 0.03125