1 0.546875 0.5875 0.29375 0.609375
0 0.565625 0.353125 0.0875 0.10625
1 0.6109375 0.5578125 0.2125 0.6234375
0 0.6203125 0.303125 0.065625 0.09375
1 0.9484375 0.3765625 0.1 0.253125
0 0.946875 0.271875 0.0328125 0.0328125
1 0.8703125 0.3765625 0.0765625 0.228125
0 0.8796875 0.28125 0.025 0.0234375
1 0.8265625 0.38125 0.0734375 0.2
0 0.834375 0.3015625 0.0203125 0.021875
1 0.81875 0.3546875 0.0703125 0.1796875
0 0.821875 0.2828125 0.021875 0.0265625
1 0.38125 0.3921875 0.1125 0.2296875
0 0.396875 0.2953125 0.0234375 0.025
1 0.053125 0.44375 0.103125 0.2953125
0 0.0484375 0.3234375 0.0296875 0.0359375
1 0.096875 0.3953125 0.0734375 0.175
0 0.09375 0.3265625 0.0203125 0.0234375
1 0.178125 0.3625 0.0484375 0.1296875
0 0.1796875 0.315625 0.0140625 0.0171875