1 0.0765625 0.5984375 0.1515625 0.3234375
0 0.0390625 0.390625 0.0734375 0.0828125
1 0.14375 0.43125 0.0359375 0.1140625
0 0.1453125 0.3828125 0.015625 0.01875
1 0.18125 0.421875 0.0375 0.1046875
0 0.1828125 0.3828125 0.0140625 0.0140625
1 0.2171875 0.428125 0.0640625 0.175
0 0.221875 0.35625 0.025 0.028125
1 0.2609375 0.4265625 0.05 0.16875
0 0.2640625 0.35625 0.0203125 0.0234375
1 0.25625 0.4234375 0.0578125 0.1578125
0 0.2625 0.3578125 0.021875 0.0234375
1 0.2875 0.434375 0.0546875 0.165625
0 0.2796875 0.3640625 0.025 0.028125
1 0.3171875 0.4265625 0.04375 0.1375
0 0.3328125 0.3703125 0.021875 0.021875
1 0.33125 0.4359375 0.0546875 0.153125
0 0.33125 0.371875 0.0203125 0.021875
1 0.3515625 0.4578125 0.071875 0.2171875
0 0.3484375 0.365625 0.025 0.0265625
1 0.3859375 0.459375 0.0734375 0.225
0 0.39375 0.3765625 0.025 0.025
1 0.3984375 0.5296875 0.0703125 0.1546875
0 0.39375 0.4734375 0.0265625 0.028125
1 0.4 0.4515625 0.05625 0.1921875
0 0.3921875 0.375 0.01875 0.021875
1 0.4328125 0.4609375 0.0640625 0.2328125
0 0.434375 0.365625 0.0265625 0.0359375
1 0.496875 0.496875 0.0953125 0.315625
0 0.5 0.3640625 0.0390625 0.04375
1 0.5796875 0.4640625 0.11875 0.2734375
0 0.5703125 0.353125 0.028125 0.0328125
1 0.6015625 0.4796875 0.0859375 0.24375
0 0.5890625 0.3734375 0.0265625 0.028125
1 0.534375 0.3984375 0.0375 0.115625
0 0.5375 0.35 0.015625 0.015625
1 0.6390625 0.41875 0.04375 0.11875
0 0.640625 0.3703125 0.015625 0.01875
1 0.690625 0.4515625 0.0640625 0.2046875
0 0.690625 0.3640625 0.0171875 0.0234375
1 0.6671875 0.403125 0.034375 0.1015625
0 0.6703125 0.3640625 0.0140625 0.0140625
1 0.73125 0.4484375 0.0703125 0.2390625
0 0.740625 0.3421875 0.025 0.028125
1 0.746875 0.446875 0.0625 0.2125
0 0.7546875 0.3578125 0.0234375 0.028125
1 0.8046875 0.4625 0.0796875 0.246875
0 0.809375 0.3578125 0.0328125 0.0328125
1 0.8453125 0.4671875 0.0703125 0.19375
0 0.846875 0.3875 0.025 0.025
1 0.8625 0.4921875 0.109375 0.2515625
0 0.8875 0.3890625 0.0390625 0.0421875
1 0.9125 0.509375 0.1453125 0.290625
0 0.890625 0.3890625 0.034375 0.040625
1 0.9671875 0.4515625 0.0625 0.140625
0 0.9828125 0.390625 0.015625 0.015625
1 0.821875 0.428125 0.0578125 0.196875
0 0.834375 0.346875 0.025 0.028125