1 0.784375 0.6796875 0.1109375 0.290625
0 0.7953125 0.5640625 0.0375 0.0515625
1 0.6984375 0.653125 0.0796875 0.2140625
0 0.7 0.5703125 0.0234375 0.0234375
1 0.6109375 0.65 0.075 0.20625
0 0.6109375 0.5703125 0.0203125 0.034375
1 0.7046875 0.5890625 0.0625 0.16875
0 0.709375 0.51875 0.01875 0.021875
1 0.5875 0.5953125 0.0515625 0.14375
0 0.5875 0.540625 0.015625 0.0203125
1 0.6015625 0.5546875 0.0390625 0.1109375
0 0.6015625 0.5078125 0.0125 0.0125
1 0.5296875 0.5328125 0.034375 0.084375
0 0.5328125 0.5 0.009375 0.0125
1 0.5078125 0.5265625 0.0265625 0.0703125
0 0.509375 0.5 0.0078125 0.009375
1 0.53125 0.525 0.0234375 0.071875
0 0.5359375 0.4953125 0.0078125 0.0078125
1 0.4734375 0.5484375 0.034375 0.08125
0 0.471875 0.515625 0.009375 0.0125
1 0.4421875 0.5421875 0.03125 0.0875
0 0.44375 0.50625 0.009375 0.0140625
1 0.3453125 0.5171875 0.0171875 0.053125
0 0.346875 0.4953125 0.0046875 0.0078125
1 0.3265625 0.525 0.015625 0.046875
0 0.3265625 0.50625 0.0046875 0.0078125
1 0.3125 0.5046875 0.0171875 0.04375
0 0.3140625 0.4875 0.0046875 0.0078125
1 0.2796875 0.5125 0.0171875 0.04375
0 0.28125 0.4953125 0.0046875 0.0078125
1 0.290625 0.5046875 0.0125 0.0390625
0 0.2921875 0.4890625 0.0046875 0.00625
1 0.278125 0.5078125 0.015625 0.0453125
0 0.2796875 0.4890625 0.003125 0.00625
1 0.275 0.503125 0.0125 0.0390625
0 0.2765625 0.4875 0.0046875 0.00625
1 0.2453125 0.4921875 0.0125 0.034375
0 0.2453125 0.478125 0.003125 0.0046875
1 0.2265625 0.4828125 0.0140625 0.0375
0 0.2265625 0.465625 0.0046875 0.0046875
1 0.171875 0.4765625 0.0109375 0.03125
0 0.171875 0.4640625 0.003125 0.003125
1 0.1421875 0.48125 0.009375 0.0234375
0 0.140625 0.471875 0.0015625 0.003125
1 0.10625 0.484375 0.0078125 0.0203125
0 0.10625 0.478125 0.0015625 0.003125