1 0.2375 0.603125 0.1765625 0.4859375
0 0.2109375 0.4015625 0.0609375 0.075
1 0.4046875 0.5125 0.078125 0.2
0 0.4 0.434375 0.0265625 0.0328125
1 0.425 0.44375 0.0140625 0.0390625
0 0.428125 0.4296875 0.003125 0.003125
1 0.4453125 0.4625 0.028125 0.0671875
0 0.4453125 0.434375 0.0078125 0.009375
1 0.459375 0.4546875 0.0171875 0.075
0 0.4578125 0.4234375 0.0078125 0.0109375
1 0.471875 0.459375 0.028125 0.0734375
0 0.471875 0.4296875 0.0078125 0.009375
1 0.4859375 0.478125 0.0421875 0.109375
0 0.4796875 0.4328125 0.0109375 0.015625
1 0.50625 0.4875 0.05625 0.1328125
0 0.503125 0.4328125 0.0171875 0.0203125
1 0.4984375 0.453125 0.0359375 0.0734375
0 0.496875 0.4234375 0.0125 0.0140625
1 0.5140625 0.4625 0.0421875 0.08125
0 0.509375 0.43125 0.0078125 0.0109375
1 0.5296875 0.453125 0.025 0.0546875
0 0.5296875 0.4296875 0.00625 0.00625
1 0.5390625 0.440625 0.0140625 0.025
0 0.5421875 0.43125 0.003125 0.003125
1 0.565625 0.4375 0.009375 0.0203125
0 0.5671875 0.4296875 0.0015625 0.0015625
1 0.58125 0.465625 0.0328125 0.0921875
0 0.5796875 0.428125 0.009375 0.0125
1 0.615625 0.4375 0.0109375 0.025
0 0.615625 0.428125 0.0015625 0.0015625
1 0.628125 0.4328125 0.00625 0.0140625
0 0.628125 0.428125 0.0015625 0.0015625
1 0.653125 0.5046875 0.075 0.19375
0 0.653125 0.425 0.0234375 0.028125
1 0.6875 0.4359375 0.009375 0.0234375
0 0.6875 0.428125 0.003125 0.003125
1 0.684375 0.4296875 0.009375 0.021875
0 0.684375 0.421875 0.0015625 0.0015625
1 0.6703125 0.440625 0.0109375 0.0296875
0 0.6703125 0.428125 0.003125 0.0046875
1 0.696875 0.434375 0.0078125 0.021875
0 0.696875 0.4265625 0.0015625 0.0015625
1 0.709375 0.44375 0.0140625 0.040625
0 0.709375 0.428125 0.0046875 0.0046875
1 0.70625 0.4421875 0.0171875 0.0421875
0 0.709375 0.4234375 0.003125 0.0046875
1 0.71875 0.43125 0.0109375 0.0265625
0 0.71875 0.421875 0.003125 0.003125
1 0.740625 0.515625 0.08125 0.1890625
0 0.740625 0.4359375 0.0171875 0.0265625
1 0.7703125 0.4375 0.015625 0.0375
0 0.7703125 0.421875 0.0046875 0.003125
1 0.7859375 0.43125 0.0140625 0.028125
0 0.7859375 0.421875 0.003125 0.003125
1 0.621875 0.43125 0.00625 0.01875
0 0.621875 0.425 0.0015625 0.0015625
1 0.8265625 0.4359375 0.0140625 0.0328125
0 0.825 0.4234375 0.003125 0.003125
1 0.853125 0.45625 0.0296875 0.075
0 0.8578125 0.425 0.0078125 0.0109375
1 0.88125 0.44375 0.021875 0.0546875
0 0.884375 0.421875 0.00625 0.00625
1 0.8921875 0.4421875 0.015625 0.05
0 0.89375 0.421875 0.0046875 0.00625
1 0.9 0.4375 0.015625 0.0453125
0 0.9 0.41875 0.0046875 0.00625
1 0.909375 0.440625 0.0203125 0.05
0 0.9078125 0.4203125 0.0046875 0.0046875
1 0.9125 0.453125 0.03125 0.0640625
0 0.915625 0.428125 0.00625 0.0078125
1 0.921875 0.45 0.0265625 0.071875
0 0.9234375 0.4203125 0.00625 0.0078125
1 0.9359375 0.4515625 0.028125 0.0671875
0 0.934375 0.425 0.0078125 0.009375
1 0.9421875 0.496875 0.09375 0.1515625
0 0.9515625 0.43125 0.021875 0.01875
1 0.8671875 0.4421875 0.01875 0.05625
0 0.86875 0.4203125 0.0078125 0.0078125