1 0.45625 0.5609375 0.246875 0.43125
0 0.38125 0.4015625 0.0765625 0.1
1 0.3453125 0.5625 0.103125 0.2828125
0 0.340625 0.45 0.046875 0.0515625
1 0.3390625 0.5625 0.15 0.278125
0 0.340625 0.4515625 0.0453125 0.053125
1 0.5578125 0.478125 0.071875 0.2140625
0 0.5546875 0.384375 0.0234375 0.0234375
1 0.684375 0.4875 0.0796875 0.2203125
0 0.6875 0.3984375 0.0265625 0.03125
1 0.759375 0.4765625 0.0890625 0.2265625
0 0.75625 0.38125 0.028125 0.0296875
1 0.790625 0.4515625 0.0546875 0.165625
0 0.7890625 0.3796875 0.0140625 0.01875
1 0.8640625 0.4703125 0.059375 0.1984375
0 0.8625 0.3859375 0.028125 0.0328125
1 0.853125 0.459375 0.0578125 0.16875
0 0.85 0.3921875 0.01875 0.028125
1 0.871875 0.453125 0.0671875 0.190625
0 0.8640625 0.3765625 0.0234375 0.0328125
1 0.946875 0.471875 0.0953125 0.2453125
0 0.9375 0.3703125 0.028125 0.0375
1 0.4890625 0.365625 0.0234375 0.0703125
0 0.490625 0.3359375 0.009375 0.0078125
1 0.4703125 0.365625 0.0234375 0.0734375
0 0.4703125 0.3328125 0.009375 0.009375