1 0.2140625 0.5109375 0.1125 0.321875
0 0.225 0.3828125 0.0359375 0.0390625
1 0.25625 0.546875 0.109375 0.309375
0 0.284375 0.421875 0.0375 0.0515625
1 0.296875 0.5203125 0.090625 0.3
0 0.3046875 0.396875 0.0296875 0.0296875
1 0.3375 0.5515625 0.0984375 0.3125
0 0.3421875 0.421875 0.0375 0.0453125
1 0.3734375 0.55625 0.1140625 0.3234375
0 0.3921875 0.4203125 0.0328125 0.04375
1 0.36875 0.521875 0.103125 0.321875
0 0.375 0.3859375 0.0375 0.0421875
1 0.4375 0.5359375 0.0828125 0.3171875
0 0.4359375 0.4 0.034375 0.0421875
1 0.45 0.5640625 0.1 0.3046875
0 0.45625 0.434375 0.03125 0.0375
1 0.525 0.5640625 0.09375 0.3421875
0 0.5390625 0.421875 0.0390625 0.05
1 0.515625 0.5171875 0.0859375 0.278125
0 0.515625 0.4 0.0296875 0.034375
1 0.534375 0.5484375 0.1453125 0.3125
0 0.5671875 0.4171875 0.0375 0.046875
1 0.60625 0.575 0.115625 0.30625
0 0.61875 0.446875 0.034375 0.0453125
1 0.6453125 0.5515625 0.0875 0.3046875
0 0.6515625 0.425 0.034375 0.04375
1 0.7078125 0.590625 0.109375 0.3328125
0 0.7015625 0.45 0.0359375 0.04375
1 0.7 0.54375 0.0984375 0.2859375
0 0.69375 0.41875 0.0328125 0.0328125
1 0.7625 0.58125 0.1453125 0.3078125
0 0.74375 0.4515625 0.0359375 0.0421875