1 0.959375 0.521875 0.0765625 0.10625
0 0.978125 0.4828125 0.0203125 0.025
1 0.9765625 0.50625 0.0390625 0.103125
0 0.9828125 0.4640625 0.0140625 0.0140625
1 0.921875 0.50625 0.075 0.115625
0 0.928125 0.4640625 0.021875 0.0234375
1 0.9515625 0.4875 0.0421875 0.0796875
0 0.9484375 0.4671875 0.0140625 0.021875
1 0.9265625 0.471875 0.0390625 0.1015625
0 0.9171875 0.43125 0.009375 0.009375
1 0.9703125 0.4671875 0.021875 0.065625
0 0.975 0.4375 0.0078125 0.009375
1 0.9828125 0.465625 0.01875 0.0671875
0 0.9828125 0.4375 0.0078125 0.009375
1 0.8171875 0.478125 0.0484375 0.1296875
0 0.8203125 0.43125 0.0109375 0.0171875
1 0.79375 0.48125 0.0421875 0.1296875
0 0.7984375 0.428125 0.0140625 0.015625
1 0.76875 0.48125 0.0484375 0.1359375
0 0.7796875 0.4234375 0.015625 0.01875
1 0.74375 0.4734375 0.0453125 0.1296875
0 0.7453125 0.4171875 0.015625 0.0171875
1 0.7296875 0.4703125 0.0421875 0.115625
0 0.7375 0.41875 0.009375 0.009375
1 0.7 0.475 0.05 0.09375
0 0.7125 0.4375 0.009375 0.0140625
1 0.6875 0.453125 0.040625 0.0796875
0 0.696875 0.4203125 0.009375 0.009375
1 0.6265625 0.484375 0.05 0.134375
0 0.625 0.428125 0.0140625 0.015625
1 0.6078125 0.471875 0.040625 0.115625
0 0.60625 0.425 0.015625 0.015625
1 0.5703125 0.4453125 0.0140625 0.0453125
0 0.575 0.428125 0.0046875 0.00625
1 0.5390625 0.4875 0.0265625 0.0765625
0 0.54375 0.459375 0.0109375 0.0140625
1 0.515625 0.4765625 0.0328125 0.1015625
0 0.51875 0.4375 0.0140625 0.01875
1 0.490625 0.471875 0.028125 0.1015625
0 0.4921875 0.428125 0.009375 0.0109375
1 0.45625 0.475 0.040625 0.10625
0 0.45625 0.4328125 0.0109375 0.015625
1 0.3375 0.4984375 0.0921875 0.20625
0 0.3296875 0.4109375 0.0234375 0.025
1 0.3625 0.4703125 0.0453125 0.109375
0 0.359375 0.425 0.0109375 0.0109375
1 0.3828125 0.45625 0.028125 0.08125
0 0.3828125 0.4203125 0.009375 0.009375
1 0.278125 0.4671875 0.040625 0.1015625
0 0.2796875 0.425 0.0140625 0.015625
1 0.21875 0.4734375 0.1078125 0.240625
0 0.2296875 0.371875 0.0234375 0.028125
1 0.1796875 0.44375 0.021875 0.0640625
0 0.184375 0.4203125 0.00625 0.0078125
1 0.1515625 0.44375 0.021875 0.071875
0 0.153125 0.4140625 0.009375 0.009375
1 0.1265625 0.5140625 0.0875 0.2546875
0 0.1265625 0.4140625 0.028125 0.0375
1 0.0703125 0.5140625 0.1140625 0.3046875
0 0.0703125 0.3890625 0.0390625 0.0453125