1 0.0375 0.6453125 0.0734375 0.2296875
0 0.0296875 0.578125 0.05625 0.0765625
1 0.0375 0.66875 0.071875 0.18125
0 0.0359375 0.6328125 0.0421875 0.0609375
1 0.3328125 0.621875 0.2859375 0.2765625
0 0.2640625 0.478125 0.0671875 0.090625
1 0.4078125 0.65625 0.125 0.20625
0 0.428125 0.59375 0.0421875 0.053125
1 0.521875 0.659375 0.1171875 0.2015625
0 0.5296875 0.6140625 0.046875 0.05625
1 0.634375 0.68125 0.084375 0.15625
0 0.6390625 0.671875 0.0359375 0.04375
1 0.86875 0.6296875 0.184375 0.259375
0 0.8203125 0.515625 0.0625 0.071875
1 0.7703125 0.6734375 0.1015625 0.171875
0 0.7734375 0.640625 0.0328125 0.0421875