1 0.271875 0.6296875 0.1203125 0.2953125
0 0.275 0.509375 0.0328125 0.0421875
1 0.0703125 0.63125 0.1375 0.290625
0 0.0625 0.5234375 0.0546875 0.0515625
1 0.0859375 0.6421875 0.13125 0.26875
0 0.0859375 0.5421875 0.028125 0.046875
1 0.1109375 0.64375 0.0765625 0.26875
0 0.084375 0.5421875 0.0328125 0.046875
1 0.0390625 0.6515625 0.0734375 0.2515625
0 0.0421875 0.553125 0.0375 0.0375
1 0.1125 0.6265625 0.09375 0.2640625
0 0.1171875 0.5234375 0.028125 0.0359375
1 0.9 0.56875 0.01875 0.053125
0 0.8984375 0.546875 0.009375 0.009375
1 0.909375 0.5625 0.015625 0.0515625
0 0.90625 0.54375 0.00625 0.009375
1 0.9140625 0.5703125 0.015625 0.05625
0 0.9140625 0.5484375 0.00625 0.009375
1 0.9359375 0.5671875 0.0140625 0.0515625
0 0.9359375 0.546875 0.0046875 0.0078125
1 0.9421875 0.565625 0.0140625 0.0515625
0 0.9421875 0.5484375 0.00625 0.0078125
1 0.9625 0.56875 0.0140625 0.0578125
0 0.965625 0.546875 0.0046875 0.00625
1 0.975 0.5671875 0.009375 0.05
0 0.9734375 0.5484375 0.0046875 0.009375
1 0.9828125 0.5703125 0.01875 0.05
0 0.984375 0.5515625 0.00625 0.0078125