1 0.44375 0.6515625 0.121875 0.2546875
0 0.428125 0.565625 0.0515625 0.059375
1 0.38125 0.6375 0.1125 0.2828125
0 0.378125 0.528125 0.046875 0.05
1 0.496875 0.653125 0.08125 0.25
0 0.4890625 0.546875 0.028125 0.034375
1 0.559375 0.65625 0.0875 0.24375
0 0.5625 0.553125 0.0375 0.034375
1 0.365625 0.6546875 0.1 0.246875
0 0.353125 0.5515625 0.028125 0.0328125
1 0.6328125 0.6296875 0.196875 0.296875
0 0.671875 0.5125 0.05625 0.05625
1 0.7734375 0.65625 0.11875 0.2453125
0 0.7734375 0.5578125 0.04375 0.046875
1 0.8890625 0.6515625 0.1140625 0.2546875
0 0.8859375 0.5640625 0.053125 0.0609375
1 0.9375 0.63125 0.1203125 0.2953125
0 0 0.21875 0 0
1 0.8046875 0.6390625 0.06875 0.225
0 0.8015625 0.546875 0.025 0.03125
1 0.721875 0.6484375 0.0640625 0.2296875
0 0.7265625 0.5625 0.034375 0.034375
1 0.471875 0.6625 0.0734375 0.23125
0 0.471875 0.571875 0.03125 0.040625