1 0.375 0.71875 0.0515625 0.0578125
0 0.3734375 0.7234375 0.01875 0.021875
1 0.296875 0.7234375 0.04375 0.046875
0 0.2984375 0.7375 0.021875 0.0203125
1 0.2828125 0.671875 0.0609375 0.1421875
0 0.275 0.6125 0.01875 0.021875
1 0.24375 0.696875 0.05 0.1015625
0 0.2375 0.659375 0.01875 0.0234375
1 0.196875 0.7 0.05 0.09375
0 0.1984375 0.6640625 0.0171875 0.0203125
1 0.2140625 0.6703125 0.05 0.1265625
0 0.215625 0.6203125 0.0171875 0.0203125
1 0.2296875 0.6359375 0.0515625 0.1328125
0 0.228125 0.58125 0.01875 0.0203125
1 0.190625 0.6265625 0.0515625 0.1359375
0 0.1890625 0.5703125 0.015625 0.021875
1 0.14375 0.63125 0.05 0.1375
0 0.1390625 0.5734375 0.0171875 0.0203125
1 0.31875 0.5078125 0.0421875 0.125
0 0.31875 0.45625 0.0140625 0.01875
1 0.209375 0.5359375 0.05 0.10625
0 0.2078125 0.49375 0.01875 0.0203125
1 0.1515625 0.54375 0.04375 0.1125
0 0.1515625 0.4984375 0.0140625 0.0171875
1 0.1171875 0.53125 0.0390625 0.1234375
0 0.1203125 0.48125 0.0125 0.01875
1 0.075 0.53125 0.05 0.1203125
0 0.0796875 0.484375 0.0140625 0.015625
1 0.2484375 0.459375 0.0453125 0.1109375
0 0.246875 0.4171875 0.0125 0.015625
1 0.2046875 0.46875 0.04375 0.10625
0 0.2015625 0.425 0.0125 0.015625
1 0.15625 0.4671875 0.046875 0.1109375
0 0.15625 0.4203125 0.0140625 0.015625
1 0.109375 0.475 0.046875 0.11875
0 0.1125 0.425 0.0140625 0.0171875
1 0.3015625 0.3921875 0.046875 0.10625
0 0.3 0.3484375 0.0125 0.0140625
1 0.209375 0.4296875 0.040625 0.0875
0 0.2078125 0.396875 0.0140625 0.01875
1 0.2140625 0.40625 0.0421875 0.0875
0 0.2125 0.3703125 0.0140625 0.0140625
1 0.153125 0.4421875 0.046875 0.1109375
0 0.1546875 0.396875 0.0125 0.0171875
1 0.0921875 0.4140625 0.04375 0.109375
0 0.096875 0.36875 0.0140625 0.015625
1 0.14375 0.4 0.046875 0.10625
0 0.14375 0.3546875 0.0125 0.0140625
1 0.2 0.3890625 0.040625 0.1015625
0 0.2015625 0.3484375 0.0109375 0.0125
1 0.1546875 0.3765625 0.0390625 0.08125
0 0.1546875 0.3453125 0.0109375 0.0140625
1 0.103125 0.3765625 0.04375 0.1
0 0.1046875 0.3359375 0.0140625 0.0140625
1 0.06875 0.3828125 0.0421875 0.10625
0 0.0671875 0.340625 0.0140625 0.0140625
1 0.209375 0.346875 0.040625 0.0984375
0 0.2125 0.30625 0.0125 0.0140625
1 0.15625 0.325 0.040625 0.0953125
0 0.1546875 0.2875 0.009375 0.0140625
1 0.2015625 0.3203125 0.0375 0.090625
0 0.2 0.2828125 0.0125 0.0140625
1 0.2046875 0.3015625 0.034375 0.09375
0 0.203125 0.2640625 0.0125 0.0125
1 0.1640625 0.296875 0.034375 0.0859375
0 0.165625 0.2625 0.009375 0.0125
1 0.134375 0.2953125 0.0359375 0.0890625
0 0.134375 0.259375 0.0109375 0.0125
1 0.084375 0.284375 0.0359375 0.0671875
0 0.0859375 0.253125 0.009375 0.003125
1 0.121875 0.284375 0.034375 0.065625
0 0.121875 0.253125 0.009375 0.003125
1 0.2375 0.721875 0.0546875 0.053125
0 0.234375 0.740625 0.0171875 0.0125
1 0.2140625 0.2828125 0.034375 0.0625
0 0.209375 0.2546875 0.0078125 0.0078125
1 0.1703125 0.28125 0.0296875 0.0609375
0 0.1734375 0.253125 0.0109375 0.003125