1 0.6203125 0.6359375 0.1421875 0.3015625
0 0.6296875 0.515625 0.0453125 0.05
1 0.609375 0.584375 0.1484375 0.3890625
0 0.6078125 0.41875 0.05 0.05
1 0.4859375 0.5734375 0.190625 0.4171875
0 0.48125 0.396875 0.05 0.0515625
1 0.5828125 0.55625 0.1234375 0.36875
0 0.5765625 0.403125 0.0484375 0.0515625
1 0.46875 0.515625 0.10625 0.278125
0 0.459375 0.4 0.0265625 0.0328125
1 0.3859375 0.53125 0.0859375 0.284375
0 0.39375 0.4171875 0.0328125 0.0390625
1 0.3640625 0.5203125 0.09375 0.2328125
0 0.3625 0.421875 0.028125 0.03125
1 0.3125 0.50625 0.0609375 0.165625
0 0.3015625 0.440625 0.025 0.028125
1 0.328125 0.5015625 0.0546875 0.1671875
0 0.321875 0.4328125 0.01875 0.0203125
1 0.8140625 0.5125 0.05 0.1640625
0 0.8125 0.44375 0.0203125 0.0234375
1 0.840625 0.5 0.0578125 0.1359375
0 0.84375 0.446875 0.0125 0.0125
1 0.840625 0.4828125 0.0265625 0.090625
0 0.84375 0.446875 0.0125 0.0125