1 0.4375 0.6640625 0.2390625 0.33125
0 0.4671875 0.6671875 0.1140625 0.1375
1 0.653125 0.6640625 0.690625 0.33125
0 0.525 0.521875 0.115625 0.1328125
1 0.3921875 0.63125 0.2421875 0.3953125
0 0.3375 0.465625 0.084375 0.109375
1 0.3703125 0.4421875 0.015625 0.0484375
0 0.3734375 0.4234375 0.0046875 0.0078125
1 0.4375 0.4359375 0.0140625 0.0390625
0 0.4375 0.4203125 0.0046875 0.0078125
1 0.45625 0.4390625 0.01875 0.0359375
0 0.45 0.4265625 0.0046875 0.00625
1 0.5265625 0.4359375 0.0171875 0.0375
0 0.5234375 0.421875 0.0046875 0.0046875
1 0.578125 0.43125 0.0140625 0.0328125
0 0.5765625 0.41875 0.0046875 0.0046875
1 0.59375 0.4328125 0.0140625 0.03125
0 0.59375 0.421875 0.0046875 0.0046875
1 0.628125 0.428125 0.0125 0.0328125
0 0.6265625 0.415625 0.0046875 0.0046875
1 0.64375 0.428125 0.009375 0.0359375
0 0.6453125 0.4140625 0.0046875 0.0046875
1 0.6546875 0.43125 0.0109375 0.0328125
0 0.653125 0.41875 0.0046875 0.0046875
1 0.66875 0.43125 0.009375 0.03125
0 0.6671875 0.41875 0.003125 0.003125
1 0.675 0.43125 0.009375 0.03125
0 0.6796875 0.41875 0.0046875 0.003125
1 0.6546875 0.553125 0.0140625 0.021875
0 0.659375 0.54375 0.0046875 0.003125
1 0.6625 0.5484375 0.0140625 0.0234375
0 0.6625 0.540625 0.003125 0.003125
1 0.6703125 0.5390625 0.015625 0.025
0 0.6703125 0.5296875 0.003125 0.003125
1 0.734375 0.5796875 0.009375 0.0328125
0 0.7359375 0.565625 0.0046875 0.0046875
1 0.796875 0.5984375 0.0140625 0.03125
0 0.8 0.5859375 0.0046875 0.0046875
1 0.8 0.6015625 0.0125 0.03125
0 0.803125 0.590625 0.0046875 0.0046875
1 0.8203125 0.6421875 0.01875 0.0328125
0 0.828125 0.6296875 0.0046875 0.00625
1 0.8265625 0.6484375 0.015625 0.03125
0 0.8328125 0.6359375 0.003125 0.003125
1 0.990625 0.7078125 0.0125 0.03125
0 0.9953125 0.696875 0.003125 0.003125
1 0.7 0.4546875 0.009375 0.0125
0 0.703125 0.4515625 0.0015625 0.003125
1 0.7078125 0.45625 0.009375 0.0140625
0 0.7078125 0.4515625 0.0015625 0.0015625
1 0.815625 0.4328125 0.00625 0.0203125
0 0.8171875 0.425 0.0015625 0.0015625
1 0.8328125 0.434375 0.0078125 0.0171875
0 0.8328125 0.428125 0.0015625 0.0015625
1 0.45625 0.6375 0.2328125 0.384375
0 0.415625 0.5046875 0.0734375 0.10625
1 0.5328125 0.4296875 0.0078125 0.028125
0 0.5328125 0.41875 0.003125 0.003125
1 0.51875 0.428125 0.0078125 0.028125
0 0.5203125 0.4171875 0.003125 0.003125
1 0.65625 0.428125 0.009375 0.0296875
0 0.6546875 0.41875 0.003125 0.003125
1 0.640625 0.4171875 0.0046875 0.0140625
0 0.640625 0.4125 0 0.0015625