1 0.04375 0.709375 0.0828125 0.325
0 0.0125 0.5703125 0.021875 0.05
1 0.125 0.653125 0.24375 0.31875
0 0.06875 0.5375 0.05625 0.075
1 0.159375 0.63125 0.171875 0.26875
0 0.14375 0.5265625 0.0421875 0.0453125
1 0.1375 0.48125 0.06875 0.09375
0 0.134375 0.4484375 0.0171875 0.021875
1 0.1890625 0.490625 0.075 0.1125
0 0.184375 0.453125 0.021875 0.0234375
1 0.234375 0.4953125 0.05 0.1
0 0.2375 0.4625 0.0171875 0.01875
1 0.26875 0.4953125 0.0484375 0.0984375
0 0.26875 0.459375 0.0140625 0.015625
1 0.30625 0.5 0.05625 0.090625
0 0.3078125 0.46875 0.0171875 0.01875
1 0.309375 0.5625 0.0890625 0.1453125
0 0.3046875 0.5109375 0.0296875 0.034375
1 0.30625 0.640625 0.128125 0.2328125
0 0.2875 0.553125 0.034375 0.0453125
1 0.25625 0.6390625 0.10625 0.2171875
0 0.2359375 0.5578125 0.0328125 0.0375
1 0.384375 0.6171875 0.1796875 0.4921875
0 0.40625 0.4125 0.04375 0.0609375
1 0.4375 0.5796875 0.121875 0.184375
0 0.44375 0.509375 0.03125 0.0328125
1 0.55625 0.5734375 0.1 0.2703125
0 0.5515625 0.459375 0.0265625 0.034375
1 0.50625 0.6625 0.19375 0.41875
0 0.5375 0.4953125 0.0515625 0.06875
1 0.6171875 0.525 0.075 0.1828125
0 0.6234375 0.453125 0.0203125 0.03125
1 0.653125 0.6734375 0.3046875 0.396875
0 0.68125 0.4765625 0.096875 0.1125
1 0.7015625 0.6515625 0.1671875 0.440625
0 0.7125 0.4625 0.04375 0.05
1 0.3421875 0.5953125 0.08125 0.16875
0 0.34375 0.525 0.0296875 0.025