1 0.034375 0.5859375 0.0640625 0.1578125
0 0.03125 0.5234375 0.01875 0.0265625
1 0.184375 0.615625 0.0875 0.146875
0 0.1875 0.5625 0.021875 0.03125
1 0.2453125 0.6125 0.084375 0.13125
0 0.240625 0.565625 0.0234375 0.0296875
1 0.2875 0.6078125 0.0890625 0.128125
0 0.2890625 0.5625 0.021875 0.0265625
1 0.3203125 0.60625 0.0703125 0.0984375
0 0.3125 0.5703125 0.01875 0.0234375
1 0.359375 0.5984375 0.084375 0.1046875
0 0.3421875 0.5578125 0.0203125 0.0203125
1 0.3828125 0.5953125 0.0734375 0.1015625
0 0.371875 0.559375 0.0171875 0.01875
1 0.5359375 0.603125 0.05625 0.1390625
0 0.534375 0.5453125 0.01875 0.01875
1 0.540625 0.5625 0.053125 0.125
0 0.546875 0.509375 0.015625 0.01875
1 0.578125 0.5625 0.040625 0.1234375
0 0.5765625 0.5125 0.0140625 0.01875
1 0.6078125 0.5734375 0.04375 0.125
0 0.60625 0.5203125 0.0109375 0.0125
1 0.64375 0.5921875 0.0625 0.153125
0 0.65625 0.5359375 0.0140625 0.0171875
1 0.675 0.596875 0.0546875 0.1453125
0 0.6765625 0.5390625 0.0203125 0.025
1 0.79375 0.5703125 0.03125 0.090625
0 0.7984375 0.5359375 0.0109375 0.0125
1 0.8203125 0.5734375 0.034375 0.0828125
0 0.8203125 0.5421875 0.0078125 0.0078125
1 0.8796875 0.6234375 0.1578125 0.2625
0 0.8515625 0.5109375 0.028125 0.0359375
1 0.86875 0.6828125 0.146875 0.1265625
0 0.8828125 0.6359375 0.0296875 0.03125
1 0.8828125 0.5796875 0.0578125 0.159375
0 0.8890625 0.5125 0.021875 0.021875
1 0.9234375 0.565625 0.0359375 0.103125
0 0.925 0.5234375 0.0140625 0.015625
1 0.9703125 0.56875 0.040625 0.0796875
0 0.978125 0.5375 0.0109375 0.0109375
1 0.4421875 0.2421875 0.0296875 0.075
0 0.4375 0.209375 0.0125 0.0109375