1 0.1640625 0.5125 0.159375 0.384375
0 0.1609375 0.353125 0.0453125 0.0609375
1 0.15625 0.484375 0.109375 0.275
0 0.15 0.3859375 0.015625 0.0203125
1 0.3171875 0.46875 0.0796875 0.33125
0 0.3171875 0.328125 0.0390625 0.046875
1 0.3765625 0.4953125 0.121875 0.36875
0 0.371875 0.340625 0.040625 0.0546875
1 0.4625 0.4640625 0.121875 0.2703125
0 0.465625 0.353125 0.028125 0.0359375
1 0.4203125 0.425 0.0359375 0.1109375
0 0.41875 0.38125 0.015625 0.0203125
1 0.509375 0.428125 0.0328125 0.090625
0 0.5109375 0.3921875 0.009375 0.0125
1 0.509375 0.415625 0.025 0.078125
0 0.509375 0.384375 0.009375 0.009375
1 0.5546875 0.4171875 0.0140625 0.040625
0 0.5546875 0.4015625 0.0046875 0.0046875
1 0.5703125 0.4203125 0.0265625 0.0671875
0 0.5671875 0.3921875 0.0078125 0.0078125
1 0.5203125 0.4234375 0.0234375 0.0671875
0 0.51875 0.39375 0.0078125 0.0078125