1 0.896875 0.6328125 0.1390625 0.415625
0 0.8796875 0.4578125 0.05 0.053125
1 0.828125 0.6078125 0.115625 0.3703125
0 0.8328125 0.4515625 0.0453125 0.0546875
1 0.759375 0.603125 0.1171875 0.35
0 0.74375 0.4546875 0.0390625 0.053125
1 0.675 0.6171875 0.115625 0.35
0 0.6734375 0.4703125 0.0390625 0.0484375
1 0.6765625 0.578125 0.2375 0.3546875
0 0.6671875 0.428125 0.040625 0.0484375
1 0.5921875 0.5921875 0.103125 0.38125
0 0.6015625 0.4296875 0.0375 0.05
1 0.5140625 0.5828125 0.1078125 0.3859375
0 0.515625 0.425 0.040625 0.0546875
1 0.434375 0.609375 0.096875 0.3390625
0 0.4234375 0.475 0.0375 0.0390625
1 0.3640625 0.6 0.1203125 0.36875
0 0.3578125 0.4453125 0.040625 0.0515625
1 0.275 0.609375 0.1171875 0.371875
0 0.278125 0.45 0.040625 0.0515625
1 0.196875 0.60625 0.140625 0.3578125
0 0.1875 0.4578125 0.04375 0.05
1 0.14375 0.615625 0.1375 0.36875
0 0.11875 0.4640625 0.0421875 0.0453125
1 0.0578125 0.6125 0.1109375 0.3875
0 0.0640625 0.45625 0.05 0.059375
1 0.05625 0.6 0.1078125 0.35
0 0.028125 0.4546875 0.04375 0.0515625