1 0.5484375 0.6328125 0.0875 0.1953125
0 0.546875 0.55625 0.025 0.0296875
1 0.3921875 0.60625 0.0546875 0.1171875
0 0.3859375 0.5609375 0.0140625 0.015625
1 0.3546875 0.603125 0.0390625 0.084375
0 0.3546875 0.5671875 0.009375 0.0109375
1 0.334375 0.596875 0.034375 0.0671875
0 0.3359375 0.56875 0.009375 0.009375
1 0.3265625 0.675 0.0515625 0.10625
0 0.3203125 0.6375 0.0171875 0.015625
1 0.30625 0.6328125 0.0546875 0.115625
0 0.3078125 0.5859375 0.0140625 0.0125
1 0.2265625 0.65 0.046875 0.0859375
0 0.228125 0.6203125 0.0171875 0.01875
1 0.196875 0.6078125 0.0421875 0.1015625
0 0.190625 0.5640625 0.0109375 0.0109375
1 0.2328125 0.59375 0.021875 0.0546875
0 0.234375 0.5703125 0.00625 0.0078125
1 0.25 0.59375 0.021875 0.0578125
0 0.25 0.5703125 0.0078125 0.009375
1 0.2578125 0.5953125 0.015625 0.05625
0 0.259375 0.571875 0.00625 0.0078125
1 0.26875 0.59375 0.0171875 0.046875
0 0.2671875 0.575 0.00625 0.009375
1 0.2796875 0.59375 0.021875 0.0546875
0 0.278125 0.571875 0.0078125 0.0078125
1 0.3 0.59375 0.01875 0.05
0 0.3015625 0.571875 0.00625 0.0078125