1 0.8234375 0.5078125 0.184375 0.528125
0 0.8109375 0.2875 0.0734375 0.08125
1 0.6671875 0.521875 0.2 0.65
0 0.6375 0.253125 0.0703125 0.090625
1 0.496875 0.496875 0.2234375 0.6890625
0 0.5046875 0.209375 0.0734375 0.1
1 0.175 0.5390625 0.209375 0.5921875
0 0.1875 0.3 0.065625 0.090625
1 0.078125 0.2890625 0.09375 0.2234375
0 0.075 0.2 0.034375 0.0359375
1 0.09375 0.2609375 0.0703125 0.2140625
0 0.0921875 0.1765625 0.0296875 0.0328125
1 0.1328125 0.234375 0.053125 0.15
0 0.13125 0.178125 0.01875 0.0265625
1 0.175 0.2796875 0.0875 0.1859375
0 0.1859375 0.2046875 0.021875 0.0234375
1 0.228125 0.2359375 0.053125 0.18125
0 0.225 0.1625 0.025 0.028125
1 0.28125 0.2234375 0.0625 0.1578125
0 0.2796875 0.1625 0.0203125 0.025
1 0.5578125 0.2203125 0.0546875 0.1453125
0 0.5578125 0.165625 0.0203125 0.0203125
1 0.6046875 0.2109375 0.0875 0.165625
0 0.5890625 0.1453125 0.021875 0.021875
1 0.678125 0.225 0.0625 0.171875
0 0.6734375 0.15625 0.0203125 0.0203125
1 0.690625 0.2328125 0.040625 0.165625
0 0.69375 0.16875 0.021875 0.0234375
1 0.709375 0.2390625 0.046875 0.1578125
0 0.7 0.1765625 0.0234375 0.0265625
1 0.7625 0.253125 0.0640625 0.1140625
0 0.7609375 0.2125 0.0203125 0.0265625
1 0.8234375 0.2375 0.05 0.0984375
0 0.8203125 0.2046875 0.01875 0.021875
1 0.8515625 0.246875 0.05625 0.103125
0 0.8421875 0.2109375 0.01875 0.0203125