1 0.6828125 0.3703125 0.15625 0.1640625
0 0.6796875 0.315625 0.0453125 0.0515625
1 0.84375 0.4171875 0.30625 0.2546875
0 0.821875 0.33125 0.0609375 0.0703125
1 0.7984375 0.275 0.078125 0.165625
0 0.7984375 0.203125 0.025 0.0234375
1 0.7375 0.3 0.0546875 0.1796875
0 0.7453125 0.2265625 0.0171875 0.0203125
1 0.6875 0.278125 0.0453125 0.1625
0 0.6859375 0.2125 0.01875 0.01875
1 0.709375 0.26875 0.0421875 0.1546875
0 0.7046875 0.2078125 0.01875 0.028125
1 0.6171875 0.3 0.03125 0.034375
0 0.6171875 0.2921875 0.00625 0.00625
1 0.80625 0.5265625 0.38125 0.6046875
0 0.8640625 0.3796875 0.1296875 0.15
1 0.403125 0.4875 0.3296875 0.4640625
0 0.3625 0.3125 0.1 0.1203125
1 0.2453125 0.55 0.459375 0.55625
0 0.16875 0.359375 0.1640625 0.14375
1 0.2421875 0.2765625 0.0953125 0.2171875
0 0.2421875 0.1734375 0.03125 0.0140625
1 0.3796875 0.24375 0.0375 0.15625
0 0.3796875 0.1890625 0.025 0.028125
1 0.2 0.28125 0.0671875 0.165625
0 0.1953125 0.20625 0.01875 0.015625
1 0.16875 0.2890625 0.028125 0.084375
0 0.165625 0.25625 0.0140625 0.015625
1 0.0671875 0.2796875 0.046875 0.1203125
0 0.053125 0.2296875 0.0171875 0.0171875
1 0.096875 0.2796875 0.0328125 0.115625
0 0.1 0.2328125 0.0140625 0.0171875
1 0.05625 0.2796875 0.0453125 0.1140625
0 0.046875 0.23125 0.0171875 0.0140625
1 0.015625 0.28125 0.0265625 0.134375
0 0.0109375 0.228125 0.01875 0.0203125