1 0.33125 0.515625 0.090625 0.2703125
0 0.34375 0.4 0.0296875 0.0375
1 0.340625 0.5265625 0.053125 0.1640625
0 0.3484375 0.4359375 0.025 0.0234375
1 0.4109375 0.515625 0.0859375 0.275
0 0.41875 0.3984375 0.034375 0.0390625
1 0.4109375 0.5140625 0.0859375 0.240625
0 0.4140625 0.4109375 0.0234375 0.0203125
1 0.46875 0.521875 0.04375 0.1265625
0 0.4734375 0.4703125 0.0171875 0.01875
1 0.5484375 0.4890625 0.0359375 0.103125
0 0.55 0.45 0.015625 0.01875
1 0.5703125 0.48125 0.06875 0.165625
0 0.578125 0.4359375 0.0171875 0.01875
1 0.6 0.484375 0.0609375 0.171875
0 0.590625 0.4140625 0.0203125 0.0234375