1 0.9359375 0.45625 0.1046875 0.25625
0 0.9328125 0.353125 0.0375 0.040625
1 0.815625 0.4390625 0.1203125 0.29375
0 0.8 0.328125 0.034375 0.05
1 0.70625 0.4765625 0.16875 0.534375
0 0.6984375 0.265625 0.05625 0.0734375
1 0.59375 0.503125 0.2625 0.56875
0 0.56875 0.25625 0.078125 0.071875
1 0.6171875 0.51875 0.275 0.6671875
0 0.571875 0.25 0.1 0.1125
1 0.396875 0.46875 0.2203125 0.6859375
0 0.375 0.1796875 0.06875 0.0984375
1 0.453125 0.4984375 0.2328125 0.7078125
0 0.4171875 0.2046875 0.0828125 0.096875
1 0.228125 0.51875 0.2578125 0.6859375
0 0.275 0.240625 0.08125 0.109375