1 0.2765625 0.465625 0.040625 0.128125
0 0.278125 0.4125 0.0140625 0.015625
1 0.3390625 0.465625 0.0453125 0.11875
0 0.3296875 0.415625 0.0140625 0.0171875
1 0.4265625 0.4640625 0.0421875 0.1203125
0 0.428125 0.415625 0.0125 0.0171875
1 0.4421875 0.4703125 0.04375 0.1265625
0 0.4390625 0.415625 0.0125 0.0140625
1 0.175 0.5640625 0.1109375 0.1734375
0 0.1828125 0.5296875 0.0328125 0.0328125
1 0.0625 0.56875 0.125 0.196875
0 0.10625 0.49375 0.034375 0.04375
1 0.69375 0.4921875 0.109375 0.2703125
0 0.703125 0.38125 0.03125 0.03125
1 0.83125 0.4734375 0.0765625 0.2171875
0 0.8328125 0.3828125 0.028125 0.03125