1 0.1234375 0.5234375 0.1015625 0.265625
0 0.1359375 0.4140625 0.03125 0.0375
1 0.1671875 0.5234375 0.0796875 0.253125
0 0.1671875 0.4171875 0.0296875 0.0390625
1 0.2109375 0.53125 0.078125 0.2625
0 0.2125 0.4234375 0.0359375 0.040625
1 0.2359375 0.4921875 0.0890625 0.23125
0 0.2453125 0.3953125 0.0265625 0.028125
1 0.2453125 0.5421875 0.084375 0.2671875
0 0.246875 0.4296875 0.034375 0.0359375
1 0.278125 0.490625 0.0703125 0.23125
0 0.2734375 0.4 0.028125 0.0421875
1 0.325 0.5140625 0.0828125 0.259375
0 0.3234375 0.4078125 0.0296875 0.0375
1 0.3625 0.503125 0.071875 0.228125
0 0.3609375 0.409375 0.0265625 0.034375
1 0.3890625 0.5296875 0.0875 0.25
0 0.3875 0.4265625 0.025 0.0390625
1 0.4328125 0.50625 0.071875 0.246875
0 0.43125 0.4046875 0.025 0.0359375
1 0.46875 0.525 0.084375 0.2578125
0 0.4640625 0.421875 0.0296875 0.0390625
1 0.459375 0.4671875 0.059375 0.190625
0 0.4671875 0.390625 0.0234375 0.03125
1 0.5 0.484375 0.0625 0.1953125
0 0.5 0.4046875 0.0234375 0.03125
1 0.5328125 0.5171875 0.0828125 0.2640625
0 0.5328125 0.4109375 0.0296875 0.040625
1 0.5609375 0.4921875 0.0796875 0.246875
0 0.5578125 0.3875 0.0234375 0.0328125
1 0.559375 0.50625 0.0671875 0.221875
0 0.5625 0.4171875 0.0234375 0.0375
1 0.6046875 0.5265625 0.0875 0.2609375
0 0.5984375 0.425 0.0296875 0.0390625
1 0.6921875 0.53125 0.0875 0.278125
0 0.684375 0.4125 0.0359375 0.0375
1 0.75625 0.54375 0.1125 0.2828125
0 0.7546875 0.425 0.0296875 0.040625
1 0.7796875 0.5328125 0.121875 0.296875
0 0.7921875 0.4078125 0.034375 0.04375
1 0.8515625 0.54375 0.09375 0.30625
0 0.8484375 0.415625 0.0375 0.0453125
1 0.940625 0.5609375 0.1140625 0.346875
0 0.93125 0.4203125 0.040625 0.046875
1 0.175 0.6078125 0.1390625 0.18125
0 0.1765625 0.5390625 0.028125 0.040625
1 0.3265625 0.590625 0.10625 0.2
0 0.3296875 0.5171875 0.0296875 0.040625
1 0.3796875 0.5984375 0.1 0.2078125
0 0.3890625 0.525 0.03125 0.0390625
1 0.4640625 0.5953125 0.090625 0.196875
0 0.4640625 0.521875 0.0296875 0.0375
1 0.534375 0.5984375 0.10625 0.19375
0 0.5390625 0.525 0.0296875 0.0390625
1 0.621875 0.5890625 0.1 0.175
0 0.6171875 0.525 0.028125 0.0375