1 0.0828125 0.7765625 0.0125 0.0359375
0 0.084375 0.7625 0.003125 0.0046875
1 0.09375 0.7828125 0.0171875 0.053125
0 0.09375 0.7609375 0.00625 0.0078125
1 0.128125 0.775 0.0125 0.0296875
0 0.128125 0.7640625 0.003125 0.003125
1 0.178125 0.7796875 0.009375 0.0296875
0 0.178125 0.7671875 0.003125 0.003125
1 0.1953125 0.7765625 0.0078125 0.028125
0 0.196875 0.765625 0.0015625 0.003125
1 0.215625 0.7796875 0.009375 0.028125
0 0.2171875 0.76875 0.003125 0.003125
1 0.246875 0.7734375 0.0078125 0.021875
0 0.246875 0.765625 0.003125 0.003125
1 0.25 0.7734375 0.00625 0.021875
0 0.25 0.7640625 0.0015625 0.003125
1 0.2515625 0.771875 0.00625 0.0203125
0 0.25 0.7640625 0.0015625 0.003125
1 0.2578125 0.7796875 0.0109375 0.0296875
0 0.259375 0.7671875 0.003125 0.0046875
1 0.2828125 0.7875 0.0234375 0.0609375
0 0.2859375 0.7609375 0.00625 0.0078125
1 0.2984375 0.790625 0.0265625 0.053125
0 0.2953125 0.76875 0.00625 0.00625
1 0.31875 0.7703125 0.0078125 0.0140625
0 0.3203125 0.765625 0.0015625 0.0015625
1 0.36875 0.7671875 0.0078125 0.0125
0 0.3703125 0.7625 0.0015625 0.0015625
1 0.384375 0.7546875 0.0046875 0.0125
0 0.384375 0.7484375 0.0015625 0.0015625
1 0.3953125 0.7578125 0.00625 0.0140625
0 0.3953125 0.7515625 0.0015625 0.0015625
1 0.396875 0.7515625 0.0046875 0.0140625
0 0.396875 0.746875 0.0015625 0.003125
1 0.40625 0.753125 0.00625 0.01875
0 0.4078125 0.7453125 0.0015625 0.0015625
1 0.4140625 0.7515625 0.00625 0.01875
0 0.4140625 0.74375 0.0015625 0.0015625
1 0.40625 0.7875 0.025 0.053125
0 0.4015625 0.765625 0.0046875 0.00625
1 0.4171875 0.7875 0.021875 0.053125
0 0.4125 0.7640625 0.00625 0.00625
1 0.934375 0.784375 0.015625 0.0453125
0 0.934375 0.765625 0.0046875 0.0046875
1 0.8703125 0.7828125 0.0171875 0.040625
0 0.8734375 0.765625 0.0046875 0.00625
1 0.85625 0.771875 0.0078125 0.025
0 0.85625 0.7609375 0.003125 0.003125
1 0.85625 0.7703125 0.0078125 0.0234375
0 0.85625 0.7609375 0.003125 0.003125
1 0.85 0.7734375 0.00625 0.025
0 0.85 0.7625 0.003125 0.003125
1 0.834375 0.7734375 0.00625 0.021875
0 0.8328125 0.7640625 0.0015625 0.003125
1 0.840625 0.775 0.0109375 0.0328125
0 0.840625 0.7640625 0.0046875 0.00625
1 0.8421875 0.7828125 0.0140625 0.0453125
0 0.840625 0.7640625 0.00625 0.0078125
1 0.825 0.784375 0.0125 0.0453125
0 0.825 0.7640625 0.0046875 0.00625
1 0.8171875 0.775 0.00625 0.025
0 0.81875 0.765625 0.0015625 0.003125
1 0.815625 0.775 0.0078125 0.028125
0 0.8171875 0.7625 0.003125 0.003125
1 0.80625 0.7796875 0.015625 0.04375
0 0.8078125 0.7609375 0.00625 0.00625
1 0.7921875 0.8125 0.0515625 0.121875
0 0.7890625 0.7625 0.0140625 0.01875
1 0.775 0.7734375 0.009375 0.028125
0 0.775 0.7609375 0.003125 0.003125
1 0.765625 0.775 0.009375 0.0265625
0 0.765625 0.7625 0.0015625 0.003125
1 0.765625 0.7734375 0.009375 0.028125
0 0.765625 0.7609375 0.003125 0.003125
1 0.7578125 0.775 0.009375 0.025
0 0.759375 0.765625 0.0015625 0.003125
1 0.7484375 0.775 0.0078125 0.025
0 0.746875 0.7640625 0.003125 0.003125
1 0.7390625 0.7765625 0.0109375 0.0234375
0 0.7390625 0.765625 0.003125 0.003125
1 0.725 0.771875 0.0109375 0.025
0 0.725 0.7609375 0.003125 0.003125
1 0.703125 0.765625 0.00625 0.015625
0 0.7046875 0.759375 0.0015625 0.0015625
1 0.7109375 0.784375 0.01875 0.05
0 0.7078125 0.7625 0.00625 0.00625
1 0.696875 0.7671875 0.0078125 0.0140625
0 0.6953125 0.7625 0.0015625 0.003125
1 0.6875 0.7640625 0.0078125 0.0109375
0 0.6875 0.7609375 0.0015625 0.0015625
1 0.690625 0.784375 0.0171875 0.0484375
0 0.6921875 0.7640625 0.0046875 0.00625
1 0.66875 0.7796875 0.0125 0.028125
0 0.66875 0.7671875 0.003125 0.003125
1 0.659375 0.778125 0.0125 0.03125
0 0.6625 0.765625 0.003125 0.0046875
1 0.6171875 0.78125 0.0125 0.04375
0 0.6171875 0.7609375 0.003125 0.0046875
1 0.603125 0.7625 0.0046875 0.021875
0 0.6046875 0.7546875 0.0015625 0.003125
1 0.6 0.7671875 0.0078125 0.0203125
0 0.6015625 0.7578125 0.0015625 0.003125
1 0.559375 0.7546875 0.00625 0.0125
0 0.559375 0.75 0.003125 0.003125
1 0.5671875 0.7765625 0.0109375 0.028125
0 0.5671875 0.765625 0.003125 0.003125
1 0.5609375 0.7734375 0.0078125 0.0296875
0 0.5609375 0.7609375 0.003125 0.003125
1 0.5515625 0.76875 0.0078125 0.0171875
0 0.5515625 0.7609375 0.003125 0.003125
1 0.5515625 0.775 0.009375 0.028125
0 0.553125 0.7625 0.003125 0.003125
1 0.55625 0.7765625 0.0125 0.03125
0 0.55625 0.7640625 0.003125 0.003125
1 0.5421875 0.771875 0.00625 0.0203125
0 0.5421875 0.7625 0.0015625 0.0015625
1 0.51875 0.7734375 0.0109375 0.0265625
0 0.5203125 0.7640625 0.003125 0.003125
1 0.515625 0.7640625 0.009375 0.025
0 0.515625 0.753125 0.0015625 0.0015625
1 0.51875 0.7578125 0.00625 0.015625
0 0.51875 0.7515625 0.0015625 0.0015625
1 0.5140625 0.75625 0.00625 0.0203125
0 0.5125 0.7484375 0.0015625 0.0015625
1 0.5078125 0.7796875 0.0140625 0.040625
0 0.5078125 0.7625 0.0046875 0.0046875
1 0.5015625 0.7796875 0.0125 0.0390625
0 0.5015625 0.7625 0.0046875 0.00625
1 0.41875 0.7390625 0.0046875 0.01875
0 0.41875 0.73125 0.0015625 0.0015625
1 0.425 0.7375 0.00625 0.01875
0 0.425 0.7296875 0.0015625 0.0015625
1 0.4296875 0.734375 0.0046875 0.015625
0 0.43125 0.728125 0.0015625 0.0015625
1 0.4375 0.7359375 0.00625 0.01875
0 0.4390625 0.7296875 0.0015625 0.0015625
1 0.4453125 0.7328125 0.00625 0.0125
0 0.4453125 0.728125 0.0015625 0.0015625
1 0.4515625 0.7375 0.0046875 0.0140625
0 0.4515625 0.7328125 0.0015625 0.0015625
1 0.4484375 0.740625 0.0046875 0.0140625
0 0.4484375 0.7359375 0.0015625 0.0015625
1 0.453125 0.734375 0.00625 0.0140625
0 0.453125 0.728125 0.0015625 0.0015625
1 0.4578125 0.7390625 0.0046875 0.0140625
0 0.4578125 0.734375 0.0015625 0.0015625
1 0.465625 0.7328125 0.00625 0.0171875
0 0.4640625 0.7265625 0.0015625 0.0015625
1 0.4796875 0.7359375 0.00625 0.01875
0 0.4796875 0.728125 0.0015625 0.0015625
1 0.4875 0.734375 0.00625 0.015625
0 0.4875 0.7265625 0.003125 0.003125
1 0.4875 0.734375 0.0078125 0.01875
0 0.4875 0.7265625 0.0015625 0.0015625
1 0.4890625 0.7375 0.00625 0.0203125
0 0.4890625 0.728125 0.0015625 0.003125
1 0.49375 0.7328125 0.0078125 0.015625
0 0.49375 0.7265625 0.0015625 0.0015625
1 0.4921875 0.7421875 0.00625 0.0125
0 0.49375 0.7390625 0.003125 0.003125
1 0.496875 0.7390625 0.0078125 0.0203125
0 0.496875 0.73125 0.003125 0.003125
1 0.5203125 0.7328125 0.00625 0.01875
0 0.51875 0.725 0.003125 0.003125
1 0.503125 0.7359375 0.0078125 0.0203125
0 0.503125 0.728125 0.0015625 0.003125
1 0.5046875 0.7390625 0.0078125 0.0203125
0 0.5046875 0.73125 0.0015625 0.0015625
1 0.503125 0.7328125 0.00625 0.01875
0 0.503125 0.725 0.0015625 0.0015625
1 0.5125 0.7375 0.0046875 0.0171875
0 0.5109375 0.7296875 0.0015625 0.0015625
1 0.5109375 0.734375 0.0046875 0.0171875
0 0.5109375 0.7265625 0.0015625 0.0015625
1 0.509375 0.7328125 0.0046875 0.015625
0 0.509375 0.7265625 0.0015625 0.0015625
1 0.4234375 0.753125 0.00625 0.009375
0 0.4234375 0.75 0.0015625 0.0015625
1 0.4234375 0.759375 0.00625 0.0109375
0 0.421875 0.75625 0.003125 0.003125
1 0.465625 0.746875 0.00625 0.009375
0 0.465625 0.74375 0.0015625 0.0015625
1 0.471875 0.746875 0.0046875 0.009375
0 0.471875 0.74375 0.0015625 0.0015625