1 0.071875 0.5546875 0.140625 0.4078125
0 0.0546875 0.38125 0.0421875 0.0484375
1 0.1359375 0.55625 0.1171875 0.3859375
0 0.1390625 0.3984375 0.05 0.0515625
1 0.1921875 0.559375 0.0984375 0.353125
0 0.184375 0.415625 0.0328125 0.05
1 0.29375 0.55625 0.1578125 0.4234375
0 0.290625 0.38125 0.05 0.0609375
1 0.2234375 0.584375 0.2140625 0.3859375
0 0.2359375 0.39375 0.090625 0.0875
1 0.4171875 0.60625 0.4375 0.34375
0 0.4 0.4125 0.0875 0.09375
1 0.34375 0.45 0.0609375 0.171875
0 0.35 0.378125 0.01875 0.0234375
1 0.434375 0.5328125 0.1578125 0.3875
0 0.428125 0.3703125 0.0515625 0.05625
1 0.4703125 0.4796875 0.0671875 0.2203125
0 0.465625 0.3921875 0.028125 0.03125
1 0.5140625 0.5078125 0.1046875 0.296875
0 0.5125 0.38125 0.0328125 0.0390625
1 0.5578125 0.5140625 0.1296875 0.3296875
0 0.5515625 0.375 0.0421875 0.0453125
1 0.596875 0.553125 0.165625 0.4484375
0 0.6 0.375 0.0546875 0.0734375
1 0.640625 0.5734375 0.2140625 0.4078125
0 0.6296875 0.4046875 0.059375 0.09375
1 0.7140625 0.6015625 0.2609375 0.353125
0 0.6796875 0.4078125 0.09375 0.10625
1 0.759375 0.546875 0.165625 0.459375
0 0.75 0.36875 0.053125 0.0734375
1 0.7828125 0.446875 0.0578125 0.1546875
0 0.7859375 0.384375 0.0140625 0.015625
1 0.8453125 0.51875 0.1078125 0.296875
0 0.821875 0.39375 0.0375 0.0390625
1 0.8296875 0.571875 0.1828125 0.4109375
0 0.83125 0.4078125 0.0578125 0.065625
1 0.8859375 0.471875 0.0703125 0.1921875
0 0.9 0.39375 0.028125 0.028125
1 0.965625 0.4609375 0.0578125 0.20625
0 0.9609375 0.375 0.0234375 0.0328125
1 0.9734375 0.5046875 0.046875 0.278125
0 0.990625 0.3734375 0.0109375 0.028125