1 0.8859375 0.6765625 0.221875 0.3546875
0 0.9078125 0.5953125 0.178125 0.2046875
1 0.6265625 0.6765625 0.3109375 0.3546875
0 0.6234375 0.7921875 0.184375 0.121875
1 0.8234375 0.6765625 0.278125 0.3546875
0 0.8109375 0.53125 0.1375 0.153125
1 0.65 0.6375 0.2984375 0.4328125
0 0.6640625 0.4390625 0.1265625 0.146875
1 0.4734375 0.6765625 0.4359375 0.3546875
0 0.46875 0.4859375 0.1296875 0.175
1 0.321875 0.665625 0.253125 0.3765625
0 0.3453125 0.453125 0.1046875 0.1609375
1 0.2015625 0.6390625 0.3390625 0.428125
0 0.2125 0.3453125 0.115625 0.1609375
1 0.178125 0.6046875 0.33125 0.496875
0 0.1421875 0.3078125 0.109375 0.1359375
1 0.6609375 0.575 0.278125 0.5578125
0 0.609375 0.290625 0.121875 0.1375
1 0.81875 0.4984375 0.2859375 0.709375
0 0.815625 0.184375 0.0734375 0.0796875
1 0.9203125 0.415625 0.1515625 0.5421875
0 0.9484375 0.1921875 0.0765625 0.09375
1 0.34375 0.490625 0.2671875 0.6203125
0 0.3578125 0.2453125 0.096875 0.1171875
1 0.50625 0.575 0.1609375 0.521875
0 0.5078125 0.3765625 0.06875 0.0890625
1 0.4734375 0.6765625 0.33125 0.3546875
0 0.50625 0.6734375 0.1328125 0.178125
1 0.7078125 0.396875 0.2109375 0.50625
0 0.684375 0.15625 0.0484375 0.0234375
1 0.615625 0.58125 0.209375 0.54375
0 0.6015625 0.359375 0.0984375 0.096875