1 0.15625 0.625 0.00625 0.0625
0 0.15625 0.625 0.00625 0.0625
1 0.1609375 0.63125 0.009375 0.0265625
0 0.159375 0.621875 0.003125 0.003125
1 0.165625 0.6234375 0.0125 0.0390625
0 0.165625 0.6078125 0.0046875 0.0046875
1 0.1859375 0.61875 0.0078125 0.0328125
0 0.1875 0.6046875 0.0046875 0.00625
1 0.25625 0.6109375 0.0125 0.0390625
0 0.259375 0.5953125 0.00625 0.00625
1 0.3984375 0.70625 0.134375 0.3015625
0 0.38125 0.5796875 0.03125 0.0453125
1 0.4671875 0.65 0.0828125 0.2328125
0 0.471875 0.5546875 0.0265625 0.03125
1 0.5734375 0.603125 0.0546875 0.140625
0 0.575 0.546875 0.0171875 0.0203125
1 0.5921875 0.6859375 0.1140625 0.278125
0 0.5984375 0.56875 0.0296875 0.0359375
1 0.6140625 0.596875 0.0171875 0.0515625
0 0.615625 0.5765625 0.0046875 0.00625
1 0.6703125 0.6171875 0.0734375 0.146875
0 0.6625 0.55625 0.021875 0.021875
1 0.6875 0.596875 0.028125 0.0796875
0 0.6890625 0.5640625 0.0078125 0.0078125
1 0.75 0.5921875 0.021875 0.071875
0 0.7515625 0.5625 0.00625 0.0078125
1 0.7234375 0.621875 0.0734375 0.21875
0 0.7203125 0.528125 0.021875 0.0265625
1 0.7828125 0.60625 0.0546875 0.1109375
0 0.7828125 0.5625 0.0125 0.015625
1 0.8140625 0.625 0.05625 0.2015625
0 0.815625 0.5390625 0.01875 0.021875