1 0.0359375 0.7953125 0.065625 0.071875
0 0.0359375 0.7703125 0.0140625 0.01875
1 0.1 0.7875 0.05625 0.0859375
0 0.0921875 0.753125 0.015625 0.01875
1 0.1359375 0.7953125 0.040625 0.0703125
0 0.134375 0.771875 0.0171875 0.015625
1 0.1640625 0.78125 0.0453125 0.0890625
0 0.1625 0.746875 0.015625 0.015625
1 0.1890625 0.7953125 0.046875 0.071875
0 0.1890625 0.7703125 0.0125 0.015625
1 0.21875 0.7828125 0.046875 0.0765625
0 0.215625 0.7546875 0.0140625 0.0171875
1 0.2421875 0.809375 0.0703125 0.04375
0 0.234375 0.8015625 0.0140625 0.0203125
1 0.2390625 0.790625 0.05 0.08125
0 0.2421875 0.7609375 0.015625 0.015625
1 0.26875 0.78125 0.0390625 0.0859375
0 0.2765625 0.7484375 0.0125 0.015625
1 0.2921875 0.7875 0.040625 0.0859375
0 0.296875 0.7546875 0.0140625 0.015625
1 0.3375 0.8078125 0.0546875 0.0453125
0 0.3421875 0.8078125 0.0203125 0.0203125
1 0.3453125 0.796875 0.0671875 0.06875
0 0.3484375 0.7765625 0.015625 0.021875
1 0.046875 0.715625 0.0421875 0.0484375
0 0.046875 0.7 0.009375 0.0125
1 0.059375 0.709375 0.0375 0.0484375
0 0.0546875 0.69375 0.009375 0.0125
1 0.19375 0.684375 0.0359375 0.040625
0 0.1953125 0.6703125 0.0078125 0.009375
1 0.21875 0.678125 0.03125 0.040625
0 0.221875 0.6640625 0.009375 0.0109375
1 0.271875 0.70625 0.0453125 0.0609375
0 0.2671875 0.684375 0.0109375 0.0140625
1 0.28125 0.6984375 0.0390625 0.05
0 0.28125 0.6828125 0.0109375 0.0140625
1 0.2765625 0.6765625 0.03125 0.0484375
0 0.275 0.6609375 0.009375 0.0109375
1 0.4203125 0.7796875 0.0609375 0.1
0 0.41875 0.74375 0.015625 0.0203125
1 0.459375 0.7625 0.0515625 0.0671875
0 0.465625 0.7390625 0.015625 0.0171875
1 0.48125 0.7875 0.0359375 0.0828125
0 0.490625 0.7578125 0.0140625 0.015625
1 0.5359375 0.7984375 0.0640625 0.0625
0 0.540625 0.7796875 0.0171875 0.021875
1 0.590625 0.7921875 0.0578125 0.0765625
0 0.5890625 0.7640625 0.0140625 0.0203125
1 0.64375 0.790625 0.0515625 0.078125
0 0.64375 0.7640625 0.01875 0.0203125
1 0.6140625 0.7921875 0.0484375 0.0765625
0 0.621875 0.7625 0.015625 0.0140625
1 0.665625 0.74375 0.046875 0.0578125
0 0.6640625 0.725 0.0140625 0.015625
1 0.3625 0.746875 0.034375 0.0609375
0 0.365625 0.725 0.0109375 0.0140625
1 0.384375 0.7453125 0.040625 0.0609375
0 0.384375 0.7234375 0.0125 0.0140625
1 0.5359375 0.7265625 0.0390625 0.0546875
0 0.5359375 0.70625 0.0109375 0.0140625
1 0.7515625 0.790625 0.05625 0.08125
0 0.75 0.7640625 0.0171875 0.021875
1 0.9015625 0.7875 0.0703125 0.0859375
0 0.9046875 0.765625 0.01875 0.0203125
1 0.94375 0.79375 0.0609375 0.075
0 0.94375 0.76875 0.0140625 0.0203125
1 0.8359375 0.7546875 0.046875 0.10625
0 0.8328125 0.7078125 0.0109375 0.0109375
1 0.621875 0.7140625 0.040625 0.0609375
0 0.6171875 0.690625 0.009375 0.0125
1 0.603125 0.709375 0.03125 0.0640625
0 0.603125 0.684375 0.0109375 0.0140625
1 0.5796875 0.7171875 0.028125 0.05
0 0.584375 0.7 0.0109375 0.0125
1 0.590625 0.7046875 0.0265625 0.05
0 0.5890625 0.6875 0.009375 0.0125
1 0.5671875 0.7078125 0.0359375 0.0625
0 0.5671875 0.6828125 0.0109375 0.0125
1 0.540625 0.7015625 0.0328125 0.0625
0 0.5421875 0.678125 0.0109375 0.0140625
1 0.428125 0.7015625 0.040625 0.0515625
0 0.4265625 0.6859375 0.009375 0.0140625
1 0.4140625 0.7 0.028125 0.04375
0 0.415625 0.6859375 0.0109375 0.0125
1 0.409375 0.6921875 0.028125 0.0515625
0 0.4125 0.6765625 0.009375 0.0125
1 0.421875 0.6859375 0.03125 0.0484375
0 0.421875 0.6703125 0.0078125 0.0109375
1 0.4578125 0.68125 0.0375 0.04375
0 0.4546875 0.6671875 0.009375 0.0109375
1 0.390625 0.6796875 0.0328125 0.0484375
0 0.39375 0.6640625 0.009375 0.0109375
1 0.365625 0.659375 0.028125 0.0375
0 0.3671875 0.646875 0.00625 0.009375
1 0.3765625 0.659375 0.025 0.0390625
0 0.375 0.646875 0.009375 0.0109375
1 0.434375 0.6515625 0.034375 0.040625
0 0.4328125 0.6390625 0.009375 0.009375
1 0.4984375 0.6375 0.03125 0.0375
0 0.496875 0.6234375 0.0078125 0.009375
1 0.4984375 0.63125 0.0265625 0.0375
0 0.4953125 0.61875 0.0078125 0.0078125
1 0.5484375 0.6359375 0.0234375 0.040625
0 0.5484375 0.6203125 0.009375 0.009375
1 0.575 0.609375 0.0265625 0.0359375
0 0.571875 0.596875 0.00625 0.0078125
1 0.5765625 0.6 0.0171875 0.0328125
0 0.5734375 0.5875 0.00625 0.00625
1 0.6359375 0.603125 0.0234375 0.0265625
0 0.634375 0.5953125 0.00625 0.00625
1 0.7171875 0.6296875 0.0296875 0.046875
0 0.7140625 0.6109375 0.0078125 0.0078125
1 0.7953125 0.6234375 0.01875 0.03125
0 0.7953125 0.6125 0.00625 0.0078125
1 0.815625 0.621875 0.03125 0.0390625
0 0.8109375 0.6078125 0.0078125 0.009375
1 0.7875 0.61875 0.0234375 0.040625
0 0.7921875 0.603125 0.00625 0.0078125
1 0.8 0.6203125 0.021875 0.040625
0 0.7984375 0.6046875 0.0078125 0.009375
1 0.7828125 0.60625 0.0171875 0.0296875
0 0.7828125 0.596875 0.00625 0.0078125
1 0.7765625 0.603125 0.015625 0.0328125
0 0.778125 0.590625 0.00625 0.0078125
1 0.8703125 0.5890625 0.021875 0.0265625
0 0.8703125 0.5796875 0.00625 0.00625
1 0.8515625 0.5875 0.0203125 0.0265625
0 0.8515625 0.578125 0.00625 0.00625
1 0.915625 0.56875 0.0171875 0.028125
0 0.91875 0.5578125 0.0046875 0.0046875
1 0.940625 0.5703125 0.0171875 0.0296875
0 0.9421875 0.5578125 0.0046875 0.00625
1 0.95 0.56875 0.0171875 0.0265625
0 0.9453125 0.559375 0.00625 0.0046875
1 0.8390625 0.5625 0.0140625 0.021875
0 0.840625 0.5546875 0.003125 0.0046875
1 0.834375 0.5625 0.0109375 0.0203125
0 0.8375 0.5546875 0.0046875 0.0046875
1 0.84375 0.5640625 0.0109375 0.0171875
0 0.84375 0.5578125 0.003125 0.003125
1 0.821875 0.5453125 0.0171875 0.0125
0 0.8234375 0.5421875 0.003125 0.003125
1 0.825 0.5453125 0.0109375 0.0125
0 0.8234375 0.5421875 0.003125 0.003125
1 0.8421875 0.5359375 0.009375 0.0125
0 0.840625 0.53125 0.003125 0.003125
1 0.853125 0.5359375 0.0109375 0.0125
0 0.853125 0.53125 0.003125 0.003125
1 0.73125 0.5390625 0.0109375 0.0125
0 0.7328125 0.534375 0.003125 0.0015625
1 0.7359375 0.5375 0.009375 0.015625
0 0.7359375 0.5328125 0.0015625 0.003125
1 0.7734375 0.5234375 0.0046875 0.0140625
0 0.7734375 0.5171875 0.0015625 0.0015625
1 0.775 0.5234375 0.00625 0.0140625
0 0.7765625 0.51875 0.0015625 0.003125
1 0.784375 0.521875 0.0078125 0.01875
0 0.7828125 0.515625 0.0015625 0.003125
1 0.7890625 0.5234375 0.00625 0.015625
0 0.7890625 0.51875 0.0015625 0.0015625
1 0.8890625 0.540625 0.0140625 0.0171875
0 0.8875 0.534375 0.0015625 0.003125
1 0.8828125 0.5390625 0.009375 0.0171875
0 0.884375 0.5328125 0.003125 0.003125
1 0.9328125 0.5359375 0.009375 0.0109375
0 0.9328125 0.5328125 0.0015625 0.003125
1 0.946875 0.5359375 0.0140625 0.0109375
0 0.9484375 0.5328125 0.0015625 0.0015625
1 0.9640625 0.5359375 0.0125 0.0109375
0 0.965625 0.53125 0.0015625 0.0015625
1 0.9625 0.534375 0.009375 0.0125
0 0.9640625 0.5296875 0.0015625 0.003125
1 0.8875 0.5265625 0.0109375 0.0140625
0 0.8890625 0.521875 0.0015625 0.0015625
1 0.9 0.525 0.009375 0.0140625
0 0.9 0.521875 0.0015625 0.003125
1 0.9109375 0.528125 0.0078125 0.015625
0 0.9109375 0.5265625 0.0015625 0.003125
1 0.9296875 0.521875 0.009375 0.0125
0 0.9296875 0.5171875 0.0015625 0.003125
1 0.9578125 0.5046875 0.0078125 0.01875
0 0.9578125 0.496875 0.0015625 0.0015625
1 0.9328125 0.5046875 0.00625 0.0140625
0 0.9328125 0.4984375 0.0015625 0.0015625
1 0.9046875 0.5046875 0.00625 0.0140625
0 0.9046875 0.4984375 0.0015625 0.0015625
1 0.5515625 0.6359375 0.021875 0.0375
0 0.5484375 0.6203125 0.009375 0.009375
1 0.45 0.56875 0.0171875 0.0203125
0 0.453125 0.5625 0.0046875 0.0046875
1 0.5203125 0.5671875 0.0203125 0.0234375
0 0.5203125 0.559375 0.003125 0.0046875
1 0.553125 0.5796875 0.0140625 0.0234375
0 0.5515625 0.571875 0.003125 0.0046875
1 0.578125 0.5578125 0.015625 0.0171875
0 0.5765625 0.5515625 0.003125 0.003125
1 0.6 0.5828125 0.0171875 0.0265625
0 0.6015625 0.5734375 0.00625 0.00625
1 0.609375 0.571875 0.0125 0.0171875
0 0.609375 0.5671875 0.0046875 0.0046875
1 0.5953125 0.5703125 0.0125 0.021875
0 0.5953125 0.5625 0.003125 0.0046875
1 0.5875 0.578125 0.01875 0.025
0 0.5890625 0.565625 0.0046875 0.00625
1 0.6921875 0.6078125 0.025 0.0359375
0 0.6921875 0.59375 0.00625 0.0078125
1 0.6765625 0.6046875 0.0171875 0.03125
0 0.68125 0.59375 0.0015625 0.003125
1 0.684375 0.6046875 0.0171875 0.0328125
0 0.6875 0.59375 0.0046875 0.00625
1 0.696875 0.575 0.0171875 0.021875
0 0.6953125 0.56875 0.003125 0.0046875
1 0.228125 0.5296875 0.0140625 0.0421875
0 0.23125 0.5125 0.0046875 0.00625
1 0.24375 0.5390625 0.015625 0.046875
0 0.246875 0.5203125 0.00625 0.00625
1 0.25 0.54375 0.0125 0.0484375
0 0.2515625 0.5234375 0.0046875 0.00625
1 0.5359375 0.7828125 0.0515625 0.0640625
0 0.5296875 0.7609375 0.0171875 0.0171875
1 0.5578125 0.7796875 0.034375 0.05625
0 0.5546875 0.7640625 0.0125 0.015625
1 0.6203125 0.546875 0.0140625 0.015625
0 0.61875 0.5421875 0.003125 0.003125
1 0.6203125 0.5421875 0.0109375 0.015625
0 0.621875 0.5359375 0.003125 0.003125
1 0.63125 0.546875 0.0125 0.015625
0 0.63125 0.5421875 0.003125 0.0046875
1 0.64375 0.5453125 0.0140625 0.0171875
0 0.6453125 0.540625 0.003125 0.003125
1 0.65625 0.5390625 0.0078125 0.009375
0 0.65625 0.5359375 0.0015625 0.003125