1 0.0359375 0.684375 0.06875 0.28125
0 0.0375 0.571875 0.0296875 0.03125
1 0.071875 0.665625 0.059375 0.221875
0 0.084375 0.571875 0.0203125 0.0265625
1 0.1109375 0.7046875 0.10625 0.33125
0 0.128125 0.5703125 0.0421875 0.0484375
1 0.1609375 0.703125 0.078125 0.309375
0 0.1578125 0.571875 0.03125 0.0390625
1 0.18125 0.665625 0.0625 0.2421875
0 0.190625 0.565625 0.0234375 0.0296875
1 0.2015625 0.6796875 0.078125 0.2671875
0 0.20625 0.5703125 0.03125 0.03125
1 0.228125 0.7046875 0.10625 0.3296875
0 0.2328125 0.571875 0.0390625 0.05
1 0.25 0.675 0.0875 0.275
0 0.23125 0.559375 0.0265625 0.028125
1 0.2609375 0.6609375 0.05625 0.178125
0 0.265625 0.5875 0.0171875 0.025
1 0.30625 0.6421875 0.0890625 0.2125
0 0.296875 0.553125 0.021875 0.0265625
1 0.309375 0.6578125 0.0875 0.190625
0 0.2890625 0.58125 0.021875 0.021875
1 0.3 0.66875 0.059375 0.2171875
0 0.3 0.5828125 0.0265625 0.0234375
1 0.315625 0.634375 0.0515625 0.175
0 0.3109375 0.5625 0.0140625 0.01875
1 0.3359375 0.634375 0.0515625 0.165625
0 0.3296875 0.565625 0.01875 0.021875
1 0.3453125 0.646875 0.0640625 0.1625
0 0.3328125 0.58125 0.0234375 0.025
1 0.3796875 0.6578125 0.0640625 0.2375
0 0.3890625 0.5625 0.0296875 0.0328125
1 0.415625 0.6609375 0.08125 0.25625
0 0.440625 0.5578125 0.0296875 0.0328125
1 0.4578125 0.690625 0.1125 0.3203125
0 0.4734375 0.5546875 0.04375 0.0453125
1 0.446875 0.696875 0.1171875 0.34375
0 0.471875 0.5546875 0.04375 0.05
1 0.5140625 0.628125 0.08125 0.115625
0 0.5515625 0.5875 0.0171875 0.021875
1 0.56875 0.6296875 0.0515625 0.1671875
0 0.575 0.5578125 0.01875 0.0203125
1 0.58125 0.7125 0.1046875 0.3078125
0 0.5796875 0.58125 0.034375 0.0390625
1 0.646875 0.6671875 0.0921875 0.2828125
0 0.6515625 0.546875 0.03125 0.0375
1 0.696875 0.7 0.096875 0.3359375
0 0.7 0.5609375 0.0390625 0.0453125
1 0.821875 0.6828125 0.10625 0.2875
0 0.81875 0.5640625 0.034375 0.0359375
1 0.8453125 0.6078125 0.04375 0.134375
0 0.8421875 0.55625 0.015625 0.0203125
1 0.89375 0.6015625 0.0578125 0.184375
0 0.8859375 0.5234375 0.0203125 0.0234375
1 0.9359375 0.6890625 0.10625 0.3140625
0 0.9203125 0.5578125 0.034375 0.0359375