1 0.1875 0.775 0.3703125 0.44375
0 0.0734375 0.634375 0.1109375 0.1359375
1 0.13125 0.671875 0.259375 0.3765625
0 0.14375 0.5296875 0.06875 0.075
1 0.15625 0.6359375 0.234375 0.4015625
0 0.1171875 0.4828125 0.0671875 0.0765625
1 0.0890625 0.5140625 0.134375 0.196875
0 0.109375 0.4375 0.028125 0.034375
1 0.13125 0.5265625 0.14375 0.2
0 0.1375 0.4546875 0.0421875 0.04375
1 0.1796875 0.51875 0.1140625 0.19375
0 0.2 0.4515625 0.03125 0.04375
1 0.2046875 0.4640625 0.084375 0.121875
0 0.2171875 0.41875 0.01875 0.0234375
1 0.2640625 0.603125 0.1625 0.2828125
0 0.2578125 0.49375 0.05625 0.0625
1 0.296875 0.6296875 0.2546875 0.371875
0 0.29375 0.4875 0.0671875 0.08125
1 0.34375 0.5375 0.1296875 0.20625
0 0.3203125 0.453125 0.04375 0.034375
1 0.3875 0.6234375 0.184375 0.3109375
0 0.38125 0.496875 0.0484375 0.05
1 0.3 0.45625 0.075 0.1296875
0 0.28125 0.4125 0.0234375 0.0265625
1 0.34375 0.4546875 0.084375 0.121875
0 0.34375 0.4078125 0.025 0.025
1 0.3859375 0.51875 0.1109375 0.19375
0 0.4 0.4484375 0.034375 0.0484375
1 0.465625 0.5640625 0.1609375 0.2515625
0 0.446875 0.459375 0.04375 0.0421875
1 0.4171875 0.4625 0.1015625 0.1390625
0 0.41875 0.4125 0.0265625 0.03125
1 0.4875 0.490625 0.084375 0.1546875
0 0.4890625 0.43125 0.0234375 0.0296875
1 0.490625 0.5296875 0.121875 0.196875
0 0.496875 0.4578125 0.0375 0.04375
1 0.5140625 0.48125 0.08125 0.1421875
0 0.51875 0.428125 0.0265625 0.028125
1 0.525 0.45625 0.1015625 0.11875
0 0.528125 0.4109375 0.0234375 0.025
1 0.596875 0.5453125 0.1328125 0.2375
0 0.590625 0.4484375 0.040625 0.0328125
1 0.6125 0.5203125 0.134375 0.2125
0 0.60625 0.45 0.0375 0.0546875
1 0.5703125 0.5234375 0.10625 0.20625
0 0.571875 0.44375 0.025 0.0328125
1 0.7671875 0.45 0.071875 0.209375
0 0.78125 0.3703125 0.0234375 0.03125
1 0.6484375 0.740625 0.3171875 0.5125
0 0.6703125 0.55 0.1140625 0.121875
1 0.74375 0.6671875 0.2 0.3875
0 0.7765625 0.53125 0.06875 0.084375
1 0.7234375 0.61875 0.2015625 0.3484375
0 0.715625 0.484375 0.06875 0.075
1 0.8015625 0.5921875 0.16875 0.3140625
0 0.8 0.48125 0.05625 0.06875
1 0.8765625 0.7609375 0.240625 0.4703125
0 0.915625 0.6015625 0.115625 0.1265625
1 0.8875 0.6734375 0.2171875 0.4421875
0 0.890625 0.5109375 0.0828125 0.10625
1 0.9234375 0.61875 0.1453125 0.2796875
0 0.9734375 0.5265625 0.0453125 0.0765625
1 0.85 0.5515625 0.1390625 0.2515625
0 0.8375 0.4625 0.0546875 0.0546875
1 0.38125 0.453125 0.059375 0.0828125
0 0.3828125 0.4296875 0.025 0.0265625