1 0.978125 0.6859375 0.040625 0.2296875
0 0.9859375 0.5875 0.025 0.03125
1 0.965625 0.653125 0.065625 0.2
0 0.9625 0.565625 0.0203125 0.021875
1 0.9375 0.575 0.015625 0.0375
0 0.9390625 0.559375 0.0046875 0.0046875
1 0.984375 0.5796875 0.009375 0.0296875
0 0.984375 0.5671875 0.0046875 0.003125
1 0.9859375 0.578125 0.009375 0.034375
0 0.984375 0.5640625 0.0046875 0.0046875
1 0.996875 0.571875 0.003125 0.028125
0 0.9984375 0.559375 0 0.003125
1 0.8609375 0.590625 0.0203125 0.021875
0 0.859375 0.5828125 0.0046875 0.0046875
1 0.853125 0.5890625 0.021875 0.021875
0 0.8546875 0.58125 0.00625 0.00625
1 0.8703125 0.5734375 0.0140625 0.034375
0 0.871875 0.5609375 0.0046875 0.00625
1 0.9046875 0.66875 0.10625 0.2125
0 0.8921875 0.578125 0.0265625 0.028125
1 0.8984375 0.65625 0.0625 0.16875
0 0.9140625 0.590625 0.0203125 0.0203125
1 0.8359375 0.5875 0.028125 0.08125
0 0.8359375 0.553125 0.0078125 0.0109375
1 0.7875 0.6984375 0.1671875 0.3484375
0 0.7984375 0.565625 0.053125 0.05625
1 0.7015625 0.69375 0.1125 0.359375
0 0.7015625 0.5546875 0.046875 0.0578125
1 0.7578125 0.659375 0.05625 0.184375
0 0.746875 0.578125 0.021875 0.0203125
1 0.75625 0.640625 0.053125 0.171875
0 0.7453125 0.56875 0.0203125 0.0234375
1 0.6828125 0.6875 0.08125 0.23125
0 0.690625 0.5890625 0.028125 0.0328125
1 0.665625 0.659375 0.0640625 0.2015625
0 0.6765625 0.5703125 0.01875 0.0234375
1 0.625 0.665625 0.0484375 0.15625
0 0.621875 0.603125 0.01875 0.025
1 0.615625 0.6828125 0.084375 0.2578125
0 0.6140625 0.571875 0.03125 0.034375
1 0.56875 0.6578125 0.05 0.0625
0 0.571875 0.6359375 0.0140625 0.015625
1 0.5390625 0.5859375 0.0359375 0.078125
0 0.5296875 0.5515625 0.0078125 0.0109375
1 0.4703125 0.65 0.1046875 0.228125
0 0.4578125 0.553125 0.0234375 0.0296875
1 0.4171875 0.7171875 0.1296875 0.3125
0 0.4109375 0.596875 0.053125 0.0609375
1 0.371875 0.6875 0.2171875 0.3703125
0 0.3484375 0.5515625 0.071875 0.0828125
1 0.303125 0.6953125 0.13125 0.3046875
0 0.30625 0.5671875 0.0390625 0.04375
1 0.221875 0.6546875 0.109375 0.071875
0 0.215625 0.6296875 0.01875 0.0171875
1 0.2359375 0.6578125 0.059375 0.034375
0 0.2125 0.6578125 0.0109375 0.009375
1 0.278125 0.5828125 0.028125 0.0640625
0 0.2828125 0.55625 0.00625 0.0078125
1 0.228125 0.5859375 0.025 0.065625
0 0.2296875 0.559375 0.0078125 0.009375
1 0.2078125 0.5921875 0.028125 0.071875
0 0.20625 0.5625 0.0078125 0.0078125
1 0.1765625 0.640625 0.04375 0.0609375
0 0.175 0.61875 0.0140625 0.0140625
1 0.14375 0.6421875 0.0390625 0.059375
0 0.140625 0.6203125 0.0125 0.0140625
1 0.1375 0.6015625 0.0375 0.034375
0 0.14375 0.5921875 0.0078125 0.009375
1 0.125 0.6 0.0234375 0.03125
0 0.1265625 0.5890625 0.00625 0.0078125
1 0.15625 0.6046875 0.0328125 0.0140625
0 0.1703125 0.6015625 0.0046875 0.0046875
1 0.1015625 0.709375 0.18125 0.3265625
0 0.09375 0.5875 0.0546875 0.0671875
1 0.0359375 0.69375 0.071875 0.359375
0 0.01640625 0.5515625 0.0328125 0.075
1 0.0265625 0.6546875 0.053125 0.2390625
0 0.034375 0.5546875 0.0296875 0.034375
1 0.0765625 0.659375 0.05625 0.1953125
0 0.0875 0.578125 0.03125 0.034375
1 0.115625 0.6140625 0.0234375 0.0296875
0 0.1140625 0.6046875 0.0046875 0.00625
1 0.7359375 0.5640625 0.00625 0.015625
0 0.7359375 0.5578125 0.0015625 0.003125
1 0.5265625 0.5671875 0.0078125 0.0234375
0 0.5265625 0.5578125 0.003125 0.003125
1 0.5 0.571875 0.0125 0.0328125
0 0.5015625 0.5578125 0.003125 0.003125
1 0.2578125 0.571875 0.0140625 0.028125
0 0.2578125 0.5609375 0.003125 0.0046875
1 0.2625 0.5671875 0.0078125 0.0234375
0 0.2625 0.55625 0.0015625 0.003125
1 0.2640625 0.5625 0.00625 0.01875
0 0.265625 0.553125 0.0015625 0.0015625
1 0.0546875 0.5921875 0.0140625 0.0296875
0 0.053125 0.5828125 0.00625 0.00625
1 0.1921875 0.575 0.009375 0.034375
0 0.19375 0.5609375 0.0046875 0.0046875
1 0.2 0.5734375 0.0078125 0.0328125
0 0.2015625 0.559375 0.003125 0.003125
1 0.246875 0.5734375 0.0078125 0.0265625
0 0.2453125 0.5625 0.003125 0.003125
1 0.2421875 0.58125 0.0078125 0.015625
0 0.24375 0.5765625 0.003125 0.003125
1 0.240625 0.571875 0.0078125 0.0265625
0 0.2390625 0.5609375 0.003125 0.003125
1 0.1828125 0.5734375 0.0109375 0.028125
0 0.184375 0.5625 0.003125 0.003125
1 0.1734375 0.5703125 0.0109375 0.028125
0 0.1734375 0.559375 0.003125 0.003125
1 0.1640625 0.571875 0.0078125 0.028125
0 0.1640625 0.5609375 0.003125 0.0046875
1 0.15 0.5734375 0.0109375 0.028125
0 0.15 0.5640625 0.003125 0.0046875
1 0.1546875 0.571875 0.009375 0.0265625
0 0.1546875 0.5609375 0.003125 0.003125
1 0.1421875 0.578125 0.0109375 0.0265625
0 0.140625 0.5671875 0.003125 0.003125
1 0.1296875 0.5765625 0.0109375 0.028125
0 0.13125 0.5640625 0.003125 0.0046875
1 0.1421875 0.5765625 0.0109375 0.025
0 0.140625 0.5671875 0.003125 0.0046875
1 0.509375 0.56875 0.0125 0.0296875
0 0.5109375 0.55625 0.003125 0.003125
1 0.1375 0.5734375 0.0078125 0.028125
0 0.1375 0.5609375 0.0015625 0.0015625
1 0.1765625 0.5703125 0.0078125 0.0234375
0 0.1765625 0.559375 0.0015625 0.0015625
1 0.1828125 0.56875 0.00625 0.025
0 0.1828125 0.5578125 0.0015625 0.003125
1 0.215625 0.571875 0.0078125 0.025
0 0.215625 0.5625 0.003125 0.003125
1 0.21875 0.5625 0.0046875 0.015625
0 0.21875 0.55625 0.0015625 0.003125
1 0.2265625 0.565625 0.009375 0.0234375
0 0.2265625 0.55625 0.003125 0.003125
1 0.2421875 0.55625 0.0078125 0.021875
0 0.2421875 0.5484375 0.0015625 0.003125
1 0.2359375 0.559375 0.0078125 0.0203125
0 0.2359375 0.5515625 0.0015625 0.003125
1 0.3953125 0.5671875 0.0078125 0.025
0 0.3953125 0.55625 0.0046875 0.0046875
1 0.4390625 0.5625 0.00625 0.01875
0 0.4375 0.55625 0.0015625 0.0015625
1 0.44375 0.5625 0.0046875 0.0171875
0 0.44375 0.5546875 0.0015625 0.003125
1 0.4328125 0.56875 0.0078125 0.021875
0 0.4328125 0.559375 0.0046875 0.0046875
1 0.4390625 0.6546875 0.078125 0.1984375
0 0.4234375 0.571875 0.028125 0.0265625
1 0.3875 0.565625 0.00625 0.01875
0 0.3859375 0.5578125 0.0015625 0.0015625
1 0.5953125 0.5703125 0.00625 0.0140625
0 0.5953125 0.5640625 0.003125 0.0015625
1 0.590625 0.5671875 0.0046875 0.0171875
0 0.5921875 0.559375 0.0015625 0.0015625
1 0.5953125 0.5671875 0.00625 0.0234375
0 0.59375 0.55625 0.003125 0.003125
1 0.5703125 0.56875 0.00625 0.0203125
0 0.56875 0.5609375 0.003125 0.003125
1 0.5703125 0.5625 0.0046875 0.0125
0 0.571875 0.55625 0.0015625 0.0015625
1 0.565625 0.5671875 0.0046875 0.0140625
0 0.565625 0.5625 0.0015625 0.003125
1 0.55625 0.565625 0.0046875 0.0203125
0 0.55625 0.5578125 0.003125 0.003125
1 0.5453125 0.5671875 0.0078125 0.021875
0 0.5453125 0.5578125 0.003125 0.003125
1 0.5515625 0.5640625 0.0046875 0.01875
0 0.5515625 0.5578125 0.003125 0.003125
1 0.5453125 0.5578125 0.0046875 0.0140625
0 0.5453125 0.5515625 0.0015625 0.0015625
1 0.5359375 0.559375 0.0046875 0.0171875
0 0.5375 0.553125 0.0015625 0.0015625
1 0.6296875 0.565625 0.009375 0.0265625
0 0.6296875 0.55625 0.003125 0.003125
1 0.6484375 0.5671875 0.00625 0.01875
0 0.6484375 0.559375 0.0015625 0.003125
1 0.6625 0.565625 0.00625 0.01875
0 0.6609375 0.5578125 0.003125 0.003125
1 0.053125 0.5671875 0.009375 0.0234375
0 0.053125 0.5578125 0.003125 0.003125
1 0.0484375 0.5625 0.009375 0.021875
0 0.05 0.5546875 0.0015625 0.003125