1 0.9421875 0.5421875 0.08125 0.18125
0 0.934375 0.4671875 0.0234375 0.028125
1 0.875 0.5296875 0.046875 0.1296875
0 0.871875 0.478125 0.015625 0.0171875
1 0.8296875 0.51875 0.034375 0.090625
0 0.83125 0.48125 0.0109375 0.0109375
1 0.7875 0.5359375 0.0390625 0.0703125
0 0.7828125 0.5109375 0.0125 0.015625
1 0.7765625 0.503125 0.01875 0.053125
0 0.7765625 0.48125 0.00625 0.00625
1 0.75 0.559375 0.0625 0.1796875
0 0.7484375 0.48125 0.0203125 0.021875
1 0.7125 0.53125 0.0390625 0.1171875
0 0.721875 0.4859375 0.015625 0.021875
1 0.7296875 0.51875 0.025 0.09375
0 0.73125 0.4828125 0.009375 0.0125
1 0.6875 0.5515625 0.0515625 0.1796875
0 0.6953125 0.4765625 0.01875 0.0234375
1 0.65 0.5234375 0.0296875 0.08125
0 0.6453125 0.4875 0.009375 0.0109375
1 0.65625 0.51875 0.0234375 0.0796875
0 0.653125 0.4859375 0.009375 0.0109375
1 0.659375 0.5171875 0.015625 0.0703125
0 0.6625 0.4875 0.0046875 0.00625
1 0.609375 0.525 0.034375 0.05
0 0.6140625 0.5046875 0.0078125 0.009375
1 0.596875 0.5203125 0.0375 0.0875
0 0.5921875 0.4828125 0.009375 0.0109375
1 0.5828125 0.51875 0.021875 0.071875
0 0.584375 0.4890625 0.009375 0.009375
1 0.559375 0.5078125 0.0234375 0.0609375
0 0.5578125 0.484375 0.00625 0.00625
1 0.55625 0.528125 0.03125 0.0578125
0 0.55625 0.5046875 0.0078125 0.0078125
1 0.5265625 0.528125 0.034375 0.0609375
0 0.528125 0.5046875 0.009375 0.0109375
1 0.546875 0.590625 0.11875 0.15
0 0.5609375 0.5328125 0.0265625 0.0296875
1 0.503125 0.5375 0.046875 0.1328125
0 0.5 0.4828125 0.015625 0.0203125
1 0.471875 0.5265625 0.0359375 0.0609375
0 0.465625 0.5015625 0.009375 0.0109375
1 0.4640625 0.5109375 0.01875 0.0671875
0 0.4640625 0.4828125 0.0078125 0.0078125
1 0.4578125 0.5109375 0.025 0.0671875
0 0.4546875 0.4828125 0.0078125 0.009375
1 0.4359375 0.5140625 0.028125 0.0859375
0 0.4328125 0.4765625 0.0109375 0.0109375
1 0.403125 0.53125 0.0453125 0.05625
0 0.415625 0.503125 0.009375 0.009375
1 0.4 0.51875 0.0328125 0.0515625
0 0.4 0.5 0.009375 0.009375
1 0.3703125 0.5203125 0.03125 0.0546875
0 0.3765625 0.5 0.009375 0.0109375
1 0.359375 0.5203125 0.0328125 0.053125
0 0.3609375 0.5 0.009375 0.009375
1 0.353125 0.5015625 0.01875 0.0375
0 0.35625 0.4875 0.0046875 0.00625
1 0.3328125 0.521875 0.0328125 0.084375
0 0.334375 0.4875 0.0109375 0.0109375
1 0.4109375 0.615625 0.0890625 0.1625
0 0.4203125 0.5484375 0.0296875 0.028125
1 0.290625 0.584375 0.0984375 0.2359375
0 0.3109375 0.484375 0.028125 0.0328125
1 0.290625 0.56875 0.071875 0.203125
0 0.2953125 0.4796875 0.0234375 0.0234375
1 0.2671875 0.55625 0.0609375 0.1
0 0.259375 0.515625 0.0140625 0.015625
1 0.2875 0.528125 0.0359375 0.1125
0 0.2875 0.4828125 0.015625 0.01875
1 0.275 0.546875 0.05625 0.1453125
0 0.2671875 0.48125 0.0125 0.0140625
1 0.25 0.515625 0.025 0.0859375
0 0.2484375 0.4796875 0.009375 0.0109375
1 0.221875 0.5140625 0.028125 0.0828125
0 0.221875 0.48125 0.00625 0.009375
1 0.178125 0.5125 0.0296875 0.0921875
0 0.1796875 0.475 0.0109375 0.0125
1 0.1125 0.5078125 0.0296875 0.0703125
0 0.1078125 0.4796875 0.009375 0.0078125
1 0.09375 0.609375 0.13125 0.1796875
0 0.0515625 0.5375 0.0328125 0.034375
1 0.053125 0.509375 0.0234375 0.0578125
0 0.0625 0.4859375 0.009375 0.009375
1 0.034375 0.5046875 0.0203125 0.059375
0 0.0359375 0.4828125 0.0078125 0.009375
1 0.009375 0.503125 0.01875 0.05625
0 0.0140625 0.4828125 0.0078125 0.0078125
1 0.1984375 0.5515625 0.0640625 0.1890625
0 0.20625 0.475 0.025 0.028125
1 0.2265625 0.5578125 0.0703125 0.109375
0 0.21875 0.51875 0.0109375 0.01875