1 0.978125 0.44375 0.0390625 0.2359375
0 0.99375 0.353125 0.009375 0.0296875
1 0.628125 0.5109375 0.140625 0.3828125
0 0.6359375 0.3546875 0.053125 0.0625
1 0.484375 0.5109375 0.0828125 0.2578125
0 0.478125 0.409375 0.0421875 0.046875
1 0.44375 0.440625 0.0890625 0.3078125
0 0.4515625 0.3125 0.0390625 0.046875
1 0.415625 0.5109375 0.1359375 0.3796875
0 0.4046875 0.346875 0.0421875 0.05625
1 0.5953125 0.303125 0.025 0.078125
0 0.590625 0.26875 0.0078125 0.0078125
1 0.5765625 0.2859375 0.015625 0.0265625
0 0.5734375 0.2765625 0.00625 0.0046875
1 0.63125 0.3015625 0.034375 0.0515625
0 0.634375 0.2828125 0.0078125 0.009375
1 0.5625 0.2765625 0.015625 0.053125
0 0.559375 0.253125 0.00625 0.0078125
1 0.55 0.2859375 0.021875 0.05
0 0.5453125 0.265625 0.0078125 0.009375
1 0.5390625 0.2828125 0.0140625 0.0515625
0 0.5390625 0.2625 0.0046875 0.0046875
1 0.5296875 0.2671875 0.015625 0.0359375
0 0.5265625 0.253125 0.0046875 0.0046875
1 0.5125 0.3171875 0.0484375 0.1046875
0 0.5109375 0.2734375 0.009375 0.0125
1 0.4859375 0.3296875 0.0265625 0.0703125
0 0.4859375 0.303125 0.009375 0.0109375
1 0.453125 0.3265625 0.0421875 0.1296875
0 0.45625 0.2734375 0.0140625 0.015625
1 0.465625 0.3234375 0.0359375 0.109375
0 0.4640625 0.2796875 0.009375 0.009375
1 0.46875 0.2609375 0.009375 0.0328125
0 0.46875 0.246875 0.0015625 0.003125
1 0.496875 0.2671875 0.0125 0.0375
0 0.496875 0.253125 0.00625 0.0046875
1 0.2578125 0.53125 0.1421875 0.3828125
0 0.2453125 0.371875 0.0515625 0.0546875
1 0.240625 0.490625 0.1296875 0.3453125
0 0.259375 0.3453125 0.0390625 0.0515625
1 0.3109375 0.41875 0.096875 0.2375
0 0.3015625 0.3203125 0.034375 0.0375
1 0.128125 0.4890625 0.1265625 0.3359375
0 0.121875 0.35 0.034375 0.0453125
1 0.046875 0.484375 0.09375 0.371875
0 0.0140625 0.328125 0.025 0.05
1 0.4328125 0.2859375 0.0296875 0.075
0 0.43125 0.2546875 0.0078125 0.0109375
1 0.4140625 0.3125 0.028125 0.09375
0 0.4109375 0.271875 0.009375 0.0109375
1 0.409375 0.284375 0.025 0.0578125
0 0.409375 0.2609375 0.00625 0.0078125
1 0.3953125 0.3328125 0.053125 0.1265625
0 0.3953125 0.2828125 0.015625 0.0171875
1 0.375 0.315625 0.0390625 0.09375
0 0.3828125 0.2765625 0.0109375 0.0125
1 0.3421875 0.315625 0.028125 0.096875
0 0.340625 0.2765625 0.0140625 0.0140625
1 0.3234375 0.30625 0.0390625 0.1046875
0 0.321875 0.2625 0.0125 0.015625
1 0.303125 0.325 0.046875 0.11875
0 0.2953125 0.2734375 0.0125 0.0140625
1 0.23125 0.39375 0.08125 0.2109375
0 0.2375 0.30625 0.03125 0.0359375
1 0.096875 0.31875 0.0453125 0.1296875
0 0.0890625 0.2671875 0.0140625 0.0171875
1 0.1203125 0.3484375 0.0484375 0.159375
0 0.115625 0.284375 0.0171875 0.021875
1 0.1515625 0.33125 0.040625 0.121875
0 0.1515625 0.284375 0.0140625 0.015625
1 0.18125 0.3421875 0.053125 0.1359375
0 0.18125 0.2875 0.015625 0.0171875
1 0.0765625 0.3171875 0.04375 0.0578125
0 0.0734375 0.29375 0.009375 0.0109375
1 0.15 0.29375 0.0203125 0.078125
0 0.15 0.2609375 0.009375 0.0125
1 0.140625 0.3 0.0171875 0.0796875
0 0.1421875 0.2640625 0.0078125 0.0078125
1 0.19375 0.3203125 0.03125 0.0984375
0 0.19375 0.278125 0.0125 0.0140625
1 0.234375 0.325 0.0546875 0.1296875
0 0.2359375 0.26875 0.015625 0.01875
1 0.2109375 0.3046875 0.0203125 0.078125
0 0.2109375 0.271875 0.009375 0.0140625
1 0.2203125 0.3 0.028125 0.08125
0 0.221875 0.26875 0.009375 0.015625
1 0.2609375 0.3078125 0.034375 0.0875
0 0.2578125 0.2734375 0.009375 0.0125
1 0.2859375 0.2625 0.01875 0.0390625
0 0.2859375 0.246875 0.0046875 0.0046875
1 0.2734375 0.2890625 0.0203125 0.0578125
0 0.2734375 0.265625 0.0078125 0.0078125
1 0.3109375 0.284375 0.0171875 0.053125
0 0.3109375 0.2609375 0.0078125 0.0078125
1 0.3421875 0.2890625 0.028125 0.0671875
0 0.3375 0.2609375 0.009375 0.0109375
1 0.3296875 0.28125 0.015625 0.0578125
0 0.33125 0.2578125 0.0046875 0.0078125
1 0.334375 0.2515625 0.0078125 0.0171875
0 0.3328125 0.2453125 0.0015625 0.0015625
1 0.325 0.25 0.0109375 0.0203125
0 0.325 0.24375 0.0015625 0.003125
1 0.31875 0.2546875 0.0078125 0.0203125
0 0.31875 0.2453125 0.0015625 0.0015625
1 0.3484375 0.2859375 0.015625 0.05
0 0.3484375 0.265625 0.00625 0.0078125
1 0.365625 0.2890625 0.025 0.0671875
0 0.3625 0.2609375 0.0078125 0.0078125
1 0.346875 0.275 0.015625 0.046875
0 0.3453125 0.25625 0.0046875 0.00625
1 0.3875 0.284375 0.0234375 0.0640625
0 0.3890625 0.253125 0.00625 0.0078125
1 0.3578125 0.2671875 0.0125 0.040625
0 0.3578125 0.25 0.0046875 0.0046875
1 0.36875 0.2703125 0.0140625 0.0421875
0 0.3671875 0.253125 0.0046875 0.0046875
1 0.378125 0.26875 0.0140625 0.0421875
0 0.378125 0.2515625 0.003125 0.0046875
1 0.421875 0.265625 0.0140625 0.0375
0 0.421875 0.2484375 0.003125 0.0046875
1 0.4109375 0.2625 0.0140625 0.0359375
0 0.4140625 0.246875 0.0046875 0.0046875
1 0.3984375 0.2640625 0.0109375 0.034375
0 0.3984375 0.25 0.003125 0.0046875
1 0.4421875 0.265625 0.009375 0.0375
0 0.4421875 0.25 0.0046875 0.003125
1 0.4515625 0.2703125 0.0140625 0.040625
0 0.453125 0.253125 0.003125 0.0046875