1 0.0859375 0.4984375 0.05625 0.1078125
0 0.0875 0.459375 0.0171875 0.01875
1 0.1765625 0.534375 0.065625 0.2375
0 0.1640625 0.4390625 0.034375 0.0359375
1 0.23125 0.4734375 0.040625 0.1375
0 0.2203125 0.415625 0.0171875 0.0203125
1 0.234375 0.45 0.03125 0.0953125
0 0.23125 0.4109375 0.0125 0.0125
1 0.259375 0.4515625 0.0359375 0.0859375
0 0.2546875 0.415625 0.0109375 0.0125
1 0.2359375 0.46875 0.04375 0.096875
0 0.2296875 0.428125 0.0140625 0.0125
1 0.0953125 0.4375 0.0171875 0.0328125
0 0.0921875 0.4265625 0.00625 0.00625
1 0.33125 0.4453125 0.0265625 0.071875
0 0.3296875 0.4171875 0.0078125 0.0078125
1 0.3484375 0.4234375 0.0140625 0.0296875
0 0.346875 0.4125 0.003125 0.003125
1 0.3375 0.41875 0.0109375 0.025
0 0.3375 0.409375 0.003125 0.003125
1 0.3109375 0.425 0.0125 0.0359375
0 0.3125 0.409375 0.0046875 0.00625
1 0.3078125 0.4234375 0.0078125 0.0328125
0 0.3078125 0.4109375 0.003125 0.0046875
1 0.3 0.4203125 0.0125 0.03125
0 0.3 0.409375 0.003125 0.0046875
1 0.3578125 0.4171875 0.0078125 0.025
0 0.3578125 0.4078125 0.0015625 0.0015625
1 0.3640625 0.4171875 0.0078125 0.0265625
0 0.3640625 0.4078125 0.003125 0.003125
1 0.3828125 0.4234375 0.0140625 0.040625
0 0.384375 0.4078125 0.0046875 0.0078125
1 0.38125 0.4453125 0.0234375 0.0625
0 0.3828125 0.415625 0.00625 0.00625
1 0.3875 0.5640625 0.1203125 0.3046875
0 0.39375 0.4359375 0.0375 0.0453125
1 0.9734375 0.5015625 0.05 0.1359375
0 0.978125 0.4484375 0.021875 0.021875
1 0.8578125 0.6921875 0.2375 0.2734375
0 0.8703125 0.5921875 0.0578125 0.0671875
1 0.83125 0.7046875 0.25 0.25
0 0.8265625 0.6265625 0.0703125 0.0796875
1 0.6125 0.6828125 0.1578125 0.290625
0 0.628125 0.578125 0.05625 0.0671875
1 0.66875 0.65 0.128125 0.2953125
0 0.65625 0.534375 0.040625 0.0578125
1 0.5421875 0.6296875 0.140625 0.3625
0 0.546875 0.4796875 0.0453125 0.0546875
1 0.603125 0.5453125 0.0953125 0.1703125
0 0.596875 0.484375 0.0375 0.04375
1 0.6671875 0.425 0.0125 0.034375
0 0.665625 0.4125 0.003125 0.003125
1 0.6484375 0.459375 0.04375 0.1
0 0.6484375 0.41875 0.015625 0.015625
1 0.6265625 0.4515625 0.0203125 0.0671875
0 0.6265625 0.425 0.0078125 0.009375
1 0.6078125 0.44375 0.034375 0.078125
0 0.609375 0.4109375 0.0078125 0.0109375
1 0.61875 0.4234375 0.0125 0.0375
0 0.6171875 0.4109375 0.00625 0.0046875
1 0.584375 0.4390625 0.021875 0.0546875
0 0.5859375 0.41875 0.00625 0.00625
1 0.5484375 0.4578125 0.0453125 0.1046875
0 0.5546875 0.415625 0.015625 0.01875
1 0.4171875 0.4328125 0.015625 0.046875
0 0.41875 0.4140625 0.0046875 0.0046875