1 0.5234375 0.6921875 0.2609375 0.484375
0 0.5078125 0.509375 0.0734375 0.1015625
1 0.6234375 0.678125 0.228125 0.5109375
0 0.5875 0.478125 0.0796875 0.096875
1 0.6921875 0.6234375 0.196875 0.56875
0 0.65625 0.384375 0.059375 0.071875
1 0.515625 0.4984375 0.175 0.384375
0 0.5140625 0.334375 0.04375 0.05
1 0.48125 0.4765625 0.1 0.31875
0 0.4859375 0.34375 0.0359375 0.0453125
1 0.453125 0.45 0.121875 0.328125
0 0.4515625 0.3125 0.0453125 0.0453125
1 0.3671875 0.4453125 0.103125 0.2828125
0 0.3609375 0.328125 0.0328125 0.034375
1 0.3171875 0.4390625 0.0828125 0.2578125
0 0.3171875 0.33125 0.0265625 0.0328125