1 0.0890625 0.61875 0.125 0.1875
0 0.0609375 0.5453125 0.025 0.03125
1 0.1890625 0.6078125 0.0875 0.15625
0 0.209375 0.54375 0.0203125 0.0234375
1 0.240625 0.5375 0.0140625 0.04375
0 0.2421875 0.521875 0.00625 0.00625
1 0.25 0.5390625 0.021875 0.05
0 0.253125 0.5203125 0.00625 0.00625
1 0.309375 0.625 0.09375 0.2921875
0 0.315625 0.503125 0.03125 0.040625
1 0.346875 0.6625 0.078125 0.2875
0 0.340625 0.54375 0.0390625 0.0359375
1 0.39375 0.5765625 0.0515625 0.1265625
0 0.4015625 0.5234375 0.015625 0.0171875
1 0.428125 0.6296875 0.0984375 0.2203125
0 0.4375 0.5375 0.01875 0.03125
1 0.4421875 0.571875 0.046875 0.1125
0 0.4515625 0.528125 0.0125 0.0171875
1 0.4890625 0.64375 0.0859375 0.2671875
0 0.49375 0.5359375 0.0375 0.040625
1 0.53125 0.625 0.0890625 0.2375
0 0.5359375 0.521875 0.028125 0.03125
1 0.5640625 0.5625 0.025 0.0765625
0 0.5640625 0.5328125 0.0125 0.0125
1 0.571875 0.5578125 0.028125 0.078125
0 0.5734375 0.528125 0.009375 0.009375
1 0.6109375 0.61875 0.0828125 0.25
0 0.6 0.5125 0.0265625 0.0328125
1 0.6734375 0.565625 0.0296875 0.09375
0 0.6734375 0.5265625 0.0109375 0.0125
1 0.715625 0.5625 0.03125 0.08125
0 0.7140625 0.528125 0.0109375 0.0125
1 0.734375 0.646875 0.1125 0.2875
0 0.73125 0.53125 0.034375 0.0375
1 0.75625 0.54375 0.01875 0.04375
0 0.7578125 0.5265625 0.00625 0.00625
1 0.76875 0.54375 0.0140625 0.040625
0 0.76875 0.528125 0.00625 0.00625
1 0.7765625 0.5515625 0.025 0.0625
0 0.775 0.528125 0.00625 0.0078125
1 0.8046875 0.540625 0.0125 0.03125
0 0.8046875 0.5296875 0.00625 0.00625
1 0.8328125 0.540625 0.01875 0.040625
0 0.834375 0.528125 0.00625 0.00625
1 0.84375 0.546875 0.0140625 0.0390625
0 0.84375 0.5328125 0.00625 0.00625
1 0.85 0.546875 0.01875 0.04375
0 0.8515625 0.53125 0.00625 0.00625
1 0.875 0.5421875 0.0125 0.03125
0 0.8765625 0.5328125 0.00625 0.00625
1 0.8875 0.5453125 0.0171875 0.0375
0 0.8875 0.53125 0.0046875 0.00625
1 0.896875 0.54375 0.0140625 0.0328125
0 0.8984375 0.53125 0.0046875 0.0046875
1 0.9125 0.5421875 0.0125 0.025
0 0.9125 0.534375 0.0046875 0.0046875
1 0.91875 0.540625 0.0140625 0.0265625
0 0.9171875 0.53125 0.003125 0.003125
1 0.934375 0.5453125 0.01875 0.04375
0 0.93125 0.5296875 0.00625 0.00625
1 0.940625 0.54375 0.0109375 0.0296875
0 0.940625 0.5328125 0.0046875 0.0046875
1 0.9515625 0.54375 0.0125 0.0296875
0 0.953125 0.534375 0.003125 0.0046875
1 0.965625 0.5390625 0.0125 0.0265625
0 0.9671875 0.53125 0.0046875 0.00625
1 0.9703125 0.540625 0.0125 0.03125
0 0.971875 0.528125 0.0046875 0.0046875
1 0.975 0.5390625 0.0171875 0.03125
0 0.978125 0.528125 0.0046875 0.0046875
1 0.9921875 0.5390625 0.0078125 0.03125
0 0.996875 0.5265625 0 0.00625