1 0.9203125 0.328125 0.0671875 0.1578125
0 0.925 0.2640625 0.021875 0.0265625
1 0.959375 0.3734375 0.0734375 0.2546875
0 0.9828125 0.265625 0.028125 0.034375
1 0.75625 0.36875 0.1546875 0.25
0 0.75625 0.2671875 0.0375 0.040625
1 0.734375 0.453125 0.1359375 0.4359375
0 0.7375 0.275 0.0609375 0.06875
1 0.6765625 0.2859375 0.03125 0.0703125
0 0.671875 0.2609375 0.009375 0.009375
1 0.64375 0.390625 0.115625 0.253125
0 0.6234375 0.2859375 0.0265625 0.0390625
1 0.4734375 0.4078125 0.1375 0.359375
0 0.465625 0.253125 0.0359375 0.034375
1 0.5484375 0.45625 0.1640625 0.4328125
0 0.5265625 0.2984375 0.0515625 0.06875
1 0.4203125 0.3453125 0.0609375 0.1671875
0 0.4203125 0.275 0.0234375 0.025
1 0.384375 0.3921875 0.1140625 0.2953125
0 0.371875 0.26875 0.0359375 0.040625
1 0.3328125 0.428125 0.171875 0.3703125
0 0.2984375 0.271875 0.0609375 0.053125
1 0.1953125 0.4375 0.178125 0.3359375
0 0.1921875 0.303125 0.0453125 0.05625
1 0.1421875 0.38125 0.059375 0.175
0 0.1421875 0.3078125 0.0171875 0.0203125