1 0.1421875 0.490625 0.075 0.1828125
0 0.159375 0.415625 0.01875 0.0234375
1 0.2171875 0.509375 0.1234375 0.315625
0 0.215625 0.3796875 0.0359375 0.0421875
1 0.2953125 0.5203125 0.0890625 0.15
0 0.3234375 0.4671875 0.0234375 0.028125
1 0.35 0.496875 0.0734375 0.215625
0 0.3640625 0.4140625 0.028125 0.0328125
1 0.3890625 0.5046875 0.1125 0.2828125
0 0.3796875 0.3859375 0.0296875 0.0359375
1 0.5015625 0.5 0.0703125 0.2109375
0 0.503125 0.4171875 0.028125 0.03125
1 0.5625 0.5 0.1015625 0.2828125
0 0.565625 0.3828125 0.0328125 0.0359375
1 0.6265625 0.5140625 0.134375 0.353125
0 0.6265625 0.371875 0.04375 0.04375
1 0.7765625 0.521875 0.0609375 0.121875
0 0.7703125 0.4734375 0.0171875 0.01875
1 0.878125 0.5234375 0.140625 0.26875
0 0.859375 0.4046875 0.021875 0.0265625
1 0.871875 0.509375 0.103125 0.2578125
0 0.8609375 0.403125 0.0234375 0.0234375
1 0.9734375 0.5046875 0.040625 0.171875
0 0.978125 0.440625 0.0140625 0.01875
1 0.98125 0.4953125 0.03125 0.3046875
0 0.990625 0.371875 0.0125 0.0421875