1 0.43125 0.659375 0.325 0.4234375
0 0.5265625 0.5015625 0.053125 0.078125
1 0.6359375 0.646875 0.2515625 0.45
0 0.6578125 0.475 0.0703125 0.0875
1 0.8609375 0.58125 0.271875 0.58125
0 0.84375 0.3625 0.0890625 0.109375
1 0.7640625 0.53125 0.2140625 0.678125
0 0.73125 0.36875 0.0703125 0.0890625
1 0.6015625 0.5859375 0.2140625 0.571875
0 0.609375 0.3484375 0.06875 0.0875
1 0.49375 0.61875 0.1640625 0.503125
0 0.4921875 0.4046875 0.05625 0.065625
1 0.4171875 0.596875 0.2125 0.5375
0 0.43125 0.371875 0.059375 0.075
1 0.296875 0.5359375 0.4125 0.60625
0 0.2828125 0.3671875 0.0625 0.078125
1 0.1609375 0.6203125 0.3171875 0.5
0 0.225 0.428125 0.0546875 0.075
1 0.3765625 0.628125 0.24375 0.4875
0 0.41875 0.43125 0.075 0.0875