1 0.9765625 0.603125 0.0421875 0.109375
0 0.984375 0.5578125 0.0140625 0.0125
1 0.9515625 0.5765625 0.021875 0.06875
0 0.95 0.546875 0.00625 0.00625
1 0.93125 0.571875 0.01875 0.0515625
0 0.93125 0.553125 0.0078125 0.009375
1 0.83125 0.5984375 0.04375 0.103125
0 0.83125 0.5546875 0.0125 0.0140625
1 0.796875 0.5953125 0.0296875 0.0953125
0 0.7984375 0.5546875 0.009375 0.009375
1 0.7421875 0.6046875 0.0390625 0.0890625
0 0.7484375 0.5671875 0.0125 0.009375
1 0.746875 0.590625 0.028125 0.1
0 0.74375 0.5484375 0.0125 0.0125
1 0.7671875 0.5921875 0.0359375 0.0734375
0 0.7734375 0.5640625 0.0109375 0.0109375
1 0.7 0.5984375 0.0359375 0.096875
0 0.7 0.5578125 0.0125 0.0125
1 0.684375 0.590625 0.034375 0.071875
0 0.6859375 0.5625 0.009375 0.009375
1 0.6125 0.58125 0.0171875 0.0390625
0 0.615625 0.56875 0.0078125 0.00625
1 0.5625 0.5921875 0.0296875 0.08125
0 0.559375 0.559375 0.009375 0.0125
1 0.521875 0.5984375 0.0390625 0.0765625
0 0.528125 0.5671875 0.009375 0.0109375
1 0.4796875 0.59375 0.034375 0.08125
0 0.4796875 0.5625 0.009375 0.0125
1 0.3796875 0.5828125 0.01875 0.0421875
0 0.384375 0.56875 0.0078125 0.009375
1 0.3671875 0.58125 0.021875 0.040625
0 0.3671875 0.565625 0.00625 0.00625
1 0.3515625 0.584375 0.0140625 0.0390625
0 0.3546875 0.56875 0.00625 0.00625
1 0.33125 0.59375 0.021875 0.0640625
0 0.334375 0.56875 0.009375 0.009375
1 0.2875 0.628125 0.059375 0.175
0 0.2921875 0.553125 0.01875 0.0234375
1 0.2171875 0.634375 0.084375 0.1609375
0 0.23125 0.565625 0.0171875 0.01875
1 0.15625 0.615625 0.0359375 0.1046875
0 0.1625 0.575 0.0125 0.0171875
1 0.171875 0.590625 0.0234375 0.0640625
0 0.1703125 0.5640625 0.00625 0.0078125
1 0.09375 0.621875 0.0484375 0.1515625
0 0.084375 0.5578125 0.0203125 0.0203125
1 0.10625 0.6125 0.0359375 0.1109375
0 0.103125 0.565625 0.009375 0.0109375
1 0.0234375 0.6078125 0.040625 0.1296875
0 0.01875 0.5546875 0.015625 0.01875