1 0.0171875 0.409375 0.034375 0.171875
0 0.009375 0.3390625 0.01875 0.0234375
1 0.025 0.384375 0.034375 0.103125
0 0.025 0.34375 0.0125 0.015625
1 0.040625 0.4015625 0.046875 0.1359375
0 0.04375 0.346875 0.015625 0.01875
1 0.0609375 0.3890625 0.034375 0.1265625
0 0.0625 0.3390625 0.015625 0.0203125
1 0.084375 0.409375 0.059375 0.15
0 0.084375 0.3515625 0.0171875 0.025
1 0.134375 0.43125 0.059375 0.184375
0 0.134375 0.35625 0.021875 0.025
1 0.125 0.4296875 0.0625 0.178125
0 0.134375 0.3546875 0.0171875 0.0265625
1 0.1484375 0.515625 0.146875 0.3796875
0 0.1515625 0.3515625 0.04375 0.0515625
1 0.2828125 0.509375 0.15625 0.4078125
0 0.2859375 0.346875 0.046875 0.0640625
1 0.403125 0.5140625 0.125 0.353125
0 0.403125 0.3671875 0.0390625 0.0515625
1 0.515625 0.503125 0.1265625 0.31875
0 0.515625 0.3703125 0.034375 0.05
1 0.6 0.503125 0.1296875 0.3140625
0 0.590625 0.375 0.0390625 0.04375
1 0.6875 0.5 0.1125 0.2765625
0 0.6796875 0.384375 0.034375 0.0421875
1 0.7375 0.4953125 0.1125 0.2671875
0 0.746875 0.3875 0.03125 0.040625
1 0.796875 0.4875 0.1125 0.246875
0 0.7921875 0.3921875 0.028125 0.03125
1 0.921875 0.4875 0.121875 0.25
0 0.9359375 0.384375 0.028125 0.0375
1 0.884375 0.4953125 0.0625 0.15
0 0.884375 0.4359375 0.021875 0.0234375
1 0.9625 0.490625 0.06875 0.2125
0 0.9796875 0.403125 0.0296875 0.03125
1 0.934375 0.471875 0.0734375 0.2203125
0 0.9578125 0.3828125 0.0265625 0.03125
1 0.9109375 0.478125 0.053125 0.1984375
0 0.909375 0.396875 0.0234375 0.025
1 0.84375 0.459375 0.06875 0.2078125
0 0.8625 0.371875 0.0296875 0.028125
1 0.846875 0.4578125 0.071875 0.184375
0 0.846875 0.384375 0.0234375 0.0265625
1 0.8109375 0.4578125 0.0546875 0.190625
0 0.8171875 0.378125 0.025 0.0234375
1 0.7828125 0.45625 0.05625 0.1796875
0 0.784375 0.3828125 0.025 0.028125
1 0.7234375 0.4625 0.0375 0.178125
0 0.721875 0.3859375 0.0171875 0.0203125
1 0.70625 0.440625 0.046875 0.1640625
0 0.709375 0.3703125 0.0234375 0.021875
1 0.6578125 0.471875 0.0671875 0.228125
0 0.665625 0.3734375 0.021875 0.028125
1 0.640625 0.4265625 0.0484375 0.1515625
0 0.64375 0.3609375 0.0125 0.0140625
1 0.6171875 0.4375 0.0484375 0.1375
0 0.625 0.3796875 0.015625 0.0171875
1 0.584375 0.4515625 0.065625 0.178125
0 0.5921875 0.375 0.025 0.0234375
1 0.525 0.4578125 0.0671875 0.2125
0 0.534375 0.371875 0.021875 0.028125
1 0.49375 0.41875 0.03125 0.1015625
0 0.4953125 0.3765625 0.009375 0.0125
1 0.4796875 0.3953125 0.025 0.0796875
0 0.4796875 0.3625 0.009375 0.0125
1 0.4640625 0.415625 0.046875 0.1421875
0 0.4625 0.35625 0.015625 0.021875
1 0.453125 0.4546875 0.05625 0.20625
0 0.459375 0.3671875 0.01875 0.028125
1 0.434375 0.415625 0.034375 0.109375
0 0.4265625 0.3671875 0.0109375 0.0125
1 0.425 0.4109375 0.0296875 0.103125
0 0.4265625 0.3671875 0.0125 0.0125
1 0.396875 0.465625 0.09375 0.2484375
0 0.39375 0.3546875 0.021875 0.025
1 0.371875 0.4015625 0.0328125 0.0921875
0 0.371875 0.3640625 0.009375 0.0109375
1 0.3546875 0.4046875 0.034375 0.1171875
0 0.35625 0.35625 0.0125 0.0140625
1 0.3515625 0.4046875 0.0390625 0.1015625
0 0.3515625 0.3625 0.0125 0.0140625
1 0.3296875 0.4265625 0.0734375 0.16875
0 0.3234375 0.353125 0.021875 0.021875
1 0.3171875 0.459375 0.059375 0.190625
0 0.315625 0.3796875 0.021875 0.025
1 0.3015625 0.440625 0.0640625 0.209375
0 0.30625 0.35 0.01875 0.0265625
1 0.2390625 0.41875 0.0640625 0.1875
0 0.2421875 0.3375 0.0171875 0.0203125
1 0.234375 0.4546875 0.0640625 0.2125
0 0.2375 0.3671875 0.025 0.028125
1 0.1890625 0.415625 0.05625 0.165625
0 0.184375 0.34375 0.0125 0.015625
1 0.1671875 0.4015625 0.0390625 0.1328125
0 0.175 0.3453125 0.0140625 0.0171875
1 0.1125 0.403125 0.0375 0.13125
0 0.1109375 0.346875 0.0140625 0.015625
1 0.0953125 0.40625 0.05 0.121875
0 0.0984375 0.3546875 0.0140625 0.015625
1 0.2109375 0.4671875 0.1140625 0.2734375
0 0.203125 0.353125 0.03125 0.040625