1 0.5015625 0.6328125 0.396875 0.7265625
0 0.50625 0.3765625 0.071875 0.0953125
1 0.803125 0.64375 0.1359375 0.4703125
0 0.8546875 0.459375 0.034375 0.0640625
1 0.7046875 0.6015625 0.178125 0.4796875
0 0.709375 0.40625 0.04375 0.0515625
1 0.5515625 0.5671875 0.1984375 0.5453125
0 0.565625 0.340625 0.0453125 0.0421875
1 0.428125 0.578125 0.1578125 0.440625
0 0.44375 0.3890625 0.0390625 0.05
1 0.30625 0.5078125 0.2078125 0.503125
0 0.3421875 0.296875 0.0421875 0.0484375
1 0.171875 0.50625 0.090625 0.4484375
0 0.15 0.3234375 0.0484375 0.0609375