1 0.2171875 0.69375 0.075 0.1703125
0 0.21875 0.621875 0.025 0.0265625
1 0.240625 0.69375 0.05625 0.165625
0 0.246875 0.621875 0.01875 0.0234375
1 0.271875 0.6703125 0.0390625 0.11875
0 0.28125 0.621875 0.0140625 0.0171875
1 0.321875 0.7015625 0.0765625 0.153125
0 0.3046875 0.6375 0.0171875 0.0234375
1 0.328125 0.7015625 0.0640625 0.15625
0 0.325 0.63125 0.0140625 0.015625
1 0.3796875 0.7015625 0.075 0.1546875
0 0.384375 0.640625 0.0171875 0.021875
1 0.409375 0.725 0.059375 0.1
0 0.4 0.6859375 0.0140625 0.015625
1 0.4015625 0.671875 0.0328125 0.059375
0 0.40625 0.6515625 0.00625 0.0078125
1 0.41875 0.675 0.01875 0.03125
0 0.421875 0.665625 0.00625 0.00625
1 0.4546875 0.696875 0.059375 0.14375
0 0.45625 0.6375 0.0171875 0.0203125
1 0.46875 0.6953125 0.06875 0.16875
0 0.4703125 0.628125 0.01875 0.028125
1 0.503125 0.6515625 0.0234375 0.05
0 0.5046875 0.6359375 0.00625 0.009375
1 0.496875 0.6421875 0.01875 0.0390625
0 0.5 0.628125 0.00625 0.0078125
1 0.5375 0.6921875 0.06875 0.134375
0 0.5390625 0.63125 0.0171875 0.0171875
1 0.5765625 0.6921875 0.046875 0.1296875
0 0.5703125 0.6359375 0.0140625 0.015625
1 0.5546875 0.6515625 0.025 0.0546875
0 0.5515625 0.63125 0.0078125 0.009375
1 0.5859375 0.653125 0.0296875 0.0609375
0 0.5859375 0.6296875 0.009375 0.0125
1 0.559375 0.6953125 0.0890625 0.1671875
0 0.5421875 0.628125 0.0171875 0.0234375
1 0.60625 0.678125 0.04375 0.121875
0 0.6171875 0.6296875 0.0140625 0.015625
1 0.63125 0.7015625 0.0765625 0.153125
0 0.6375 0.6375 0.0171875 0.021875
1 0.6484375 0.6859375 0.04375 0.1265625
0 0.646875 0.6359375 0.0171875 0.0203125
1 0.65625 0.6734375 0.040625 0.0984375
0 0.6578125 0.63125 0.0109375 0.0140625
1 0.6609375 0.6625 0.040625 0.08125
0 0.6578125 0.63125 0.0109375 0.015625
1 0.6984375 0.671875 0.0421875 0.1296875
0 0.7046875 0.61875 0.0140625 0.0171875
1 0.7234375 0.6796875 0.0421875 0.11875
0 0.7203125 0.6328125 0.0140625 0.0171875
1 0.765625 0.6703125 0.0609375 0.1359375
0 0.75625 0.628125 0.0171875 0.0171875
1 0.5578125 0.5703125 0.00625 0.0171875
0 0.5578125 0.5703125 0.00625 0.0171875
1 0.871875 0.68125 0.0828125 0.19375
0 0.875 0.6 0.021875 0.025
1 0.934375 0.6734375 0.0875 0.209375
0 0.9234375 0.5890625 0.0296875 0.028125
1 0.41875 0.6421875 0.0140625 0.03125
0 0.421875 0.63125 0.00625 0.00625