1 0.059375 0.41875 0.028125 0.090625
0 0.0625 0.3828125 0.0125 0.0140625
1 0.08125 0.4140625 0.0296875 0.090625
0 0.075 0.3765625 0.009375 0.0109375
1 0.1109375 0.415625 0.0359375 0.0890625
0 0.109375 0.378125 0.0125 0.0125
1 0.1328125 0.4109375 0.0203125 0.0625
0 0.1375 0.3859375 0.009375 0.009375
1 0.1453125 0.4078125 0.0171875 0.0546875
0 0.146875 0.384375 0.0046875 0.0046875
1 0.2640625 0.409375 0.034375 0.0640625
0 0.275 0.3875 0.0109375 0.0125
1 0.3 0.4203125 0.0390625 0.09375
0 0.3078125 0.384375 0.015625 0.015625
1 0.5140625 0.4265625 0.040625 0.1
0 0.5125 0.3875 0.0125 0.0171875
1 0.5859375 0.459375 0.1203125 0.18125
0 0.615625 0.3859375 0.0234375 0.0296875
1 0.6859375 0.5453125 0.153125 0.190625
0 0.7296875 0.475 0.03125 0.0375
1 0.7203125 0.5640625 0.2125 0.1625
0 0.8 0.5046875 0.046875 0.040625
1 0.1765625 0.4578125 0.0828125 0.1921875
0 0.171875 0.3765625 0.025 0.0265625
1 0.21875 0.45 0.0796875 0.1890625
0 0.2171875 0.3734375 0.0203125 0.0265625