1 0.00625 0.6546875 0.009375 0.053125
0 0.00234375 0.634375 0.0046875 0.009375
1 0.034375 0.6515625 0.01875 0.0578125
0 0.0359375 0.6296875 0.009375 0.009375
1 0.0484375 0.590625 0.01875 0.0421875
0 0.046875 0.5734375 0.0046875 0.0046875
1 0.0171875 0.5609375 0.0109375 0.03125
0 0.01875 0.5484375 0.0046875 0.0046875
1 0.0421875 0.5484375 0.0109375 0.028125
0 0.0453125 0.5390625 0.0046875 0.003125
1 0.1046875 0.64375 0.0234375 0.046875
0 0.103125 0.6265625 0.0046875 0.00625
1 0.115625 0.640625 0.0140625 0.0421875
0 0.115625 0.625 0.0046875 0.0046875
1 0.1265625 0.6359375 0.01875 0.0515625
0 0.1265625 0.615625 0.0046875 0.0078125
1 0.146875 0.6359375 0.0234375 0.0578125
0 0.140625 0.6125 0.00625 0.009375
1 0.0859375 0.5765625 0.0140625 0.034375
0 0.0890625 0.5640625 0.0046875 0.0046875
1 0.0953125 0.575 0.0140625 0.034375
0 0.0953125 0.5625 0.0046875 0.0046875
1 0.1109375 0.575 0.0140625 0.0328125
0 0.109375 0.5609375 0.0015625 0.003125
1 0.134375 0.571875 0.0140625 0.03125
0 0.13125 0.5609375 0.0046875 0.00625
1 0.153125 0.5484375 0.009375 0.025
0 0.1546875 0.5390625 0.0046875 0.003125
1 0.1625 0.534375 0.009375 0.0234375
0 0.1609375 0.525 0.0015625 0.003125
1 0.2015625 0.5515625 0.0109375 0.028125
0 0.2015625 0.540625 0.0046875 0.003125
1 0.171875 0.5828125 0.0140625 0.0375
0 0.175 0.5671875 0.0046875 0.0046875
1 0.18125 0.5828125 0.015625 0.0375
0 0.18125 0.5703125 0.0046875 0.00625
1 0.21875 0.584375 0.0140625 0.0359375
0 0.2171875 0.5703125 0.0015625 0.003125
1 0.228125 0.584375 0.009375 0.0375
0 0.228125 0.5703125 0.0046875 0.00625
1 0.1703125 0.625 0.0140625 0.03125
0 0.1671875 0.6140625 0.0046875 0.00625
1 0.2875 0.5265625 0.009375 0.0234375
0 0.2875 0.5171875 0.0015625 0.003125
1 0.2984375 0.6265625 0.01875 0.053125
0 0.3015625 0.6046875 0.009375 0.009375
1 0.3265625 0.6296875 0.01875 0.0375
0 0.325 0.6171875 0.0046875 0.0078125
1 0.35 0.646875 0.0234375 0.0421875
0 0.3515625 0.6328125 0.0046875 0.0078125
1 0.3546875 0.61875 0.0140625 0.0328125
0 0.3546875 0.6078125 0.0046875 0.00625
1 0.3671875 0.61875 0.0109375 0.03125
0 0.3671875 0.60625 0.0046875 0.003125
1 0.375 0.6203125 0.01875 0.034375
0 0.375 0.609375 0.0046875 0.0078125
1 0.384375 0.6203125 0.015625 0.034375
0 0.38125 0.6109375 0.0046875 0.003125
1 0.3890625 0.646875 0.028125 0.0421875
0 0.3890625 0.63125 0.0046875 0.0078125
1 0.4078125 0.6453125 0.0234375 0.0390625
0 0.4078125 0.63125 0.0046875 0.0078125
1 0.415625 0.6171875 0.01875 0.03125
0 0.4125 0.60625 0.0046875 0.003125
1 0.4296875 0.6453125 0.0265625 0.0421875
0 0.4296875 0.63125 0.0046875 0.009375
1 0.4484375 0.6171875 0.01875 0.0328125
0 0.45 0.6046875 0.0046875 0.0046875
1 0.459375 0.63125 0.0234375 0.03125
0 0.4640625 0.6203125 0.00625 0.00625
1 0.5046875 0.625 0.01875 0.0375
0 0.5015625 0.609375 0.0046875 0.0046875
1 0.525 0.621875 0.01875 0.0375
0 0.5234375 0.6109375 0.0046875 0.00625
1 0.5296875 0.640625 0.0234375 0.04375
0 0.5296875 0.625 0.00625 0.009375
1 0.5484375 0.640625 0.01875 0.04375
0 0.546875 0.6265625 0.0046875 0.00625
1 0.590625 0.6390625 0.015625 0.0421875
0 0.590625 0.625 0.0046875 0.0078125
1 0.6046875 0.6390625 0.0234375 0.0421875
0 0.6046875 0.6234375 0.0046875 0.0078125
1 0.5953125 0.6140625 0.01875 0.034375
0 0.5984375 0.6015625 0.0046875 0.00625
1 0.6265625 0.621875 0.0234375 0.0375
0 0.6203125 0.6078125 0.00625 0.009375
1 0.65 0.6359375 0.0234375 0.0421875
0 0.65 0.621875 0.0046875 0.009375
1 0.609375 0.6234375 0.015625 0.025
0 0.609375 0.6125 0.0046875 0.0046875
1 0.696875 0.5890625 0.0140625 0.0375
0 0.6984375 0.5734375 0.0046875 0.003125
1 0.734375 0.5890625 0.0140625 0.03125
0 0.734375 0.5765625 0.0046875 0.003125
1 0.80625 0.6953125 0.028125 0.0796875
0 0.8109375 0.6625 0.009375 0.009375
1 0.821875 0.7140625 0.0375 0.075
0 0.821875 0.6828125 0.009375 0.009375
1 0.871875 0.7171875 0.0421875 0.075
0 0.8703125 0.6890625 0.0140625 0.0140625
1 0.309375 0.7578125 0.03125 0.0390625
0 0.309375 0.7625 0.009375 0.0140625
1 0.3328125 0.759375 0.0328125 0.0375
0 0.33125 0.7515625 0.009375 0.015625
1 0.05625 0.546875 0.0140625 0.028125
0 0.0546875 0.5359375 0.0046875 0.003125
1 0 0.2171875 0 0
0 0.990625 0.5828125 0.009375 0.0078125