1 0.7875 0.5703125 0.3390625 0.75625
0 0.8140625 0.25625 0.103125 0.103125
1 0.975 0.2984375 0.04375 0.1828125
0 0.990625 0.221875 0.0125 0.028125
1 0.9375 0.296875 0.06875 0.178125
0 0.946875 0.221875 0.01875 0.025
1 0.73125 0.40625 0.1890625 0.4609375
0 0.7484375 0.2140625 0.059375 0.0703125
1 0.684375 0.2546875 0.0484375 0.1390625
0 0.6890625 0.1953125 0.0140625 0.0140625
1 0.65625 0.246875 0.03125 0.096875
0 0.659375 0.2046875 0.009375 0.009375
1 0.6203125 0.24375 0.0359375 0.1140625
0 0.6203125 0.1953125 0.0125 0.015625
1 0.634375 0.228125 0.034375 0.0953125
0 0.63125 0.190625 0.0125 0.0171875
1 0.421875 0.4859375 0.2453125 0.684375
0 0.4 0.1921875 0.0796875 0.0875
1 0.5671875 0.3859375 0.1890625 0.46875
0 0.571875 0.1859375 0.0515625 0.065625
1 0.540625 0.3046875 0.153125 0.365625
0 0.5578125 0.14375 0.0375 0.0421875
1 0.48125 0.2859375 0.0859375 0.275
0 0.4828125 0.1625 0.0203125 0.0234375
1 0.296875 0.2953125 0.171875 0.346875
0 0.315625 0.146875 0.0375 0.05
1 0.34375 0.28125 0.121875 0.2828125
0 0.346875 0.165625 0.034375 0.0453125
1 0.1234375 0.4671875 0.246875 0.7796875
0 0.134375 0.15625 0.0890625 0.1
1 0.0984375 0.3984375 0.196875 0.6046875
0 0.1171875 0.14375 0.06875 0.075