1 0.946875 0.6015625 0.0984375 0.2390625
0 0.978125 0.509375 0.0234375 0.0234375
1 0.75625 0.575 0.103125 0.1734375
0 0.75 0.50625 0.0234375 0.025
1 0.646875 0.5453125 0.028125 0.075
0 0.653125 0.515625 0.009375 0.0109375
1 0.521875 0.5609375 0.0515625 0.159375
0 0.525 0.4953125 0.01875 0.0234375
1 0.4171875 0.5375 0.0140625 0.053125
0 0.41875 0.5140625 0.00625 0.0078125
1 0.3515625 0.6078125 0.15 0.3390625
0 0.390625 0.46875 0.0375 0.0453125
1 0.3671875 0.59375 0.1375 0.2828125
0 0.3578125 0.4703125 0.0328125 0.028125
1 0.1734375 0.534375 0.0328125 0.0640625
0 0.1703125 0.5109375 0.009375 0.009375
1 0.0546875 0.553125 0.05 0.1265625
0 0.0515625 0.5046875 0.0203125 0.015625
1 0.0234375 0.553125 0.04375 0.14375
0 0.0125 0.490625 0.01875 0.015625
1 0.0765625 0.5359375 0.0359375 0.084375
0 0.0703125 0.503125 0.0109375 0.009375
1 0.321875 0.5359375 0.05 0.0734375
0 0.325 0.5078125 0.0109375 0.0109375