1 0.771875 0.625 0.1765625 0.2703125
0 0.78125 0.5234375 0.05 0.0625
1 0.865625 0.5453125 0.121875 0.378125
0 0.865625 0.3859375 0.0484375 0.0546875
1 0.8953125 0.51875 0.128125 0.3875
0 0.9 0.353125 0.0453125 0.0515625
1 0.721875 0.5015625 0.115625 0.371875
0 0.7203125 0.35 0.0375 0.059375
1 0.771875 0.4890625 0.1109375 0.3484375
0 0.78125 0.3453125 0.0375 0.05625
1 0.6390625 0.5359375 0.128125 0.3234375
0 0.615625 0.40625 0.0390625 0.0546875
1 0.6296875 0.496875 0.121875 0.334375
0 0.6390625 0.359375 0.0375 0.0515625
1 0.6140625 0.6421875 0.175 0.271875
0 0.60625 0.5453125 0.0515625 0.06875
1 0.5109375 0.6109375 0.13125 0.275
0 0.5015625 0.5078125 0.0421875 0.0609375
1 0.53125 0.51875 0.10625 0.340625
0 0.528125 0.378125 0.040625 0.053125
1 0.55625 0.490625 0.11875 0.35
0 0.56875 0.340625 0.0390625 0.0453125
1 0.384375 0.490625 0.1515625 0.35
0 0.3890625 0.3515625 0.04375 0.0625
1 0.40625 0.584375 0.14375 0.2625
0 0.3921875 0.4875 0.0484375 0.0609375
1 0.3640625 0.6203125 0.178125 0.30625
0 0.3390625 0.5140625 0.0515625 0.0609375
1 0.234375 0.6296875 0.175 0.3
0 0.246875 0.5171875 0.046875 0.0625
1 0.109375 0.565625 0.215625 0.4265625
0 0.15625 0.3953125 0.059375 0.0796875
1 0.1015625 0.5375 0.1734375 0.46875
0 0.1234375 0.3390625 0.0515625 0.059375
1 0.171875 0.5109375 0.2640625 0.425
0 0.19375 0.334375 0.05 0.065625
1 0.25625 0.509375 0.1265625 0.40625
0 0.2640625 0.340625 0.0515625 0.0625
1 0.29375 0.48125 0.125 0.38125
0 0.30625 0.325 0.0390625 0.05625