1 0.090625 0.6171875 0.1734375 0.3203125
0 0.0546875 0.490625 0.059375 0.0515625
1 0.3234375 0.6140625 0.21875 0.3265625
0 0.3265625 0.4921875 0.0546875 0.0734375
1 0.4515625 0.615625 0.121875 0.321875
0 0.4609375 0.484375 0.0421875 0.04375
1 0.5515625 0.6328125 0.1578125 0.2890625
0 0.540625 0.5234375 0.05 0.0484375
1 0.88125 0.6375 0.23125 0.278125
0 0.8796875 0.478125 0.0328125 0.0375
1 0.365625 0.575 0.103125 0.2890625
0 0.35625 0.4578125 0.0375 0.04375
1 0.871875 0.6109375 0.1296875 0.33125
0 0.8796875 0.471875 0.0375 0.04375
1 0.9296875 0.6375 0.1046875 0.278125
0 0.9265625 0.53125 0.0453125 0.05625
1 0.9453125 0.5640625 0.0875 0.2640625
0 0.975 0.45625 0.028125 0.0296875
1 0.8390625 0.58125 0.1265625 0.3734375
0 0.8171875 0.428125 0.0421875 0.05625
1 0.7875 0.5859375 0.1078125 0.303125
0 0.78125 0.465625 0.0328125 0.034375
1 0.715625 0.603125 0.0859375 0.2921875
0 0.7296875 0.4828125 0.0375 0.0375
1 0.4859375 0.5796875 0.08125 0.2921875
0 0.478125 0.4609375 0.0375 0.0375
1 0.440625 0.5046875 0.0421875 0.1375
0 0.4453125 0.4515625 0.0203125 0.0203125
1 0.3875 0.4859375 0.0234375 0.0796875
0 0.3890625 0.45625 0.0140625 0.0140625
1 0.3984375 0.4609375 0.0140625 0.046875
0 0.3953125 0.446875 0.00625 0.009375
1 0.5296875 0.5265625 0.0734375 0.2
0 0.5265625 0.4453125 0.0234375 0.025
1 0.6125 0.546875 0.0875 0.234375
0 0.6078125 0.4453125 0.0234375 0.0234375
1 0.6515625 0.5375 0.0515625 0.1765625
0 0.6546875 0.4640625 0.0203125 0.028125
1 0.634375 0.51875 0.05 0.1578125
0 0.634375 0.4578125 0.015625 0.0234375
1 0.6890625 0.5546875 0.0671875 0.2109375
0 0.6890625 0.4671875 0.01875 0.0234375
1 0.7984375 0.553125 0.1078125 0.2875
0 0.79375 0.4265625 0.028125 0.03125