1 0.55 0.5 0.0140625 0.0359375
0 0.553125 0.4859375 0.0046875 0.0046875
1 0.584375 0.5 0.0109375 0.0328125
0 0.5859375 0.4890625 0.0046875 0.0046875
1 0.6 0.5 0.0125 0.0328125
0 0.6015625 0.4875 0.0046875 0.0046875
1 0.6359375 0.5109375 0.015625 0.0265625
0 0.6359375 0.503125 0.00625 0.00625
1 0.959375 0.5484375 0.0296875 0.078125
0 0.9578125 0.515625 0.009375 0.009375
1 0.965625 0.5328125 0.01875 0.046875
0 0.965625 0.5171875 0.009375 0.009375
1 0.825 0.546875 0.0328125 0.0609375
0 0.8140625 0.5234375 0.009375 0.009375
1 0.80625 0.5421875 0.0296875 0.0578125
0 0.8125 0.525 0.00625 0.00625
1 0.775 0.5578125 0.0328125 0.0984375
0 0.7734375 0.51875 0.0140625 0.0140625
1 0.7515625 0.55625 0.040625 0.09375
0 0.75 0.51875 0.0109375 0.0140625