1 0.7390625 0.5015625 0.265625 0.7046875
0 0.740625 0.209375 0.0828125 0.0984375
1 0.58125 0.4921875 0.13125 0.4671875
0 0.5734375 0.309375 0.0546875 0.0625
1 0.5140625 0.4921875 0.23125 0.6765625
0 0.55 0.2265625 0.08125 0.09375
1 0.4328125 0.4625 0.0875 0.325
0 0.425 0.3296875 0.0234375 0.0265625
1 0.3875 0.5015625 0.109375 0.446875
0 0.390625 0.3203125 0.0546875 0.059375
1 0.328125 0.46875 0.1109375 0.2515625
0 0.3375 0.365625 0.0359375 0.0375
1 0.275 0.465625 0.0703125 0.215625
0 0.2703125 0.384375 0.0265625 0.028125
1 0.234375 0.471875 0.1078125 0.296875
0 0.2265625 0.3484375 0.04375 0.0421875
1 0.1875 0.4671875 0.065625 0.1953125
0 0.184375 0.3859375 0.0265625 0.0296875
1 0.115625 0.4828125 0.14375 0.334375
0 0.1109375 0.340625 0.0453125 0.0453125