1 0.06875 0.6375 0.1328125 0.46875
0 0.096875 0.4484375 0.065625 0.078125
1 0.1125 0.6171875 0.221875 0.509375
0 0.15 0.409375 0.0640625 0.075
1 0.2609375 0.6375 0.14375 0.4703125
0 0.2796875 0.440625 0.059375 0.0671875
1 0.31875 0.50625 0.0390625 0.090625
0 0.3109375 0.46875 0.0109375 0.0125
1 0.4 0.6421875 0.153125 0.4609375
0 0.4171875 0.4484375 0.04375 0.06875
1 0.50625 0.625 0.14375 0.49375
0 0.490625 0.4203125 0.0515625 0.06875
1 0.5640625 0.6359375 0.1546875 0.471875
0 0.5984375 0.440625 0.0515625 0.06875
1 0.659375 0.615625 0.2109375 0.5140625
0 0.7015625 0.4 0.053125 0.075
1 0.7875 0.6390625 0.13125 0.465625
0 0.79375 0.446875 0.053125 0.06875
1 0.9171875 0.628125 0.159375 0.4875
0 0.8765625 0.4234375 0.0609375 0.071875