1 0.1359375 0.6015625 0.109375 0.21875
0 0.153125 0.509375 0.0234375 0.0296875
1 0.4234375 0.5265625 0.0265625 0.1
0 0.4234375 0.4859375 0.0140625 0.0140625
1 0.459375 0.53125 0.0234375 0.075
0 0.459375 0.503125 0.0109375 0.009375
1 0.4734375 0.53125 0.0453125 0.0796875
0 0.4796875 0.503125 0.0109375 0.0125
1 0.55625 0.540625 0.0390625 0.1265625
0 0.5609375 0.4921875 0.015625 0.01875
1 0.5828125 0.5328125 0.040625 0.121875
0 0.5828125 0.4828125 0.0140625 0.015625
1 0.7 0.575 0.05625 0.159375
0 0.696875 0.5078125 0.01875 0.021875
1 0.6796875 0.5671875 0.0421875 0.1359375
0 0.6828125 0.509375 0.01875 0.01875
1 0.7140625 0.578125 0.028125 0.1078125
0 0.71875 0.534375 0.0140625 0.0140625
1 0.840625 0.5703125 0.065625 0.1546875
0 0.8484375 0.5078125 0.01875 0.0234375
1 0.934375 0.5859375 0.075 0.175
0 0.9359375 0.5125 0.021875 0.0265625
1 0.8921875 0.5640625 0.0328125 0.05625
0 0.896875 0.5453125 0.009375 0.0140625