1 0.8734375 0.4609375 0.0703125 0.134375
0 0.8765625 0.4078125 0.01875 0.021875
1 0.725 0.6765625 0.115625 0.13125
0 0.7359375 0.63125 0.025 0.0359375
1 0.6984375 0.6765625 0.065625 0.1296875
0 0.703125 0.6359375 0.01875 0.028125
1 0.384375 0.4765625 0.059375 0.121875
0 0.3796875 0.4265625 0.0171875 0.01875
1 0.3265625 0.4671875 0.0609375 0.1265625
0 0.3234375 0.4171875 0.0171875 0.01875
1 0.2796875 0.46875 0.0671875 0.125
0 0.2828125 0.421875 0.01875 0.01875
1 0.3203125 0.4625 0.065625 0.1359375
0 0.315625 0.40625 0.015625 0.015625
1 0.315625 0.459375 0.04375 0.1265625
0 0.3171875 0.4078125 0.015625 0.0171875