1 0.16875 0.6453125 0.096875 0.21875
0 0.1734375 0.55625 0.025 0.0375
1 0.2265625 0.646875 0.084375 0.228125
0 0.2078125 0.5546875 0.028125 0.0375
1 0.3328125 0.621875 0.0890625 0.1953125
0 0.3359375 0.5421875 0.025 0.0328125
1 0.4015625 0.6296875 0.0625 0.1859375
0 0.40625 0.5546875 0.025 0.0296875
1 0.4390625 0.63125 0.0625 0.2015625
0 0.4328125 0.5515625 0.0234375 0.03125
1 0.53125 0.6234375 0.0828125 0.203125
0 0.5359375 0.540625 0.025 0.03125
1 0.5796875 0.63125 0.0734375 0.2
0 0.5828125 0.553125 0.025 0.0296875
1 0.6875 0.603125 0.0640625 0.1609375
0 0.69375 0.5375 0.01875 0.021875
1 0.7171875 0.6265625 0.05625 0.15625
0 0.71875 0.5640625 0.0171875 0.0234375
1 0.7296875 0.6125 0.0484375 0.153125
0 0.7328125 0.5515625 0.021875 0.021875
1 0.7640625 0.621875 0.071875 0.146875
0 0.759375 0.5625 0.0203125 0.0234375
1 0.784375 0.6 0.065625 0.1640625
0 0.7859375 0.5328125 0.0171875 0.0234375
1 0.81875 0.6046875 0.0625 0.165625
0 0.83125 0.5375 0.0234375 0.0234375
1 0.8859375 0.5984375 0.06875 0.1734375
0 0.884375 0.528125 0.021875 0.0234375
1 0.925 0.5984375 0.0546875 0.1484375
0 0.9265625 0.540625 0.0171875 0.0234375
1 0 0.165625 0 0
0 0.9640625 0.5234375 0.0171875 0.0234375