1 0 0.2171875 0 0
0 0.9265625 0.55625 0.028125 0.028125
1 0.95 0.5984375 0.0921875 0.0984375
0 0.9421875 0.5671875 0.0203125 0.025
1 0.9265625 0.5984375 0.0703125 0.0984375
0 0.9390625 0.565625 0.01875 0.0203125
1 0.8828125 0.60625 0.0484375 0.1171875
0 0.8890625 0.5578125 0.0171875 0.01875
1 0.84375 0.596875 0.0625 0.1609375
0 0.8578125 0.525 0.0140625 0.01875
1 0.8375 0.590625 0.0515625 0.20625
0 0.853125 0.5015625 0.0234375 0.0265625
1 0.703125 0.5859375 0.046875 0.08125
0 0.7 0.5546875 0.015625 0.015625
1 0.615625 0.5671875 0.0484375 0.1078125
0 0.6203125 0.51875 0.0125 0.0140625
1 0.5921875 0.5484375 0.0203125 0.05625
0 0.5921875 0.5234375 0.00625 0.00625
1 0.540625 0.5640625 0.0328125 0.096875
0 0.54375 0.5234375 0.0125 0.0140625
1 0.528125 0.5515625 0.025 0.0703125
0 0.5296875 0.521875 0.0078125 0.009375
1 0.5109375 0.546875 0.0171875 0.05625
0 0.5109375 0.5234375 0.0046875 0.00625
1 0.496875 0.5484375 0.0203125 0.0609375
0 0.5 0.5234375 0.00625 0.00625
1 0.4703125 0.56875 0.05 0.1640625
0 0.4734375 0.5015625 0.01875 0.01875
1 0.4140625 0.6140625 0.1046875 0.2796875
0 0.415625 0.496875 0.0375 0.040625
1 0.35625 0.5390625 0.0375 0.109375
0 0.3578125 0.496875 0.0140625 0.0171875
1 0.2890625 0.56875 0.0546875 0.1875
0 0.2890625 0.496875 0.028125 0.0375
1 0.33125 0.6296875 0.071875 0.2265625
0 0.340625 0.53125 0.028125 0.0265625
1 0.2171875 0.60625 0.3 0.3421875
0 0.2578125 0.475 0.08125 0.0890625
1 0.0703125 0.6140625 0.1359375 0.3265625
0 0.0703125 0.484375 0.0421875 0.0515625
1 0.1109375 0.559375 0.0421875 0.1453125
0 0.1125 0.5 0.01875 0.021875