1 0.1109375 0.534375 0.2 0.3734375
0 0.09375 0.3859375 0.04375 0.059375
1 0.2578125 0.546875 0.1546875 0.428125
0 0.25 0.3734375 0.0484375 0.059375
1 0.290625 0.4953125 0.153125 0.321875
0 0.2640625 0.3625 0.040625 0.05
1 0.5 0.5484375 0.11875 0.3234375
0 0.4953125 0.415625 0.0421875 0.04375
1 0.640625 0.5203125 0.115625 0.26875
0 0.6578125 0.4125 0.0296875 0.0375
1 0.76875 0.5109375 0.1 0.2171875
0 0.771875 0.4234375 0.028125 0.0265625
1 0.80625 0.4921875 0.0859375 0.20625
0 0.809375 0.409375 0.028125 0.03125
1 0.85625 0.48125 0.0703125 0.190625
0 0.8515625 0.4015625 0.021875 0.028125
1 0.9296875 0.4859375 0.071875 0.15
0 0.928125 0.4234375 0.0140625 0.01875
1 0.8953125 0.471875 0.040625 0.10625
0 0.9 0.428125 0.0140625 0.0140625
1 0.54375 0.471875 0.0515625 0.146875
0 0.5390625 0.409375 0.015625 0.015625
1 0.5234375 0.46875 0.034375 0.125
0 0.525 0.41875 0.0125 0.0171875