1 0 0.2171875 0 0
0 0.9796875 0.6359375 0.0140625 0.01875
1 0.7953125 0.696875 0.0265625 0.0671875
0 0.7953125 0.6671875 0.0078125 0.0078125
1 0.7703125 0.6953125 0.025 0.0734375
0 0.7703125 0.665625 0.009375 0.009375
1 0.7328125 0.684375 0.053125 0.1546875
0 0.725 0.61875 0.01875 0.01875
1 0.6578125 0.6796875 0.0625 0.165625
0 0.6625 0.6109375 0.021875 0.0234375
1 0.6234375 0.6953125 0.0203125 0.0484375
0 0.6296875 0.6765625 0.009375 0.0078125
1 0.5953125 0.6828125 0.040625 0.1140625
0 0.59375 0.6359375 0.0140625 0.0140625
1 0.5140625 0.6953125 0.0203125 0.0625
0 0.515625 0.671875 0.009375 0.009375
1 0.503125 0.6953125 0.01875 0.0609375
0 0.5046875 0.6703125 0.00625 0.0078125
1 0.49375 0.6953125 0.0234375 0.0640625
0 0.49375 0.66875 0.00625 0.00625
1 0.4890625 0.69375 0.0203125 0.065625
0 0.4921875 0.6671875 0.0078125 0.0078125
1 0.4734375 0.7 0.015625 0.0421875
0 0.4734375 0.68125 0.0046875 0.0046875
1 0.4609375 0.7 0.0140625 0.0375
0 0.4640625 0.6875 0.0046875 0.00625
1 0.45625 0.7125 0.028125 0.028125
0 0.4578125 0.703125 0.00625 0.00625
1 0.4234375 0.70625 0.0328125 0.0421875
0 0.425 0.684375 0.00625 0.00625