1 0.9859375 0.6625 0.021875 0.0515625
0 0.9890625 0.6453125 0.0109375 0.0125
1 0.89375 0.6421875 0.025 0.059375
0 0.8953125 0.6203125 0.009375 0.0109375
1 0.859375 0.640625 0.025 0.0625
0 0.85625 0.6171875 0.0109375 0.0109375
1 0.684375 0.6546875 0.03125 0.1
0 0.6828125 0.6140625 0.0140625 0.0171875
1 0.3796875 0.66875 0.0546875 0.109375
0 0.371875 0.6296875 0.0140625 0.0171875
1 0.340625 0.646875 0.0390625 0.1140625
0 0.346875 0.6015625 0.0140625 0.0171875
1 0.20625 0.7125 0.146875 0.2328125
0 0.184375 0.671875 0.01875 0.0265625
1 0.16875 0.7578125 0.0546875 0.13125
0 0.171875 0.7078125 0.021875 0.0234375
1 0.178125 0.7234375 0.0515625 0.1359375
0 0.1828125 0.6703125 0.0171875 0.0234375
1 0.1078125 0.6875 0.075 0.2296875
0 0.11875 0.6 0.03125 0.0328125
1 0.0515625 0.6875 0.1 0.284375
0 0.059375 0.58125 0.0453125 0.0578125
1 0.275 0.6546875 0.2453125 0.3484375
0 0.2890625 0.55 0.075 0.09375
1 0.503125 0.646875 0.234375 0.3640625
0 0.490625 0.51875 0.071875 0.0984375
1 0.7640625 0.653125 0.2046875 0.3546875
0 0.7296875 0.5296875 0.0734375 0.1