1 0.05 0.5421875 0.028125 0.0890625
0 0.0515625 0.5078125 0.0109375 0.0125
1 0.078125 0.5375 0.0296875 0.0765625
0 0.078125 0.50625 0.0078125 0.0109375
1 0.1015625 0.525 0.025 0.06875
0 0.1015625 0.496875 0.00625 0.009375
1 0.1109375 0.6421875 0.2109375 0.2359375
0 0.14375 0.5484375 0.0390625 0.0453125
1 0.19375 0.609375 0.1625 0.3015625
0 0.1875 0.490625 0.0484375 0.0609375
1 0.2765625 0.6328125 0.0890625 0.2328125
0 0.2875 0.534375 0.028125 0.0296875
1 0.2671875 0.60625 0.0765625 0.203125
0 0.284375 0.5171875 0.0203125 0.0234375
1 0.3109375 0.5859375 0.04375 0.146875
0 0.3078125 0.525 0.0171875 0.0203125
1 0.271875 0.5609375 0.0328125 0.1265625
0 0.271875 0.509375 0.0140625 0.015625
1 0.34375 0.5640625 0.0359375 0.121875
0 0.3421875 0.5140625 0.0140625 0.0203125
1 0.3171875 0.5625 0.0359375 0.1140625
0 0.31875 0.515625 0.0140625 0.01875
1 0.3265625 0.55625 0.0359375 0.1328125
0 0.3265625 0.50625 0.0140625 0.0140625
1 0.359375 0.55 0.034375 0.0953125
0 0.3609375 0.5109375 0.0140625 0.015625
1 0.3890625 0.5640625 0.0765625 0.121875
0 0.4 0.5171875 0.0171875 0.0234375
1 0.425 0.621875 0.0875 0.2265625
0 0.425 0.528125 0.0328125 0.034375
1 0.465625 0.6125 0.10625 0.29375
0 0.4703125 0.4953125 0.0359375 0.046875
1 0.5046875 0.6171875 0.0734375 0.2734375
0 0.5234375 0.509375 0.025 0.028125
1 0.521875 0.609375 0.0578125 0.234375
0 0.5234375 0.509375 0.021875 0.0328125
1 0.5640625 0.634375 0.103125 0.2515625
0 0.5734375 0.53125 0.0265625 0.04375
1 0.5921875 0.6328125 0.084375 0.2546875
0 0.59375 0.5296875 0.03125 0.0421875
1 0.5796875 0.590625 0.065625 0.2234375
0 0.5828125 0.4984375 0.025 0.034375
1 0.6390625 0.6171875 0.1078125 0.284375
0 0.634375 0.4984375 0.0359375 0.04375
1 0.6921875 0.621875 0.1046875 0.2765625
0 0.69375 0.509375 0.0359375 0.046875
1 0.7796875 0.621875 0.1703125 0.2765625
0 0.8015625 0.509375 0.04375 0.053125
1 0.884375 0.63125 0.0953125 0.2578125
0 0.8828125 0.5265625 0.0328125 0.0453125
1 0.9234375 0.6359375 0.1453125 0.2484375
0 0.9171875 0.534375 0.0390625 0.04375
1 0.953125 0.6203125 0.0875 0.28125
0 0.9453125 0.496875 0.025 0.0359375
1 0.96875 0.6234375 0.05625 0.2578125
0 0.978125 0.515625 0.0296875 0.0359375
1 0.88125 0.6140625 0.071875 0.271875
0 0.8875 0.5015625 0.0328125 0.0359375
1 0.740625 0.63125 0.0703125 0.2515625
0 0.740625 0.528125 0.0296875 0.0359375
1 0.1375 0.528125 0.025 0.0609375
0 0.1390625 0.5015625 0.00625 0.0078125
1 0.159375 0.528125 0.021875 0.0546875
0 0.1609375 0.5078125 0.009375 0.009375
1 0.2078125 0.5453125 0.0359375 0.0875
0 0.2078125 0.509375 0.0125 0.0140625
1 0.303125 0.553125 0.028125 0.1078125
0 0.3 0.5125 0.0109375 0.0109375
1 0.95 0.5734375 0.0546875 0.203125
0 0.946875 0.4953125 0.0265625 0.0359375