1 0.04375 0.4484375 0.0859375 0.3515625
0 0.0109375 0.3015625 0.01875 0.0390625
1 0.0171875 0.3703125 0.0328125 0.14375
0 0.0046875 0.3078125 0.00625 0.015625
1 0.0296875 0.35625 0.05625 0.1484375
0 0.01015625 0.30078125 0.0203125 0.0265625
1 0.059375 0.384375 0.1 0.196875
0 0.0734375 0.315625 0.0375 0.05
1 0.09375 0.4109375 0.153125 0.2515625
0 0.071875 0.3109375 0.0390625 0.05
1 0.0859375 0.346875 0.0703125 0.1484375
0 0.0828125 0.2796875 0.021875 0.0125
1 0.128125 0.3703125 0.096875 0.1859375
0 0.115625 0.29375 0.028125 0.0296875
1 0.234375 0.4609375 0.159375 0.3625
0 0.203125 0.3140625 0.0546875 0.0640625
1 0.25 0.4015625 0.1125 0.25625
0 0.221875 0.29375 0.0359375 0.0421875
1 0.3171875 0.4671875 0.2015625 0.38125
0 0.2703125 0.3171875 0.053125 0.0703125
1 0.340625 0.40625 0.19375 0.2671875
0 0.334375 0.2875 0.0421875 0.028125
1 0.446875 0.371875 0.084375 0.196875
0 0.434375 0.278125 0.0265625 0.009375
1 0.54375 0.41875 0.1765625 0.2921875
0 0.55 0.2890625 0.0296875 0.03125
1 0.5625 0.4078125 0.109375 0.26875
0 0.55 0.2875 0.0296875 0.0296875
1 0.59375 0.5125 0.2390625 0.3921875
0 0.56875 0.3640625 0.0640625 0.084375
1 0.6421875 0.3796875 0.1015625 0.2140625
0 0.6296875 0.28125 0.0296875 0.015625
1 0.746875 0.3875 0.159375 0.2296875
0 0.7265625 0.28125 0.0328125 0.015625
1 0.8 0.3484375 0.078125 0.15
0 0.825 0.2796875 0.0265625 0.0125
1 0.85 0.4 0.125 0.253125
0 0.8546875 0.28125 0.0359375 0.015625
1 0.953125 0.425 0.090625 0.303125
0 0.9765625 0.284375 0.0421875 0.021875
1 0.965625 0.4703125 0.065625 0.39375
0 0.9875 0.284375 0.0203125 0.021875
1 0.6640625 0.3609375 0.0640625 0.175
0 0.665625 0.278125 0.01875 0.009375