1 0.9484375 0.66875 0.1 0.1921875
0 0.9359375 0.59375 0.03125 0.0359375
1 0.8765625 0.584375 0.0828125 0.15625
0 0.86875 0.525 0.025 0.0296875
1 0.834375 0.653125 0.1015625 0.1578125
0 0.8328125 0.6 0.028125 0.0359375
1 0.7140625 0.7046875 0.1515625 0.2140625
0 0.7 0.621875 0.03125 0.0390625
1 0.7859375 0.5578125 0.0609375 0.11875
0 0.7859375 0.515625 0.021875 0.025
1 0.7984375 0.509375 0.06875 0.1296875
0 0.7921875 0.4640625 0.021875 0.0265625
1 0.8328125 0.4671875 0.0734375 0.1171875
0 0.81875 0.4234375 0.01875 0.021875
1 0.7671875 0.409375 0.05 0.1609375
0 0.7671875 0.34375 0.0171875 0.021875
1 0.7734375 0.4703125 0.053125 0.09375
0 0.7703125 0.4421875 0.01875 0.0234375
1 0.7359375 0.5078125 0.065625 0.115625
0 0.7328125 0.4671875 0.0234375 0.0234375
1 0.715625 0.4578125 0.0578125 0.1046875
0 0.709375 0.421875 0.015625 0.021875
1 0.728125 0.553125 0.06875 0.128125
0 0.725 0.509375 0.0203125 0.028125
1 0.6765625 0.6109375 0.0984375 0.165625
0 0.66875 0.5515625 0.028125 0.034375
1 0.60625 0.6046875 0.08125 0.1296875
0 0.603125 0.559375 0.025 0.0296875
1 0.653125 0.5640625 0.06875 0.125
0 0.6484375 0.51875 0.01875 0.028125
1 0.671875 0.509375 0.059375 0.128125
0 0.675 0.4640625 0.0203125 0.025
1 0.6609375 0.4578125 0.05 0.0984375
0 0.6625 0.4234375 0.015625 0.01875
1 0.634375 0.415625 0.05 0.1359375
0 0.634375 0.3609375 0.0171875 0.0203125
1 0.621875 0.4578125 0.053125 0.1046875
0 0.63125 0.4234375 0.015625 0.0234375
1 0.6078125 0.5171875 0.0640625 0.1328125
0 0.6 0.4703125 0.0203125 0.0234375
1 0.5671875 0.4734375 0.05 0.1125
0 0.565625 0.43125 0.01875 0.01875
1 0.5625 0.525 0.05625 0.11875
0 0.56875 0.4796875 0.0203125 0.0203125
1 0.5171875 0.609375 0.096875 0.178125
0 0.528125 0.5453125 0.028125 0.0359375
1 0.490625 0.5875 0.0546875 0.115625
0 0.4890625 0.546875 0.0234375 0.0296875
1 0.5 0.534375 0.0515625 0.121875
0 0.4984375 0.490625 0.0171875 0.021875
1 0.5234375 0.4640625 0.04375 0.1015625
0 0.521875 0.4296875 0.01875 0.021875
1 0.578125 0.4140625 0.05 0.1421875
0 0.5765625 0.359375 0.01875 0.0234375
1 0.546875 0.415625 0.0390625 0.1046875
0 0.55 0.3796875 0.0171875 0.0203125
1 0.5203125 0.428125 0.05 0.1515625
0 0.5203125 0.3671875 0.015625 0.0203125
1 0.490625 0.509375 0.05 0.1171875
0 0.4859375 0.46875 0.0171875 0.01875
1 0.440625 0.578125 0.0765625 0.134375
0 0.45 0.528125 0.021875 0.025
1 0.39375 0.55625 0.0703125 0.1453125
0 0.4 0.503125 0.0203125 0.0234375
1 0.4140625 0.5484375 0.04375 0.1140625
0 0.4109375 0.5078125 0.0171875 0.0203125
1 0.440625 0.5234375 0.0484375 0.1171875
0 0.4359375 0.48125 0.01875 0.021875
1 0.4 0.5203125 0.0453125 0.1078125
0 0.4046875 0.484375 0.0171875 0.021875
1 0.4453125 0.503125 0.0625 0.11875
0 0.4515625 0.4578125 0.015625 0.021875
1 0.4796875 0.46875 0.0484375 0.103125
0 0.48125 0.43125 0.015625 0.0203125
1 0.4390625 0.4796875 0.05625 0.1078125
0 0.43125 0.4421875 0.0171875 0.0203125
1 0.4765625 0.4234375 0.0453125 0.1296875
0 0.475 0.3734375 0.015625 0.0171875
1 0.4421875 0.43125 0.053125 0.128125
0 0.4453125 0.384375 0.015625 0.0171875
1 0.378125 0.4765625 0.040625 0.109375
0 0.3796875 0.4375 0.0171875 0.021875
1 0.365625 0.503125 0.0578125 0.125
0 0.3640625 0.459375 0.01875 0.025
1 0.340625 0.546875 0.0859375 0.128125
0 0.346875 0.503125 0.021875 0.025
1 0.35 0.4328125 0.05625 0.1328125
0 0.35 0.3796875 0.0140625 0.0171875
1 0.3125 0.5 0.0453125 0.096875
0 0.3078125 0.46875 0.01875 0.025
1 0.2953125 0.446875 0.053125 0.134375
0 0.3 0.3953125 0.015625 0.01875
1 0.28125 0.5484375 0.075 0.1234375
0 0.2890625 0.5125 0.021875 0.0296875
1 0.259375 0.6296875 0.103125 0.1484375
0 0.2765625 0.5734375 0.0203125 0.025
1 0.23125 0.6328125 0.06875 0.134375
0 0.2453125 0.5890625 0.0234375 0.0328125
1 0.1984375 0.6046875 0.08125 0.15
0 0.2046875 0.55 0.025 0.03125
1 0.240625 0.5453125 0.059375 0.115625
0 0.240625 0.5046875 0.021875 0.0265625
1 0.2703125 0.5125 0.0515625 0.1
0 0.2734375 0.4796875 0.0171875 0.021875
1 0.2484375 0.4921875 0.05625 0.1015625
0 0.25 0.45625 0.0171875 0.0203125
1 0.1921875 0.4921875 0.06875 0.1015625
0 0.2015625 0.45625 0.0171875 0.021875
1 0.1828125 0.5578125 0.1046875 0.1265625
0 0.1875 0.5125 0.0234375 0.028125
1 0.1203125 0.6515625 0.121875 0.18125
0 0.1359375 0.584375 0.025 0.0328125
1 0.053125 0.596875 0.0921875 0.128125
0 0.075 0.5546875 0.0265625 0.0328125
1 0.1015625 0.596875 0.1171875 0.125
0 0.1203125 0.5515625 0.0234375 0.021875
1 0.1359375 0.5515625 0.075 0.1203125
0 0.1203125 0.5078125 0.01875 0.0265625
1 0.0640625 0.559375 0.0828125 0.10625
0 0.065625 0.521875 0.0265625 0.0265625
1 0.1265625 0.515625 0.053125 0.0984375
0 0.13125 0.4828125 0.015625 0.0203125
1 0.06875 0.5125 0.0828125 0.115625
0 0.0765625 0.4734375 0.01875 0.021875
1 0.040625 0.4921875 0.03125 0.08125
0 0.0328125 0.4640625 0.009375 0.0109375
1 0.021875 0.4890625 0.0328125 0.0890625
0 0.025 0.4546875 0.0140625 0.0140625