1 0.3578125 0.5359375 0.3140625 0.584375
0 0.3125 0.3078125 0.090625 0.1171875
1 0.571875 0.496875 0.2015625 0.48125
0 0.5578125 0.2953125 0.0515625 0.0640625
1 0.815625 0.3890625 0.0953125 0.23125
0 0.815625 0.2984375 0.0265625 0.028125
1 0.7578125 0.375 0.08125 0.2046875
0 0.75625 0.29375 0.0265625 0.03125
1 0.8453125 0.3609375 0.0890625 0.2109375
0 0.8578125 0.2703125 0.025 0.028125
1 0.9 0.3390625 0.059375 0.1609375
0 0.9 0.271875 0.015625 0.0203125
1 0.896875 0.3234375 0.04375 0.1453125
0 0.9 0.265625 0.015625 0.021875
1 0.946875 0.2828125 0.0546875 0.125
0 0.9515625 0.2328125 0.0140625 0.015625
1 0.975 0.2765625 0.0390625 0.103125
0 0.9703125 0.2328125 0.0109375 0.0140625
1 0.9859375 0.25 0.01875 0.0828125
0 0.990625 0.21875 0.009375 0.0125