1 0.1578125 0.5390625 0.209375 0.48125
0 0.1359375 0.3625 0.06875 0.075
1 0.2078125 0.4875 0.14375 0.36875
0 0.184375 0.33125 0.0421875 0.0546875
1 0.36875 0.4875 0.1640625 0.4015625
0 0.3671875 0.328125 0.0453125 0.0578125
1 0.521875 0.471875 0.1171875 0.33125
0 0.5265625 0.34375 0.0390625 0.0515625
1 0.7015625 0.5359375 0.184375 0.4859375
0 0.690625 0.2984375 0.071875 0.0890625
1 0.65625 0.478125 0.1171875 0.340625
0 0.6515625 0.3375 0.0375 0.046875
1 0.8234375 0.484375 0.159375 0.3640625
0 0.8625 0.340625 0.0421875 0.0578125